725,1,3,4,3,6.0,0,70,0,1,0.0,1000,7,5,true,17
725,2,6,7,6,12.0,0,70,0,1,0.0,1000,6,5,true,17
725,3,9,10,9,18.0,0,70,0,1,0.0,1000,6,5,true,17
725,4,12,13,12,24.0,0,70,0,1,0.0,1000,6,5,true,17
725,5,16,16,16,32.0,0,70,0,1,0.0,1000,7,5,true,17
725,6,19,19,19,38.0,0,70,0,1,0.0,1000,7,5,true,17
725,7,22,22,22,44.0,0,70,0,1,0.0,1000,6,5,true,17
725,8,26,26,26,52.0,0,70,0,1,0.0,1000,7,5,true,17
725,9,30,30,30,60.0,0,70,0,1,0.0,1000,7,5,true,17
725,10,33,33,33,66.0,0,70,0,1,0.0,1000,6,5,true,17
725,11,36,36,36,72.0,0,70,0,1,0.0,1000,7,5,true,17
725,12,39,39,39,78.0,0,70,0,1,0.0,1000,6,5,true,17
725,13,42,41,42,84.0,0,70,0,1,0.0,1000,6,5,true,17
725,14,45,44,45,90.0,0,70,0,1,0.0,1000,6,5,true,17
725,15,48,47,48,96.0,0,70,0,1,0.0,1000,6,5,true,17
725,16,51,50,51,102.0,0,70,0,1,0.0,1000,6,5,true,17
725,17,54,53,54,108.0,0,70,0,1,0.0,1000,6,5,true,17
725,18,58,57,58,116.0,0,70,0,1,0.0,1000,7,5,true,17
725,19,62,61,62,124.0,0,70,0,1,0.0,1000,7,5,true,17
725,20,66,64,66,132.0,0,70,0,1,0.0,1000,7,5,true,17
725,21,69,67,69,138.0,0,70,0,1,0.0,1000,6,5,true,17
725,22,72,69,72,144.0,0,70,0,1,0.0,1000,6,5,true,17
725,23,76,72,76,152.0,0,70,0,1,0.0,1000,7,5,true,17
725,24,80,76,80,160.0,0,70,0,1,0.0,1000,7,5,true,17
725,25,84,80,84,168.0,0,70,0,1,0.0,1000,7,5,true,17
725,26,87,83,87,174.0,0,70,0,1,0.0,1000,6,5,true,17
725,27,91,85,91,182.0,0,70,0,1,0.0,1000,7,5,true,17
725,28,94,88,94,188.0,0,70,0,1,0.0,1000,7,5,true,17
725,29,97,91,97,194.0,0,70,0,1,0.0,1000,7,5,true,17
725,30,100,94,100,200.0,0,70,0,1,0.0,1000,6,5,true,17
725,31,103,97,103,206.0,0,70,0,1,0.0,1000,6,5,true,17
725,32,107,100,107,214.0,0,70,0,1,0.0,1000,7,5,true,17
725,33,111,104,111,222.0,0,70,0,1,0.0,1000,7,5,true,17
725,34,114,106,114,228.0,0,70,0,1,0.0,1000,6,5,true,17
725,35,117,108,117,234.0,0,70,0,1,0.0,1000,6,5,true,17
725,36,121,112,121,242.0,0,70,0,1,0.0,1000,7,5,true,17
725,37,125,115,125,250.0,0,70,0,1,0.0,1000,7,5,true,17
725,38,128,117,128,256.0,0,70,0,1,0.0,1000,6,5,true,17
725,39,132,121,132,264.0,0,70,0,1,0.0,1000,7,5,true,17
725,40,135,124,135,270.0,0,70,0,1,0.0,1000,7,5,true,17
725,41,138,126,138,276.0,0,70,0,1,0.0,1000,6,5,true,17
725,42,141,128,141,282.0,0,70,0,1,0.0,1000,6,5,true,17
725,43,144,131,144,288.0,0,70,0,1,0.0,1000,6,5,true,17
725,44,147,134,147,294.0,0,70,0,1,0.0,1000,6,5,true,17
725,45,150,137,150,300.0,0,70,0,1,0.0,1000,6,5,true,17
725,46,154,140,154,308.0,0,70,0,1,0.0,1000,7,5,true,17
725,47,157,143,157,314.0,0,70,0,1,0.0,1000,6,5,true,17
725,48,160,144,160,320.0,0,70,0,1,0.0,1000,6,5,true,17
725,49,163,147,163,326.0,0,70,0,1,0.0,1000,6,5,true,17
725,50,166,148,166,332.0,0,70,0,1,0.0,1000,6,5,true,17
725,51,170,152,170,340.0,0,70,0,1,0.0,1000,7,5,true,17
725,52,173,155,173,346.0,0,70,0,1,0.0,1000,6,5,true,17
725,53,176,158,176,352.0,0,70,0,1,0.0,1000,6,5,true,17
725,54,179,161,179,358.0,0,70,0,1,0.0,1000,6,5,true,17
725,55,183,165,183,366.0,0,70,0,1,0.0,1000,7,5,true,17
725,56,187,169,187,374.0,0,70,0,1,0.0,1000,7,5,true,17
725,57,190,172,190,380.0,0,70,0,1,0.0,1000,6,5,true,17
725,58,194,175,194,388.0,0,70,0,1,0.0,1000,7,5,true,17
725,59,198,178,198,396.0,0,70,0,1,0.0,1000,7,5,true,17
725,60,201,180,201,402.0,0,70,0,1,0.0,1000,6,5,true,17
725,61,204,183,204,408.0,0,70,0,1,0.0,1000,6,5,true,17
725,62,208,187,208,416.0,0,70,0,1,0.0,1000,7,5,true,17
725,63,211,190,211,422.0,0,70,0,1,0.0,1000,6,5,true,17
725,64,214,193,214,428.0,0,70,0,1,0.0,1000,7,5,true,17
725,65,217,194,217,434.0,0,70,0,1,0.0,1000,6,5,true,17
725,66,220,197,220,440.0,0,70,0,1,0.0,1000,6,5,true,17
725,67,223,200,223,446.0,0,70,0,1,0.0,1000,6,5,true,17
725,68,227,203,227,454.0,0,70,0,1,0.0,1000,7,5,true,17
725,69,230,205,230,460.0,0,70,0,1,0.0,1000,6,5,true,17
725,70,233,207,233,466.0,0,70,0,1,0.0,1000,7,5,true,17
725,71,236,209,236,472.0,0,70,0,1,0.0,1000,7,5,true,17
725,72,240,213,240,480.0,0,70,0,1,0.0,1000,7,5,true,17
725,73,243,216,243,486.0,0,70,0,1,0.0,1000,6,5,true,17
725,74,246,219,246,492.0,0,70,0,1,0.0,1000,6,5,true,17
725,75,250,222,250,500.0,0,70,0,1,0.0,1000,7,5,true,17
725,76,253,223,253,506.0,0,70,0,1,0.0,1000,6,5,true,17
725,77,256,226,256,512.0,0,70,0,1,0.0,1000,6,5,true,17
725,78,259,228,259,518.0,0,70,0,1,0.0,1000,6,5,true,17
725,79,262,231,262,524.0,0,70,0,1,0.0,1000,6,5,true,17
725,80,266,235,266,532.0,0,70,0,1,0.0,1000,7,5,true,17
725,81,270,239,270,540.0,0,70,0,1,0.0,1000,7,5,true,17
725,82,274,242,274,548.0,0,70,0,1,0.0,1000,7,5,true,17
725,83,277,244,277,554.0,0,70,0,1,0.0,1000,6,5,true,17
725,84,280,246,280,560.0,0,70,0,1,0.0,1000,6,5,true,17
725,85,284,250,284,568.0,0,70,0,1,0.0,1000,7,5,true,17
725,86,287,253,287,574.0,0,70,0,1,0.0,1000,6,5,true,17
725,87,290,254,290,580.0,0,70,0,1,0.0,1000,7,5,true,17
725,88,294,256,294,588.0,0,70,0,1,0.0,1000,7,5,true,17
725,89,298,260,298,596.0,0,70,0,1,0.0,1000,6,5,true,17
725,90,301,263,301,602.0,0,70,0,1,0.0,1000,6,5,true,17
725,91,305,656,1220,612.0,2,70,1,1,1.0,1000,6,5,true,17
725,92,309,755,1557,622.0,2,70,1,1,1.0,1000,7,5,true,17
725,93,313,755,1561,630.0,2,70,1,1,1.0,1000,7,5,true,17
725,94,317,756,1565,638.0,2,70,1,1,1.0,1000,6,5,true,17
725,95,320,757,1568,644.0,2,70,1,1,1.0,1000,6,5,true,17
725,96,324,757,1572,652.0,2,70,1,1,1.0,1000,7,5,true,17
725,97,328,758,1576,660.0,2,70,1,1,1.0,1000,7,5,true,17
725,98,331,784,1665,666.0,2,70,1,1,1.0,1000,6,5,true,17
725,99,335,788,1669,674.0,2,70,1,1,1.0,1000,6,5,true,17
725,100,338,789,1672,680.0,2,70,1,1,1.0,1000,6,5,true,17
725,101,342,790,1676,688.0,2,70,1,1,1.0,1000,7,5,true,17
725,102,345,790,1679,694.0,2,70,1,1,1.0,1000,6,5,true,17
725,103,349,790,1683,702.0,2,70,1,1,1.0,1000,7,5,true,17
725,104,353,793,1687,710.0,2,70,1,1,1.0,1000,7,5,true,17
725,105,356,793,1690,716.0,2,70,1,1,1.0,1000,6,5,true,17
725,106,359,793,1693,722.0,2,70,1,1,1.0,1000,6,5,true,17
725,107,362,793,1696,728.0,2,70,1,1,1.0,1000,6,5,true,17
725,108,365,795,1699,734.0,2,70,1,1,1.0,1000,6,5,true,17
725,109,369,797,1703,742.0,2,70,1,1,1.0,1000,7,5,true,17
725,110,372,797,1706,748.0,2,70,1,1,1.0,1000,6,5,true,17
725,111,375,797,1709,754.0,2,70,1,1,1.0,1000,6,5,true,17
725,112,379,798,1713,762.0,2,70,1,1,1.0,1000,7,5,true,17
725,113,382,798,1716,768.0,2,70,1,1,1.0,1000,6,5,true,17
725,114,385,799,1719,774.0,2,70,1,1,1.0,1000,6,5,true,17
725,115,388,799,1722,780.0,2,70,1,1,1.0,1000,6,5,true,17
725,116,391,799,1725,786.0,2,70,1,1,1.0,1000,7,5,true,17
725,117,394,799,1728,792.0,2,70,1,1,1.0,1000,7,5,true,17
725,118,398,800,1732,800.0,2,70,1,1,1.0,1000,6,5,true,17
725,119,401,800,1735,806.0,2,70,1,1,1.0,1000,6,5,true,17
725,120,404,801,1738,812.0,2,70,1,1,1.0,1000,6,5,true,17
725,121,408,802,1742,820.0,2,70,1,1,1.0,1000,7,5,true,17
725,122,412,803,1746,828.0,2,70,1,1,1.0,1000,6,5,true,17
725,123,415,804,1749,834.0,2,70,1,1,1.0,1000,6,5,true,17
725,124,418,806,1752,840.0,2,70,1,1,1.0,1000,6,5,true,17
725,125,422,807,1756,848.0,2,70,1,1,1.0,1000,6,5,true,17
725,126,426,808,1760,856.0,2,70,1,1,1.0,1000,7,5,true,17
725,127,430,810,1764,864.0,2,70,1,1,1.0,1000,7,5,true,17
725,128,434,812,1768,872.0,3,70,1,1,1.0,1000,7,5,true,17
725,129,438,812,1772,880.0,3,70,1,1,1.0,1000,6,5,true,17
725,130,441,812,1775,886.0,3,70,1,1,1.0,1000,6,5,true,17
725,131,444,812,1778,892.0,3,70,1,1,1.0,1000,6,5,true,17
725,132,448,812,1782,900.0,3,70,1,1,1.0,1000,7,5,true,17
725,133,451,812,1785,906.0,3,70,1,1,1.0,1000,6,5,true,17
725,134,454,812,1788,912.0,3,70,1,1,1.0,1000,6,5,true,17
725,135,457,813,1791,918.0,3,70,1,1,1.0,1000,6,5,true,17
725,136,460,813,1794,924.0,3,70,1,1,1.0,1000,6,5,true,17
725,137,464,813,1798,932.0,3,70,1,1,1.0,1000,6,5,true,17
725,138,468,815,1802,940.0,3,70,1,1,1.0,1000,7,5,true,17
725,139,471,815,1805,946.0,3,70,1,1,1.0,1000,6,5,true,17
725,140,475,815,1809,954.0,3,70,1,1,1.0,1000,6,5,true,17
725,141,478,817,1812,960.0,3,70,1,1,1.0,1000,6,5,true,17
725,142,481,818,1815,966.0,3,70,1,1,1.0,1000,6,5,true,17
725,143,484,819,1818,972.0,3,70,1,1,1.0,1000,6,5,true,17
725,144,487,819,1821,978.0,3,70,1,1,1.0,1000,6,5,true,17
725,145,490,819,1824,984.0,3,70,1,1,1.0,1000,6,5,true,17
725,146,494,851,2281,992.0,3,70,1,1,1.0,1000,6,5,true,17
725,147,498,851,2285,1000.0,3,70,1,1,1.0,1000,7,5,true,17
725,149,504,854,2291,1012.0,3,70,1,1,1.0,1000,6,5,true,17
725,149,504,854,2291,1012.0,3,70,1,1,1.0,1000,7,5,true,17
725,150,507,854,2294,1018.0,3,70,1,1,1.0,1000,6,5,true,17
725,151,510,854,2297,1024.0,3,70,1,1,1.0,1000,6,5,true,17
725,152,514,855,2301,1032.0,3,70,1,1,1.0,1000,7,5,true,17
725,153,517,855,2304,1038.0,3,70,1,1,1.0,1000,7,5,true,17
725,154,521,855,2308,1046.0,3,70,1,1,1.0,1000,7,5,true,17
725,155,525,855,2312,1054.0,3,70,1,1,1.0,1000,7,5,true,17
725,156,528,856,2315,1060.0,3,70,1,1,1.0,1000,6,5,true,17
725,157,531,856,2318,1066.0,3,70,1,1,1.0,1000,6,5,true,17
725,158,534,856,2321,1072.0,3,70,1,1,1.0,1000,6,5,true,17
725,159,538,857,2325,1080.0,3,70,1,1,1.0,1000,6,5,true,17
725,160,541,858,2328,1086.0,3,70,1,1,1.0,1000,6,5,true,17
725,161,545,859,2332,1094.0,3,70,1,1,1.0,1000,7,5,true,17
725,162,548,860,2335,1100.0,3,70,1,1,1.0,1000,6,5,true,17
725,163,552,861,2339,1108.0,3,70,1,1,1.0,1000,7,5,true,17
725,164,556,861,2343,1116.0,3,70,1,1,1.0,1000,7,5,true,17
725,165,560,861,2347,1124.0,3,70,1,1,1.0,1000,7,5,true,17
725,166,563,862,2350,1130.0,3,70,1,1,1.0,1000,6,5,true,17
725,167,567,862,2354,1138.0,3,70,1,1,1.0,1000,7,5,true,17
725,168,571,863,2358,1146.0,3,70,1,1,1.0,1000,6,5,true,17
725,169,574,864,2361,1152.0,3,70,1,1,1.0,1000,6,5,true,17
725,170,577,866,2364,1158.0,3,70,1,1,1.0,1000,6,5,true,17
725,171,581,866,2368,1166.0,3,70,1,1,1.0,1000,7,5,true,17
725,172,585,866,2372,1174.0,3,70,1,1,1.0,1000,6,5,true,17
725,173,588,868,2375,1180.0,3,70,1,1,1.0,1000,7,5,true,17
725,174,591,868,2378,1186.0,3,70,1,1,1.0,1000,7,5,true,17
725,175,594,868,2381,1192.0,3,70,1,1,1.0,1000,6,5,true,17
725,176,597,869,2384,1198.0,3,70,1,1,1.0,1000,6,5,true,17
725,177,600,871,2387,1204.0,3,70,1,1,1.0,1000,6,5,true,17
725,178,603,871,2390,1210.0,3,70,1,1,1.0,1000,6,5,true,17
725,179,606,872,2393,1216.0,3,70,1,1,1.0,1000,6,5,true,17
725,180,610,873,2397,1224.0,3,70,1,1,1.0,1000,7,5,true,17
725,181,614,874,2401,1232.0,3,70,1,1,1.0,1000,7,5,true,17
725,182,617,874,2404,1238.0,3,70,1,1,1.0,1000,6,5,true,17
725,183,619,874,2406,1242.0,3,70,1,1,1.0,1000,6,5,true,17
725,184,622,874,2409,1248.0,3,70,1,1,1.0,1000,6,5,true,17
725,185,625,874,2412,1254.0,3,70,1,1,1.0,1000,6,5,true,17
725,186,629,874,2416,1262.0,3,70,1,1,1.0,1000,7,5,true,17
725,187,632,874,2419,1268.0,3,70,1,1,1.0,1000,6,5,true,17
725,188,635,874,2422,1274.0,3,70,1,1,1.0,1000,6,5,true,17
725,189,639,874,2426,1282.0,3,70,1,1,1.0,1000,7,5,true,17
725,190,642,874,2429,1288.0,3,70,1,1,1.0,1000,6,5,true,17
725,191,646,935,3256,1296.0,3,70,1,1,1.0,1000,6,5,true,17
725,192,649,935,3259,1302.0,3,70,1,1,1.0,1000,6,5,true,17
725,193,653,935,3263,1310.0,3,70,1,1,1.0,1000,7,5,true,17
725,194,656,935,3266,1316.0,3,70,1,1,1.0,1000,7,5,true,17
725,195,659,935,3269,1322.0,3,70,1,1,1.0,1000,6,5,true,17
725,196,663,935,3273,1330.0,3,70,1,1,1.0,1000,7,5,true,17
725,197,666,935,3276,1336.0,3,70,1,1,1.0,1000,6,5,true,17
725,198,670,935,3280,1344.0,3,70,1,1,1.0,1000,7,5,true,17
725,199,674,935,3284,1352.0,3,70,1,1,1.0,1000,7,5,true,17
725,200,678,935,3288,1360.0,3,70,1,1,1.0,1000,7,5,true,17
725,201,682,935,3292,1368.0,3,70,1,1,1.0,1000,7,5,true,17
725,202,685,935,3295,1374.0,3,70,1,1,1.0,1000,6,5,true,17
725,203,689,935,3299,1382.0,3,70,1,1,1.0,1000,7,5,true,17
725,204,693,935,3303,1390.0,3,70,1,1,1.0,1000,7,5,true,17
725,205,696,935,3306,1396.0,3,70,1,1,1.0,1000,6,5,true,17
725,206,699,935,3309,1402.0,3,70,1,1,1.0,1000,6,5,true,17
725,207,702,935,3312,1408.0,3,70,1,1,1.0,1000,7,5,true,17
725,208,705,935,3315,1414.0,3,70,1,1,1.0,1000,6,5,true,17
725,209,708,935,3318,1420.0,3,70,1,1,1.0,1000,6,5,true,17
725,210,711,958,3585,1428.0,3,70,1,1,1.0,1000,6,5,true,17
725,211,714,958,3588,1434.0,3,70,1,1,1.0,1000,7,5,true,17
725,212,717,958,3591,1440.0,3,70,1,1,1.0,1000,7,5,true,17
725,213,720,958,3594,1446.0,3,70,1,1,1.0,1000,6,5,true,17
725,214,723,958,3597,1452.0,3,70,1,1,1.0,1000,6,5,true,17
725,215,726,958,3600,1458.0,3,70,1,1,1.0,1000,6,5,true,17
725,216,730,958,3604,1466.0,3,70,1,1,1.0,1000,6,5,true,17
725,217,733,958,3691,1472.0,3,70,1,1,1.0,1000,6,5,true,17
725,218,737,958,3695,1480.0,3,70,1,1,1.0,1000,7,5,true,17
725,219,741,958,3699,1488.0,3,70,1,1,1.0,1000,6,5,true,17
725,220,744,958,3702,1494.0,3,70,1,1,1.0,1000,6,5,true,17
725,221,747,958,3705,1500.0,3,70,1,1,1.0,1000,6,5,true,17
725,222,751,958,3709,1508.0,3,70,1,1,1.0,1000,7,5,true,17
725,223,755,958,3713,1516.0,3,70,1,1,1.0,1000,7,5,true,17
725,224,759,958,3717,1524.0,3,70,1,1,1.0,1000,7,5,true,17
725,225,762,958,3720,1530.0,3,70,1,1,1.0,1000,7,5,true,17
725,226,765,958,3723,1536.0,3,70,1,1,1.0,1000,6,5,true,17
725,227,769,958,3727,1544.0,3,70,1,1,1.0,1000,7,5,true,17
725,228,773,958,3731,1552.0,4,70,1,1,1.0,1000,6,5,true,17
725,229,776,958,3734,1558.0,4,70,1,1,1.0,1000,6,5,true,17
725,230,779,958,3737,1564.0,4,70,1,1,1.0,1000,7,5,true,17
725,231,782,958,3740,1570.0,4,70,1,1,1.0,1000,6,5,true,17
725,232,786,958,3744,1578.0,4,70,1,1,1.0,1000,7,5,true,17
725,233,790,958,3748,1586.0,4,70,1,1,1.0,1000,7,5,true,17
725,234,794,958,3752,1594.0,4,70,1,1,1.0,1000,7,5,true,17
725,235,797,958,3755,1600.0,4,70,1,1,1.0,1000,6,5,true,17
725,236,800,958,3758,1606.0,4,70,1,1,1.0,1000,7,5,true,17
725,237,803,958,3761,1612.0,4,70,1,1,1.0,1000,7,5,true,17
725,238,807,958,3765,1620.0,4,70,1,1,1.0,1000,7,5,true,17
725,239,811,958,3769,1628.0,4,70,1,1,1.0,1000,6,5,true,17
725,240,815,958,3773,1636.0,4,70,1,1,1.0,1000,7,5,true,17
725,241,818,958,3776,1642.0,4,70,1,1,1.0,1000,6,5,true,17
725,242,821,967,4141,1648.0,4,70,1,1,1.0,1000,6,5,true,17
725,243,825,967,4145,1656.0,4,70,1,1,1.0,1000,7,5,true,17
725,244,828,967,4148,1662.0,4,70,1,1,1.0,1000,6,5,true,17
725,245,831,968,4151,1668.0,4,70,1,1,1.0,1000,7,5,true,17
725,246,835,969,4215,1678.0,4,70,1,1,1.0,1000,7,5,true,17
725,247,838,969,4218,1684.0,4,70,1,1,1.0,1000,6,5,true,17
725,248,842,969,4222,1692.0,4,70,1,1,1.0,1000,6,5,true,17
725,249,845,969,4225,1698.0,4,70,1,1,1.0,1000,6,5,true,17
725,250,848,969,4228,1704.0,4,70,1,1,1.0,1000,6,5,true,17
725,251,851,969,4295,1712.0,4,70,1,1,1.0,1000,6,5,true,17
725,252,855,969,4299,1720.0,4,70,1,1,1.0,1000,7,5,true,17
725,253,858,969,4302,1726.0,4,70,1,1,1.0,1000,6,5,true,17
725,254,861,969,4305,1732.0,4,70,1,1,1.0,1000,6,5,true,17
725,255,865,970,4309,1740.0,4,70,1,1,1.0,1000,7,5,true,17
725,256,869,970,4313,1748.0,4,70,1,1,1.0,1000,7,5,true,17
725,257,873,970,4317,1756.0,4,70,1,1,1.0,1000,7,5,true,17
725,258,877,970,4321,1764.0,4,70,1,1,1.0,1000,7,5,true,17
725,259,881,970,4325,1772.0,4,70,1,1,1.0,1000,7,5,true,17
725,260,884,971,4328,1778.0,4,70,1,1,1.0,1000,6,5,true,17
725,261,888,971,4332,1786.0,4,70,1,1,1.0,1000,7,5,true,17
725,262,892,971,4336,1794.0,4,70,1,1,1.0,1000,7,5,true,17
725,263,896,971,4340,1802.0,4,70,1,1,1.0,1000,7,5,true,17
725,264,899,971,4343,1808.0,4,70,1,1,1.0,1000,6,5,true,17
725,265,902,971,4346,1814.0,4,70,1,1,1.0,1000,6,5,true,17
725,266,906,971,4350,1822.0,4,70,1,1,1.0,1000,7,5,true,17
725,267,909,971,4353,1828.0,4,70,1,1,1.0,1000,6,5,true,17
725,268,912,971,4356,1834.0,4,70,1,1,1.0,1000,6,5,true,17
725,269,916,971,4360,1842.0,4,70,1,1,1.0,1000,7,5,true,17
725,270,919,971,4363,1848.0,4,70,1,1,1.0,1000,7,5,true,17
725,271,922,971,4366,1854.0,4,70,1,1,1.0,1000,6,5,true,17
725,272,926,971,4370,1862.0,4,70,1,1,1.0,1000,7,5,true,17
725,273,929,971,4373,1868.0,4,70,1,1,1.0,1000,6,5,true,17
725,274,933,971,4377,1876.0,4,70,1,1,1.0,1000,7,5,true,17
725,275,936,971,4380,1882.0,4,70,1,1,1.0,1000,6,5,true,17
725,276,939,971,4383,1888.0,4,70,1,1,1.0,1000,6,5,true,17
725,277,942,971,4386,1894.0,4,70,1,1,1.0,1000,6,5,true,17
725,278,945,971,4389,1900.0,4,70,1,1,1.0,1000,6,5,true,17
725,279,948,971,4392,1906.0,4,70,1,1,1.0,1000,6,5,true,17
725,280,952,972,4396,1914.0,4,70,1,1,1.0,1000,7,5,true,17
725,281,955,972,4399,1920.0,4,70,1,1,1.0,1000,6,5,true,17
725,282,959,972,4403,1928.0,4,70,1,1,1.0,1000,7,5,true,17
725,283,963,973,4407,1936.0,4,70,1,1,1.0,1000,7,5,true,17
725,284,967,973,4411,1944.0,4,70,1,1,1.0,1000,7,5,true,17
725,285,970,973,4414,1950.0,4,70,1,1,1.0,1000,6,5,true,17
725,286,974,973,4418,1958.0,4,70,1,1,1.0,1000,7,5,true,17
725,287,977,973,4421,1964.0,4,70,1,1,1.0,1000,6,5,true,17
725,288,981,973,4425,1972.0,4,70,1,1,1.0,1000,7,5,true,17
725,289,984,973,4428,1978.0,4,70,1,1,1.0,1000,7,5,true,17
725,290,988,973,4432,1986.0,4,70,1,1,1.0,1000,7,5,true,17
725,291,991,973,4435,1992.0,4,70,1,1,1.0,1000,7,5,true,17
725,292,994,973,4438,1998.0,4,70,1,1,1.0,1000,6,5,true,17
725,293,997,973,4441,2004.0,4,70,1,1,1.0,1000,6,5,true,17
725,294,1000,973,4444,2010.0,4,70,1,1,1.0,1000,6,5,true,17
725,295,1004,973,4448,2018.0,4,70,1,1,1.0,1000,7,5,true,17
725,296,1008,974,4452,2026.0,4,70,1,1,1.0,1000,7,5,true,17
725,297,1011,974,4455,2032.0,4,70,1,1,1.0,1000,7,5,true,17
725,298,1014,974,4458,2038.0,4,70,1,1,1.0,1000,6,5,true,17
725,299,1018,974,4462,2046.0,4,70,1,1,1.0,1000,6,5,true,17
725,300,1021,974,4465,2052.0,4,70,1,1,1.0,1000,7,5,true,17
725,301,1024,974,4468,2058.0,4,70,1,1,1.0,1000,6,5,true,17
725,302,1028,974,4472,2066.0,4,70,1,1,1.0,1000,7,5,true,17
725,303,1031,974,4475,2072.0,4,70,1,1,1.0,1000,6,5,true,17
725,304,1034,984,5226,2078.0,4,70,1,1,1.0,1000,7,5,true,17
725,305,1037,984,5229,2084.0,4,70,1,1,1.0,1000,6,5,true,17
725,306,1040,984,5232,2090.0,4,70,1,1,1.0,1000,6,5,true,17
725,307,1044,984,5236,2098.0,4,70,1,1,1.0,1000,7,5,true,17
725,308,1047,984,5239,2104.0,4,70,1,1,1.0,1000,6,5,true,17
725,309,1050,984,5242,2110.0,4,70,1,1,1.0,1000,6,5,true,17
725,310,1053,984,5245,2116.0,4,70,1,1,1.0,1000,6,5,true,17
725,311,1057,984,5249,2124.0,4,70,1,1,1.0,1000,6,5,true,17
725,312,1061,984,5253,2132.0,4,70,1,1,1.0,1000,7,5,true,17
725,313,1064,984,5256,2138.0,4,70,1,1,1.0,1000,6,5,true,17
725,314,1067,984,5259,2144.0,4,70,1,1,1.0,1000,7,5,true,17
725,315,1071,984,5263,2152.0,4,70,1,1,1.0,1000,6,5,true,17
725,316,1075,984,5267,2160.0,4,70,1,1,1.0,1000,7,5,true,17
725,317,1079,984,5271,2168.0,4,70,1,1,1.0,1000,7,5,true,17
725,318,1082,984,5274,2174.0,4,70,1,1,1.0,1000,6,5,true,17
725,319,1085,984,5277,2180.0,4,70,1,1,1.0,1000,6,5,true,17
725,320,1088,984,5280,2186.0,4,70,1,1,1.0,1000,6,5,true,17
725,321,1091,984,5283,2192.0,4,70,1,1,1.0,1000,7,5,true,17
725,322,1094,984,5286,2198.0,4,70,1,1,1.0,1000,6,5,true,17
725,323,1097,984,5289,2204.0,4,70,1,1,1.0,1000,6,5,true,17
725,324,1101,984,5293,2212.0,4,70,1,1,1.0,1000,7,5,true,17
725,325,1105,984,5297,2220.0,4,70,1,1,1.0,1000,7,5,true,17
725,326,1108,984,5300,2226.0,4,70,1,1,1.0,1000,6,5,true,17
725,327,1111,984,5303,2232.0,4,70,1,1,1.0,1000,7,5,true,17
725,328,1114,984,5306,2238.0,4,70,1,1,1.0,1000,6,5,true,17
725,329,1117,984,5309,2244.0,4,70,1,1,1.0,1000,6,5,true,17
725,330,1120,984,5312,2250.0,4,70,1,1,1.0,1000,6,5,true,17
725,331,1123,984,5315,2256.0,4,70,1,1,1.0,1000,6,5,true,17
725,332,1126,984,5318,2262.0,4,70,1,1,1.0,1000,6,5,true,17
725,333,1129,984,5321,2268.0,4,70,1,1,1.0,1000,6,5,true,17
725,334,1133,984,5325,2276.0,4,70,1,1,1.0,1000,7,5,true,17
725,335,1137,984,5329,2284.0,4,70,1,1,1.0,1000,7,5,true,17
725,336,1140,984,5332,2290.0,4,70,1,1,1.0,1000,6,5,true,17
725,337,1144,984,5336,2298.0,4,70,1,1,1.0,1000,7,5,true,17
725,338,1148,984,5340,2306.0,4,70,1,1,1.0,1000,6,5,true,17
725,339,1152,984,5344,2314.0,4,70,1,1,1.0,1000,7,5,true,17
725,340,1156,984,5348,2322.0,4,70,1,1,1.0,1000,6,5,true,17
725,341,1160,984,5352,2330.0,4,70,1,1,1.0,1000,7,5,true,17
725,342,1164,984,5356,2338.0,4,70,1,1,1.0,1000,7,5,true,17
725,343,1168,984,5360,2346.0,4,70,1,1,1.0,1000,7,5,true,17
725,344,1172,984,5364,2354.0,4,70,1,1,1.0,1000,7,5,true,17
725,345,1175,984,5367,2360.0,4,70,1,1,1.0,1000,6,5,true,17
725,346,1178,985,5370,2366.0,4,70,1,1,1.0,1000,6,5,true,17
725,347,1181,985,5373,2372.0,4,70,1,1,1.0,1000,6,5,true,17
725,348,1184,985,5376,2378.0,4,70,1,1,1.0,1000,6,5,true,17
725,349,1188,985,5380,2386.0,4,70,1,1,1.0,1000,7,5,true,17
725,350,1191,990,6015,2394.0,4,70,1,1,1.0,1000,6,5,true,17
725,351,1194,990,6018,2400.0,4,70,1,1,1.0,1000,6,5,true,17
725,352,1197,990,6021,2406.0,4,70,1,1,1.0,1000,6,5,true,17
725,353,1201,990,6025,2414.0,4,70,1,1,1.0,1000,7,5,true,17
725,354,1205,991,6029,2422.0,4,70,1,1,1.0,1000,7,5,true,17
725,355,1209,991,6033,2430.0,4,70,1,1,1.0,1000,7,5,true,17
725,356,1212,991,6036,2436.0,4,70,1,1,1.0,1000,6,5,true,17
725,357,1216,991,6040,2444.0,4,70,1,1,1.0,1000,7,5,true,17
725,358,1219,991,6043,2450.0,4,70,1,1,1.0,1000,7,5,true,17
725,359,1223,991,6047,2458.0,4,70,1,1,1.0,1000,7,5,true,17
725,360,1227,992,6179,2468.0,4,70,1,1,1.0,1000,7,5,true,17
725,361,1231,992,6183,2476.0,4,70,1,1,1.0,1000,7,5,true,17
725,362,1235,992,6187,2484.0,4,70,1,1,1.0,1000,7,5,true,17
725,363,1238,992,6190,2490.0,4,70,1,1,1.0,1000,6,5,true,17
725,364,1242,993,6194,2498.0,4,70,1,1,1.0,1000,7,5,true,17
725,365,1246,993,6198,2506.0,4,70,1,1,1.0,1000,7,5,true,17
725,366,1249,993,6201,2512.0,4,70,1,1,1.0,1000,6,5,true,17
725,367,1253,993,6205,2520.0,4,70,1,1,1.0,1000,7,5,true,17
725,368,1256,993,6208,2526.0,4,70,1,1,1.0,1000,6,5,true,17
725,369,1259,993,6211,2532.0,4,70,1,1,1.0,1000,6,5,true,17
725,370,1263,993,6215,2540.0,4,70,1,1,1.0,1000,7,5,true,17
725,371,1266,993,6218,2546.0,4,70,1,1,1.0,1000,6,5,true,17
725,372,1269,994,6221,2552.0,4,70,1,1,1.0,1000,6,5,true,17
725,373,1273,994,6225,2560.0,4,70,1,1,1.0,1000,7,5,true,17
725,374,1276,994,6228,2566.0,4,70,1,1,1.0,1000,6,5,true,17
725,375,1279,994,6231,2572.0,4,70,1,1,1.0,1000,6,5,true,17
725,376,1282,994,6234,2578.0,4,70,1,1,1.0,1000,7,5,true,17
725,377,1285,994,6237,2584.0,4,70,1,1,1.0,1000,6,5,true,17
725,378,1288,994,6240,2590.0,4,70,1,1,1.0,1000,6,5,true,17
725,379,1291,994,6243,2596.0,4,70,1,1,1.0,1000,6,5,true,17
725,380,1294,994,6246,2602.0,4,70,1,1,1.0,1000,6,5,true,17
725,381,1297,994,6249,2608.0,4,70,1,1,1.0,1000,6,5,true,17
725,382,1300,994,6252,2614.0,4,70,1,1,1.0,1000,6,5,true,17
725,383,1304,994,6256,2622.0,4,70,1,1,1.0,1000,7,5,true,17
725,384,1308,994,6260,2630.0,4,70,1,1,1.0,1000,7,5,true,17
725,385,1311,994,6263,2636.0,4,70,1,1,1.0,1000,6,5,true,17
725,386,1314,994,6266,2642.0,4,70,1,1,1.0,1000,6,5,true,17
725,387,1317,994,6269,2648.0,4,70,1,1,1.0,1000,6,5,true,17
725,388,1320,994,6272,2654.0,4,70,1,1,1.0,1000,6,5,true,17
725,389,1323,994,6275,2660.0,4,70,1,1,1.0,1000,6,5,true,17
725,390,1326,994,6278,2666.0,4,70,1,1,1.0,1000,6,5,true,17
725,391,1330,994,6282,2674.0,4,70,1,1,1.0,1000,7,5,true,17
725,392,1333,994,6285,2680.0,4,70,1,1,1.0,1000,6,5,true,17
725,393,1337,994,6289,2688.0,4,70,1,1,1.0,1000,7,5,true,17
725,394,1341,994,6293,2696.0,4,70,1,1,1.0,1000,7,5,true,17
725,395,1344,997,6712,2702.0,4,70,1,1,1.0,1000,6,5,true,17
725,396,1348,997,6716,2710.0,4,70,1,1,1.0,1000,7,5,true,17
725,397,1352,997,6720,2718.0,4,70,1,1,1.0,1000,6,5,true,17
725,398,1355,997,6723,2724.0,4,70,1,1,1.0,1000,6,5,true,17
725,399,1358,997,6726,2730.0,4,70,1,1,1.0,1000,6,5,true,17
725,400,1361,997,6729,2736.0,4,70,1,1,1.0,1000,6,5,true,17
725,401,1364,997,6732,2742.0,4,70,1,1,1.0,1000,6,5,true,17
725,402,1368,997,6736,2750.0,4,70,1,1,1.0,1000,7,5,true,17
725,403,1371,997,6739,2756.0,4,70,1,1,1.0,1000,7,5,true,17
725,404,1374,997,6742,2762.0,4,70,1,1,1.0,1000,7,5,true,17
725,405,1377,997,6745,2768.0,4,70,1,1,1.0,1000,6,5,true,17
725,406,1381,997,6749,2776.0,4,70,1,1,1.0,1000,7,5,true,17
725,407,1384,997,6752,2782.0,4,70,1,1,1.0,1000,6,5,true,17
725,408,1387,997,6755,2788.0,4,70,1,1,1.0,1000,6,5,true,17
725,409,1390,997,6758,2794.0,4,70,1,1,1.0,1000,6,5,true,17
725,410,1394,997,6762,2802.0,4,70,1,1,1.0,1000,6,5,true,17
725,411,1397,997,6765,2808.0,4,70,1,1,1.0,1000,6,5,true,17
725,412,1400,997,6768,2814.0,4,70,1,1,1.0,1000,6,5,true,17
725,413,1404,997,6772,2822.0,4,70,1,1,1.0,1000,7,5,true,17
725,414,1407,997,6775,2828.0,4,70,1,1,1.0,1000,6,5,true,17
725,415,1410,997,6778,2834.0,4,70,1,1,1.0,1000,7,5,true,17
725,416,1414,997,6782,2842.0,4,70,1,1,1.0,1000,7,5,true,17
725,417,1418,997,6786,2850.0,4,70,1,1,1.0,1000,6,5,true,17
725,418,1422,997,6790,2858.0,4,70,1,1,1.0,1000,7,5,true,17
725,419,1426,997,6794,2866.0,4,70,1,1,1.0,1000,7,5,true,17
725,420,1429,997,6797,2872.0,4,70,1,1,1.0,1000,6,5,true,17
725,421,1432,997,6800,2878.0,4,70,1,1,1.0,1000,7,5,true,17
725,422,1436,997,6804,2886.0,4,70,1,1,1.0,1000,7,5,true,17
725,423,1440,997,6808,2894.0,4,70,1,1,1.0,1000,6,5,true,17
725,424,1444,997,6812,2902.0,4,70,1,1,1.0,1000,7,5,true,17
725,425,1447,997,6815,2908.0,4,70,1,1,1.0,1000,6,5,true,17
725,426,1450,997,6818,2914.0,4,70,1,1,1.0,1000,7,5,true,17
725,427,1454,997,6822,2922.0,4,70,1,1,1.0,1000,6,5,true,17
725,428,1457,997,6825,2928.0,4,70,1,1,1.0,1000,6,5,true,17
725,429,1460,997,6828,2934.0,4,70,1,1,1.0,1000,6,5,true,17
725,430,1463,997,6831,2940.0,5,70,1,1,1.0,1000,6,5,true,17
725,431,1466,997,6834,2946.0,5,70,1,1,1.0,1000,7,5,true,17
725,432,1469,997,6837,2952.0,5,70,1,1,1.0,1000,6,5,true,17
725,433,1473,997,6841,2960.0,5,70,1,1,1.0,1000,7,5,true,17
725,434,1477,997,6845,2968.0,5,70,1,1,1.0,1000,7,5,true,17
725,435,1481,997,6849,2976.0,5,70,1,1,1.0,1000,7,5,true,17
725,436,1485,997,6853,2984.0,5,70,1,1,1.0,1000,7,5,true,17
725,437,1489,997,6857,2992.0,5,70,1,1,1.0,1000,7,5,true,17
725,438,1492,997,6860,2998.0,5,70,1,1,1.0,1000,6,5,true,17
725,439,1495,997,6863,3004.0,5,70,1,1,1.0,1000,6,5,true,17
725,440,1499,997,6867,3012.0,5,70,1,1,1.0,1000,6,5,true,17
725,441,1503,997,6871,3020.0,5,70,1,1,1.0,1000,6,5,true,17
725,442,1506,997,6874,3026.0,5,70,1,1,1.0,1000,6,5,true,17
725,443,1509,997,6877,3032.0,5,70,1,1,1.0,1000,6,5,true,17
725,444,1513,997,6881,3040.0,5,70,1,1,1.0,1000,6,5,true,17
725,445,1516,997,6884,3046.0,5,70,1,1,1.0,1000,6,5,true,17
725,446,1520,997,6888,3054.0,5,70,1,1,1.0,1000,7,5,true,17
725,447,1523,997,6891,3060.0,5,70,1,1,1.0,1000,6,5,true,17
725,448,1526,997,6894,3066.0,5,70,1,1,1.0,1000,6,5,true,17
725,449,1529,997,6897,3072.0,5,70,1,1,1.0,1000,6,5,true,17
725,450,1533,997,6901,3080.0,5,70,1,1,1.0,1000,7,5,true,17
725,451,1536,997,6904,3086.0,5,70,1,1,1.0,1000,6,5,true,17
725,452,1539,997,6907,3092.0,5,70,1,1,1.0,1000,6,5,true,17
725,453,1542,997,6910,3098.0,5,70,1,1,1.0,1000,6,5,true,17
725,454,1545,997,6913,3104.0,5,70,1,1,1.0,1000,6,5,true,17
725,455,1548,997,6916,3110.0,5,70,1,1,1.0,1000,6,5,true,17
725,456,1552,997,6920,3118.0,5,70,1,1,1.0,1000,7,5,true,17
725,457,1556,997,6924,3126.0,5,70,1,1,1.0,1000,6,5,true,17
725,458,1560,997,6928,3134.0,5,70,1,1,1.0,1000,7,5,true,17
725,459,1562,997,6930,3138.0,5,70,1,1,1.0,1000,6,5,true,17
725,460,1566,997,6934,3146.0,5,70,1,1,1.0,1000,7,5,true,17
725,461,1569,997,6937,3152.0,5,70,1,1,1.0,1000,6,5,true,17
725,462,1572,997,6940,3158.0,5,70,1,1,1.0,1000,7,5,true,17
725,463,1576,997,6944,3166.0,5,70,1,1,1.0,1000,6,5,true,17
725,464,1579,997,6947,3172.0,5,70,1,1,1.0,1000,6,5,true,17
725,465,1582,997,6950,3178.0,5,70,1,1,1.0,1000,6,5,true,17
725,466,1585,997,6953,3184.0,5,70,1,1,1.0,1000,6,5,true,17
725,467,1589,997,6957,3192.0,5,70,1,1,1.0,1000,7,5,true,17
725,468,1592,997,6960,3198.0,5,70,1,1,1.0,1000,6,5,true,17
725,469,1595,997,6963,3204.0,5,70,1,1,1.0,1000,6,5,true,17
725,470,1598,997,6966,3210.0,5,70,1,1,1.0,1000,7,5,true,17
725,471,1602,997,6970,3218.0,5,70,1,1,1.0,1000,7,5,true,17
725,472,1605,997,6973,3224.0,5,70,1,1,1.0,1000,6,5,true,17
725,473,1609,997,6977,3232.0,5,70,1,1,1.0,1000,6,5,true,17
725,474,1613,997,6981,3240.0,5,70,1,1,1.0,1000,6,5,true,17
725,475,1617,997,6985,3248.0,5,70,1,1,1.0,1000,7,5,true,17
725,476,1620,997,6988,3254.0,5,70,1,1,1.0,1000,6,5,true,17
725,477,1623,997,6991,3260.0,5,70,1,1,1.0,1000,6,5,true,17
725,478,1626,997,6994,3266.0,5,70,1,1,1.0,1000,6,5,true,17
725,479,1630,997,6998,3274.0,5,70,1,1,1.0,1000,7,5,true,17
725,480,1633,997,7001,3280.0,5,70,1,1,1.0,1000,6,5,true,17
725,481,1637,997,7005,3288.0,5,70,1,1,1.0,1000,7,5,true,17
725,482,1641,997,7009,3296.0,5,70,1,1,1.0,1000,6,5,true,17
725,483,1645,997,7013,3304.0,5,70,1,1,1.0,1000,7,5,true,17
725,484,1648,997,7016,3310.0,5,70,1,1,1.0,1000,6,5,true,17
725,485,1651,997,7019,3316.0,5,70,1,1,1.0,1000,6,5,true,17
725,486,1655,997,7023,3324.0,5,70,1,1,1.0,1000,6,5,true,17
725,487,1658,997,7026,3330.0,5,70,1,1,1.0,1000,7,5,true,17
725,489,1665,997,7033,3344.0,5,70,1,1,1.0,1000,7,5,true,17
725,489,1665,997,7033,3344.0,5,70,1,1,1.0,1000,7,5,true,17
725,490,1669,997,7037,3352.0,5,70,1,1,1.0,1000,7,5,true,17
725,491,1673,998,7041,3360.0,5,70,1,1,1.0,1000,7,5,true,17
725,492,1677,998,7045,3368.0,5,70,1,1,1.0,1000,7,5,true,17
725,493,1681,998,7049,3376.0,5,70,1,1,1.0,1000,7,5,true,17
725,494,1685,998,7053,3384.0,5,70,1,1,1.0,1000,7,5,true,17
725,495,1689,998,7057,3392.0,5,70,1,1,1.0,1000,7,5,true,17
725,496,1693,999,7061,3400.0,5,70,1,1,1.0,1000,7,5,true,17
725,497,1697,999,7065,3408.0,5,70,1,1,1.0,1000,6,5,true,17
725,498,1700,999,7068,3414.0,5,70,1,1,1.0,1000,6,5,true,17
725,499,1703,999,7071,3420.0,5,70,1,1,1.0,1000,6,5,true,17
725,500,1706,999,7074,3426.0,5,70,1,1,1.0,1000,6,5,true,17
725,501,1709,999,7077,3432.0,5,70,1,1,1.0,1000,6,5,true,17
725,502,1712,999,7080,3438.0,5,70,1,1,1.0,1000,6,5,true,17
725,503,1716,999,7084,3446.0,5,70,1,1,1.0,1000,7,5,true,17
725,504,1719,999,7087,3452.0,5,70,1,1,1.0,1000,6,5,true,17
725,505,1722,999,7090,3458.0,5,70,1,1,1.0,1000,6,5,true,17
725,506,1725,999,7093,3464.0,5,70,1,1,1.0,1000,6,5,true,17
725,507,1728,999,7096,3470.0,5,70,1,1,1.0,1000,6,5,true,17
725,508,1731,1000,7099,3476.0,5,70,1,1,1.0,1000,6,5,true,17
725,509,1734,1000,7102,3482.0,5,70,1,1,1.0,1000,7,5,true,17
725,510,1738,1000,7106,3490.0,5,70,1,1,1.0,1000,6,5,true,17
725,511,1741,1000,7109,3496.0,5,70,1,1,1.0,1000,6,5,true,17
725,512,1745,1000,7113,3504.0,5,70,1,1,1.0,1000,7,5,true,17
725,513,1749,1000,7117,3512.0,5,70,1,1,1.0,1000,7,5,true,17
725,514,1753,1000,7121,3520.0,5,70,1,1,1.0,1000,6,5,true,17
725,515,1756,1000,7124,3526.0,5,70,1,1,1.0,1000,6,5,true,17
725,516,1760,1000,7128,3534.0,5,70,1,1,1.0,1000,7,5,true,17
725,517,1764,1000,7132,3542.0,5,70,1,1,1.0,1000,7,5,true,17
725,518,1767,1000,7135,3548.0,5,70,1,1,1.0,1000,7,5,true,17
725,519,1770,1000,7138,3554.0,5,70,1,1,1.0,1000,7,5,true,17
725,520,1774,1000,7142,3562.0,5,70,1,1,1.0,1000,7,5,true,17
725,521,1777,1000,7145,3568.0,5,70,1,1,1.0,1000,6,5,true,17
725,522,1780,1000,7148,3574.0,5,70,1,1,1.0,1000,6,5,true,17
725,523,1783,1000,7151,3580.0,5,70,1,1,1.0,1000,7,5,true,17
725,524,1787,1000,7155,3588.0,5,70,1,1,1.0,1000,7,5,true,17
725,525,1791,1000,7159,3596.0,5,70,1,1,1.0,1000,7,5,true,17
725,526,1795,1000,7163,3604.0,5,70,1,1,1.0,1000,7,5,true,17
725,527,1798,1000,7166,3610.0,5,70,1,1,1.0,1000,6,5,true,17
725,528,1802,1000,7170,3618.0,5,70,1,1,1.0,1000,7,5,true,17
725,529,1805,1000,7173,3624.0,5,70,1,1,1.0,1000,6,5,true,17
725,530,1808,1000,7176,3630.0,5,70,1,1,1.0,1000,7,5,true,17
725,531,1811,1000,7179,3636.0,5,70,1,1,1.0,1000,6,5,true,17
725,532,1814,1000,7182,3642.0,5,70,1,1,1.0,1000,7,5,true,17
725,533,1817,1000,7185,3648.0,5,70,1,1,1.0,1000,6,5,true,17
725,534,1820,1000,7188,3654.0,5,70,1,1,1.0,1000,6,5,true,17
725,535,1823,1000,7191,3660.0,5,70,1,1,1.0,1000,7,5,true,17
725,536,1827,1000,7195,3668.0,5,70,1,1,1.0,1000,7,5,true,17
725,537,1830,1000,7198,3674.0,5,70,1,1,1.0,1000,6,5,true,17
725,538,1833,1000,7201,3680.0,5,70,1,1,1.0,1000,6,5,true,17
725,539,1836,1000,7204,3686.0,5,70,1,1,1.0,1000,6,5,true,17
725,540,1839,1000,7207,3692.0,5,70,1,1,1.0,1000,6,5,true,17
725,541,1842,1000,7210,3698.0,5,70,1,1,1.0,1000,6,5,true,17
725,542,1845,1000,7213,3704.0,5,70,1,1,1.0,1000,6,5,true,17
725,543,1849,1000,7217,3712.0,5,70,1,1,1.0,1000,7,5,true,17
725,544,1852,1000,7220,3718.0,5,70,1,1,1.0,1000,6,5,true,17
725,545,1855,1000,7223,3724.0,5,70,1,1,1.0,1000,6,5,true,17
725,546,1858,1000,7226,3730.0,5,70,1,1,1.0,1000,6,5,true,17
725,547,1862,1000,7230,3738.0,5,70,1,1,1.0,1000,6,5,true,17
725,548,1866,1000,7234,3746.0,5,70,1,1,1.0,1000,7,5,true,17
725,549,1869,1000,7237,3752.0,5,70,1,1,1.0,1000,6,5,true,17
725,550,1872,1000,7240,3758.0,5,70,1,1,1.0,1000,7,5,true,17
725,551,1876,1000,7244,3766.0,5,70,1,1,1.0,1000,7,5,true,17
725,552,1880,1000,7248,3774.0,5,70,1,1,1.0,1000,7,5,true,17
725,553,1883,1000,7251,3780.0,5,70,1,1,1.0,1000,6,5,true,17
725,554,1886,1000,7254,3786.0,6,70,1,1,1.0,1000,6,5,true,17
725,555,1889,1000,7257,3792.0,6,70,1,1,1.0,1000,6,5,true,17
725,556,1893,1000,7261,3800.0,6,70,1,1,1.0,1000,7,5,true,17
725,557,1897,1000,7265,3808.0,6,70,1,1,1.0,1000,7,5,true,17
725,558,1900,1000,7268,3814.0,6,70,1,1,1.0,1000,6,5,true,17
725,559,1903,1000,7271,3820.0,6,70,1,1,1.0,1000,7,5,true,17
725,560,1907,1000,7275,3828.0,6,70,1,1,1.0,1000,6,5,true,17
725,561,1910,1000,7278,3834.0,6,70,1,1,1.0,1000,6,5,true,17
725,562,1913,1000,7281,3840.0,6,70,1,1,1.0,1000,6,5,true,17
725,563,1916,1000,7284,3846.0,6,70,1,1,1.0,1000,6,5,true,17
725,564,1919,1000,7287,3852.0,6,70,1,1,1.0,1000,6,5,true,17
725,565,1922,1000,7290,3858.0,6,70,1,1,1.0,1000,6,5,true,17
725,566,1926,1000,7294,3866.0,6,70,1,1,1.0,1000,7,5,true,17
725,567,1929,1000,7297,3872.0,6,70,1,1,1.0,1000,6,5,true,17
725,568,1933,1000,7301,3880.0,6,70,1,1,1.0,1000,6,5,true,17
725,569,1936,1000,7304,3886.0,6,70,1,1,1.0,1000,6,5,true,17
725,570,1939,1000,7307,3892.0,6,70,1,1,1.0,1000,6,5,true,17
725,571,1942,1000,7310,3898.0,6,70,1,1,1.0,1000,6,5,true,17
725,572,1945,1000,7313,3904.0,6,70,1,1,1.0,1000,7,5,true,17
725,573,1948,1000,7316,3910.0,6,70,1,1,1.0,1000,6,5,true,17
725,574,1951,1000,9755,3918.0,6,70,1,1,1.0,1000,6,5,true,17
725,575,1954,1000,9758,3924.0,6,70,1,1,1.0,1000,6,5,true,17
725,576,1957,1000,9761,3930.0,6,70,1,1,1.0,1000,6,5,true,17
725,577,1961,1000,9765,3938.0,6,70,1,1,1.0,1000,6,5,true,17
725,578,1964,1000,9768,3944.0,6,70,1,1,1.0,1000,6,5,true,17
725,579,1968,1000,9772,3952.0,6,70,1,1,1.0,1000,6,5,true,17
725,580,1972,1000,9776,3960.0,6,70,1,1,1.0,1000,7,5,true,17
725,581,1975,1000,9779,3966.0,6,70,1,1,1.0,1000,6,5,true,17
725,582,1978,1000,9782,3972.0,6,70,1,1,1.0,1000,6,5,true,17
725,583,1981,1000,9785,3978.0,6,70,1,1,1.0,1000,6,5,true,17
725,584,1985,1000,9789,3986.0,6,70,1,1,1.0,1000,7,5,true,17
725,585,1989,1000,9793,3994.0,7,70,1,1,1.0,1000,7,5,true,17
725,586,1992,1000,9796,4000.0,7,70,1,1,1.0,1000,6,5,true,17
725,587,1995,1000,9799,4006.0,7,70,1,1,1.0,1000,6,5,true,17
725,588,1998,1000,9802,4012.0,7,70,1,1,1.0,1000,6,5,true,17
725,589,2001,1000,9805,4018.0,7,70,1,1,1.0,1000,6,5,true,17
725,590,2004,1000,9808,4024.0,7,70,1,1,1.0,1000,6,5,true,17
725,591,2007,1000,9811,4030.0,7,70,1,1,1.0,1000,7,5,true,17
725,592,2010,1000,9814,4036.0,8,70,1,1,1.0,1000,6,5,true,17
725,593,2013,1000,9817,4042.0,8,70,1,1,1.0,1000,6,5,true,17
725,594,2016,1000,9820,4048.0,9,70,1,1,1.0,1000,6,5,true,17
725,595,2020,1000,9824,4056.0,9,70,1,1,1.0,1000,7,5,true,17
725,596,2023,1000,9827,4062.0,9,70,1,1,1.0,1000,6,5,true,17
725,597,2026,1000,10166,4068.0,9,70,1,1,1.0,1000,6,5,true,17
725,598,2029,1000,10169,4074.0,9,70,1,1,1.0,1000,6,5,true,17
725,599,2033,1000,10173,4082.0,9,70,1,1,1.0,1000,7,5,true,17
725,600,2037,1000,10177,4090.0,9,70,1,1,1.0,1000,7,5,true,17
725,601,2041,1000,10181,4098.0,9,70,1,1,1.0,1000,7,5,true,17
725,602,2044,1000,10184,4104.0,9,70,1,1,1.0,1000,6,5,true,17
725,603,2047,1000,10187,4110.0,9,70,1,1,1.0,1000,6,5,true,17
725,604,2050,1000,10190,4116.0,9,70,1,1,1.0,1000,6,5,true,17
725,605,2053,1000,10193,4122.0,9,70,1,1,1.0,1000,6,5,true,17
725,606,2057,1000,10197,4130.0,9,70,1,1,1.0,1000,7,5,true,17
725,607,2060,1000,10200,4136.0,9,70,1,1,1.0,1000,7,5,true,17
725,608,2063,1000,10203,4142.0,9,70,1,1,1.0,1000,6,5,true,17
725,609,2067,1000,10207,4150.0,9,70,1,1,1.0,1000,6,5,true,17
725,610,2070,1000,10210,4156.0,9,70,1,1,1.0,1000,6,5,true,17
725,611,2074,1000,10410,4166.0,9,70,1,1,1.0,1000,6,5,true,17
725,612,2078,1000,10414,4174.0,9,70,1,1,1.0,1000,6,5,true,17
725,613,2081,1000,10417,4180.0,10,70,1,1,1.0,1000,7,5,true,17
725,614,2085,1000,10421,4188.0,10,70,1,1,1.0,1000,6,5,true,17
725,615,2089,1000,10425,4196.0,10,70,1,1,1.0,1000,6,5,true,17
725,616,2092,1000,10428,4202.0,10,70,1,1,1.0,1000,7,5,true,17
725,617,2096,1000,10432,4210.0,10,70,1,1,1.0,1000,7,5,true,17
725,618,2099,1000,10435,4216.0,10,70,1,1,1.0,1000,6,5,true,17
725,619,2103,1000,10439,4224.0,10,70,1,1,1.0,1000,7,5,true,17
725,620,2107,1000,10443,4232.0,10,70,1,1,1.0,1000,7,5,true,17
725,621,2110,1000,10446,4238.0,10,70,1,1,1.0,1000,6,5,true,17
725,622,2113,1000,10449,4244.0,10,70,1,1,1.0,1000,6,5,true,17
725,623,2116,1000,10452,4250.0,10,70,1,1,1.0,1000,6,5,true,17
725,624,2120,1000,10456,4258.0,10,70,1,1,1.0,1000,7,5,true,17
725,625,2123,1000,10459,4264.0,10,70,1,1,1.0,1000,6,5,true,17
725,626,2127,1000,10463,4272.0,10,70,1,1,1.0,1000,7,5,true,17
725,627,2131,1000,10467,4280.0,10,70,1,1,1.0,1000,7,5,true,17
725,628,2134,1000,10470,4286.0,10,70,1,1,1.0,1000,6,5,true,17
725,629,2137,1000,10473,4292.0,10,70,1,1,1.0,1000,6,5,true,17
725,630,2141,1000,10477,4300.0,10,70,1,1,1.0,1000,7,5,true,17
725,631,2144,1000,10480,4306.0,10,70,1,1,1.0,1000,7,5,true,17
725,632,2147,1000,10761,4312.0,10,70,1,1,1.0,1000,6,5,true,17
725,633,2150,1000,10764,4318.0,10,70,1,1,1.0,1000,6,5,true,17
725,634,2154,1000,10768,4326.0,10,70,1,1,1.0,1000,6,5,true,17
725,635,2157,1000,10771,4332.0,10,70,1,1,1.0,1000,6,5,true,17
725,637,2163,1000,10777,4344.0,10,70,1,1,1.0,1000,6,5,true,17
725,637,2163,1000,10777,4344.0,10,70,1,1,1.0,1000,7,5,true,17
725,638,2166,1000,10860,4352.0,10,70,1,1,1.0,1000,6,5,true,17
725,639,2169,1000,10863,4358.0,10,70,1,1,1.0,1000,6,5,true,17
725,640,2172,1000,10866,4364.0,10,70,1,1,1.0,1000,6,5,true,17
725,641,2175,1000,10869,4370.0,10,70,1,1,1.0,1000,6,5,true,17
725,642,2178,1000,10872,4376.0,10,70,1,1,1.0,1000,6,5,true,17
725,643,2181,1000,10875,4382.0,10,70,1,1,1.0,1000,6,5,true,17
725,644,2184,1000,10878,4388.0,10,70,1,1,1.0,1000,6,5,true,17
725,645,2188,1000,10882,4396.0,10,70,1,1,1.0,1000,7,5,true,17
725,646,2191,1000,10885,4402.0,10,70,1,1,1.0,1000,6,5,true,17
725,647,2195,1000,10889,4410.0,10,70,1,1,1.0,1000,7,5,true,17
725,648,2198,1000,10892,4416.0,10,70,1,1,1.0,1000,6,5,true,17
725,649,2201,1000,10895,4422.0,10,70,1,1,1.0,1000,6,5,true,17
725,650,2204,1000,10898,4428.0,10,70,1,1,1.0,1000,6,5,true,17
725,651,2207,1000,10901,4434.0,10,70,1,1,1.0,1000,6,5,true,17
725,652,2211,1000,10905,4442.0,10,70,1,1,1.0,1000,7,5,true,17
725,653,2214,1000,10908,4448.0,10,70,1,1,1.0,1000,6,5,true,17
725,654,2217,1000,10911,4454.0,10,70,1,1,1.0,1000,6,5,true,17
725,655,2220,1000,10914,4460.0,10,70,1,1,1.0,1000,6,5,true,17
725,656,2223,1000,10917,4466.0,10,70,1,1,1.0,1000,7,5,true,17
725,657,2227,1000,10921,4474.0,10,70,1,1,1.0,1000,7,5,true,17
725,658,2231,1000,10925,4482.0,10,70,1,1,1.0,1000,7,5,true,17
725,659,2235,1000,10929,4490.0,10,70,1,1,1.0,1000,7,5,true,17
725,660,2238,1000,10932,4496.0,10,70,1,1,1.0,1000,6,5,true,17
725,661,2241,1000,10935,4502.0,10,70,1,1,1.0,1000,6,5,true,17
725,662,2244,1000,10938,4508.0,10,70,1,1,1.0,1000,6,5,true,17
725,663,2247,1000,10941,4514.0,11,70,1,1,1.0,1000,6,5,true,17
725,664,2251,1000,10945,4522.0,11,70,1,1,1.0,1000,6,5,true,17
725,665,2255,1000,10949,4530.0,11,70,1,1,1.0,1000,7,5,true,17
725,666,2258,1000,10952,4536.0,11,70,1,1,1.0,1000,7,5,true,17
725,667,2261,1000,10955,4542.0,11,70,1,1,1.0,1000,6,5,true,17
725,668,2264,1000,10958,4548.0,11,70,1,1,1.0,1000,6,5,true,17
725,669,2267,1000,10961,4554.0,11,70,1,1,1.0,1000,6,5,true,17
725,670,2271,1000,10965,4562.0,11,70,1,1,1.0,1000,6,5,true,17
725,671,2274,1000,10968,4568.0,11,70,1,1,1.0,1000,6,5,true,17
725,672,2277,1000,10971,4574.0,11,70,1,1,1.0,1000,6,5,true,17
725,673,2280,1000,10974,4580.0,11,70,1,1,1.0,1000,6,5,true,17
725,674,2283,1000,10977,4586.0,11,70,1,1,1.0,1000,7,5,true,17
725,675,2286,1000,10980,4592.0,11,70,1,1,1.0,1000,6,5,true,17
725,676,2290,1000,10984,4600.0,11,70,1,1,1.0,1000,7,5,true,17
725,677,2294,1000,10988,4608.0,11,70,1,1,1.0,1000,6,5,true,17
725,678,2297,1000,10991,4614.0,11,70,1,1,1.0,1000,6,5,true,17
725,679,2301,1000,10995,4622.0,11,70,1,1,1.0,1000,7,5,true,17
725,680,2304,1000,10998,4628.0,11,70,1,1,1.0,1000,6,5,true,17
725,681,2307,1000,11001,4634.0,11,70,1,1,1.0,1000,6,5,true,17
725,682,2311,1000,11585,4644.0,11,70,1,1,1.0,1000,7,5,true,17
725,683,2314,1000,11588,4650.0,11,70,1,1,1.0,1000,6,5,true,17
725,684,2317,1000,11591,4656.0,11,70,1,1,1.0,1000,6,5,true,17
725,685,2321,1000,11595,4664.0,11,70,1,1,1.0,1000,7,5,true,17
725,686,2324,1000,11598,4670.0,11,70,1,1,1.0,1000,6,5,true,17
725,687,2327,1000,11601,4676.0,11,70,1,1,1.0,1000,6,5,true,17
725,688,2331,1000,11605,4684.0,11,70,1,1,1.0,1000,7,5,true,17
725,689,2334,1000,11608,4690.0,11,70,1,1,1.0,1000,6,5,true,17
725,690,2338,1000,11612,4698.0,11,70,1,1,1.0,1000,7,5,true,17
725,691,2341,1000,11615,4704.0,11,70,1,1,1.0,1000,6,5,true,17
725,692,2344,1000,11618,4710.0,11,70,1,1,1.0,1000,6,5,true,17
725,693,2348,1000,11622,4718.0,11,70,1,1,1.0,1000,7,5,true,17
725,694,2352,1000,11626,4726.0,11,70,1,1,1.0,1000,7,5,true,17
725,695,2355,1000,11629,4732.0,11,70,1,1,1.0,1000,6,5,true,17
725,697,2361,1000,11635,4744.0,11,70,1,1,1.0,1000,6,5,true,17
725,697,2361,1000,11635,4744.0,11,70,1,1,1.0,1000,7,5,true,17
725,698,2364,1000,11638,4750.0,11,70,1,1,1.0,1000,7,5,true,17
725,699,2367,1000,11641,4756.0,11,70,1,1,1.0,1000,6,5,true,17
725,700,2371,1000,11645,4764.0,11,70,1,1,1.0,1000,6,5,true,17
725,701,2374,1000,11648,4770.0,11,70,1,1,1.0,1000,6,5,true,17
725,702,2378,1000,11652,4778.0,11,70,1,1,1.0,1000,7,5,true,17
725,703,2381,1000,11655,4784.0,11,70,1,1,1.0,1000,6,5,true,17
725,704,2385,1000,11659,4792.0,11,70,1,1,1.0,1000,6,5,true,17
725,705,2388,1000,11662,4798.0,11,70,1,1,1.0,1000,7,5,true,17
725,706,2391,1000,12000,4804.0,11,70,1,1,1.0,1000,6,5,true,17
725,707,2394,1000,12003,4810.0,11,70,1,1,1.0,1000,6,5,true,17
725,708,2397,1000,12006,4816.0,11,70,1,1,1.0,1000,6,5,true,17
725,709,2401,1000,12010,4824.0,11,70,1,1,1.0,1000,7,5,true,17
725,710,2405,1000,12014,4832.0,11,70,1,1,1.0,1000,7,5,true,17
725,711,2409,1000,12018,4840.0,11,70,1,1,1.0,1000,7,5,true,17
725,712,2413,1000,12022,4848.0,11,70,1,1,1.0,1000,7,5,true,17
725,713,2417,1000,12026,4856.0,11,70,1,1,1.0,1000,7,5,true,17
725,714,2420,1000,12029,4862.0,11,70,1,1,1.0,1000,6,5,true,17
725,715,2423,1000,12032,4868.0,11,70,1,1,1.0,1000,6,5,true,17
725,716,2426,1000,12035,4874.0,11,70,1,1,1.0,1000,6,5,true,17
725,717,2429,1000,12038,4880.0,11,70,1,1,1.0,1000,6,5,true,17
725,718,2432,1000,12041,4886.0,11,70,1,1,1.0,1000,6,5,true,17
725,719,2435,1000,12044,4892.0,11,70,1,1,1.0,1000,6,5,true,17
725,720,2438,1000,12047,4898.0,11,70,1,1,1.0,1000,6,5,true,17
725,721,2442,1000,12051,4906.0,11,70,1,1,1.0,1000,7,5,true,17
725,722,2446,1000,12055,4914.0,11,70,1,1,1.0,1000,6,5,true,17
725,723,2449,1000,12058,4920.0,11,70,1,1,1.0,1000,6,5,true,17
725,724,2453,1000,12062,4928.0,11,70,1,1,1.0,1000,7,5,true,17
725,725,2456,1000,12065,4934.0,11,70,1,1,1.0,1000,7,5,true,17
725,726,2459,1000,12068,4940.0,11,70,1,1,1.0,1000,6,5,true,17
725,727,2463,1000,12072,4948.0,11,70,1,1,1.0,1000,7,5,true,17
725,728,2466,1000,12075,4954.0,11,70,1,1,1.0,1000,6,5,true,17
725,729,2470,1000,12079,4962.0,12,70,1,1,1.0,1000,7,5,true,17
725,730,2474,1000,12083,4970.0,12,70,1,1,1.0,1000,7,5,true,17
725,731,2478,1000,12087,4978.0,12,70,1,1,1.0,1000,6,5,true,17
725,732,2482,1000,12091,4986.0,12,70,1,1,1.0,1000,7,5,true,17
725,733,2485,1000,12094,4992.0,12,70,1,1,1.0,1000,6,5,true,17
725,735,2492,1000,12101,5006.0,12,70,1,1,1.0,1000,6,5,true,17
725,735,2492,1000,12101,5006.0,12,70,1,1,1.0,1000,6,5,true,17
725,736,2494,1000,12103,5010.0,12,70,1,1,1.0,1000,6,5,true,17
725,737,2498,1000,12107,5018.0,12,70,1,1,1.0,1000,6,5,true,17
725,738,2501,1000,12110,5024.0,12,70,1,1,1.0,1000,6,5,true,17
725,739,2504,1000,12557,5030.0,12,70,1,1,1.0,1000,7,5,true,17
725,741,2511,1000,12574,5044.0,12,70,1,1,1.0,1000,7,5,true,17
725,741,2511,1000,12574,5044.0,12,70,1,1,1.0,1000,6,5,true,17
725,742,2514,1000,12577,5050.0,12,70,1,1,1.0,1000,6,5,true,17
725,743,2518,1000,12581,5058.0,12,70,1,1,1.0,1000,7,5,true,17
725,744,2521,1000,12584,5064.0,12,70,1,1,1.0,1000,6,5,true,17
725,745,2524,1000,12587,5070.0,12,70,1,1,1.0,1000,6,5,true,17
725,746,2528,1000,12591,5078.0,12,70,1,1,1.0,1000,7,5,true,17
725,747,2532,1000,12595,5086.0,12,70,1,1,1.0,1000,7,5,true,17
725,748,2535,1000,12598,5092.0,12,70,1,1,1.0,1000,7,5,true,17
725,749,2538,1000,12601,5098.0,12,70,1,1,1.0,1000,7,5,true,17
725,750,2541,1000,12604,5104.0,12,70,1,1,1.0,1000,6,5,true,17
725,751,2544,1000,12607,5110.0,12,70,1,1,1.0,1000,6,5,true,17
725,752,2547,1000,12610,5116.0,12,70,1,1,1.0,1000,6,5,true,17
725,753,2551,1000,12614,5124.0,12,70,1,1,1.0,1000,7,5,true,17
725,754,2554,1000,12617,5130.0,12,70,1,1,1.0,1000,6,5,true,17
725,755,2557,1000,12620,5136.0,12,70,1,1,1.0,1000,6,5,true,17
725,756,2560,1000,12623,5142.0,12,70,1,1,1.0,1000,6,5,true,17
725,757,2564,1000,12627,5150.0,12,70,1,1,1.0,1000,6,5,true,17
725,758,2567,1000,12630,5156.0,12,70,1,1,1.0,1000,6,5,true,17
725,759,2571,1000,12634,5164.0,12,70,1,1,1.0,1000,7,5,true,17
725,760,2574,1000,12637,5170.0,12,70,1,1,1.0,1000,6,5,true,17
725,761,2578,1000,12641,5178.0,12,70,1,1,1.0,1000,7,5,true,17
725,762,2581,1000,12644,5184.0,12,70,1,1,1.0,1000,6,5,true,17
725,763,2585,1000,12648,5192.0,12,70,1,1,1.0,1000,6,5,true,17
725,764,2589,1000,12652,5200.0,12,70,1,1,1.0,1000,7,5,true,17
725,765,2592,1000,12655,5206.0,12,70,1,1,1.0,1000,6,5,true,17
725,766,2595,1000,12658,5212.0,12,70,1,1,1.0,1000,6,5,true,17
725,767,2598,1000,12661,5218.0,12,70,1,1,1.0,1000,6,5,true,17
725,768,2601,1000,12664,5224.0,12,70,1,1,1.0,1000,6,5,true,17
725,769,2604,1000,12667,5230.0,12,70,1,1,1.0,1000,6,5,true,17
725,770,2608,1000,12671,5238.0,12,70,1,1,1.0,1000,7,5,true,17
725,771,2612,1000,12675,5246.0,12,70,1,1,1.0,1000,6,5,true,17
725,772,2615,1000,12678,5252.0,12,70,1,1,1.0,1000,7,5,true,17
725,773,2618,1000,12681,5258.0,12,70,1,1,1.0,1000,6,5,true,17
725,774,2621,1000,12684,5264.0,12,70,1,1,1.0,1000,6,5,true,17
725,775,2624,1000,12687,5270.0,12,70,1,1,1.0,1000,7,5,true,17
725,776,2627,1000,12690,5276.0,12,70,1,1,1.0,1000,6,5,true,17
725,777,2630,1000,12693,5282.0,12,70,1,1,1.0,1000,7,5,true,17
725,778,2633,1000,12696,5288.0,12,70,1,1,1.0,1000,6,5,true,17
725,779,2636,1000,12699,5294.0,12,70,1,1,1.0,1000,6,5,true,17
725,780,2640,1000,12703,5302.0,12,70,1,1,1.0,1000,7,5,true,17
725,781,2643,1000,12706,5308.0,12,70,1,1,1.0,1000,6,5,true,17
725,782,2647,1000,12710,5316.0,12,70,1,1,1.0,1000,6,5,true,17
725,783,2651,1000,12714,5324.0,12,70,1,1,1.0,1000,7,5,true,17
725,784,2654,1000,12717,5330.0,12,70,1,1,1.0,1000,7,5,true,17
725,785,2658,1000,12721,5338.0,12,70,1,1,1.0,1000,7,5,true,17
725,786,2662,1000,12725,5346.0,12,70,1,1,1.0,1000,6,5,true,17
725,787,2666,1000,12729,5354.0,12,70,1,1,1.0,1000,7,5,true,17
725,788,2670,1000,12733,5362.0,12,70,1,1,1.0,1000,6,5,true,17
725,789,2673,1000,12736,5368.0,12,70,1,1,1.0,1000,6,5,true,17
725,790,2676,1000,12739,5374.0,12,70,1,1,1.0,1000,6,5,true,17
725,791,2679,1000,12742,5380.0,12,70,1,1,1.0,1000,6,5,true,17
725,792,2682,1000,12745,5386.0,12,70,1,1,1.0,1000,6,5,true,17
725,793,2685,1000,12748,5392.0,12,70,1,1,1.0,1000,6,5,true,17
725,794,2688,1000,13475,5400.0,12,70,1,1,1.0,1000,7,5,true,17
725,795,2691,1000,13478,5406.0,12,70,1,1,1.0,1000,6,5,true,17
725,796,2694,1000,13481,5412.0,12,70,1,1,1.0,1000,6,5,true,17
725,797,2698,1000,13485,5420.0,12,70,1,1,1.0,1000,7,5,true,17
725,798,2701,1000,13488,5426.0,12,70,1,1,1.0,1000,7,5,true,17
725,799,2704,1000,13491,5432.0,12,70,1,1,1.0,1000,6,5,true,17
725,800,2708,1000,13495,5440.0,12,70,1,1,1.0,1000,7,5,true,17
725,801,2711,1000,13498,5446.0,12,70,1,1,1.0,1000,6,5,true,17
725,802,2714,1000,13501,5452.0,12,70,1,1,1.0,1000,6,5,true,17
725,803,2717,1000,13504,5458.0,12,70,1,1,1.0,1000,6,5,true,17
725,804,2721,1000,13508,5466.0,12,70,1,1,1.0,1000,7,5,true,17
725,805,2724,1000,13511,5472.0,12,70,1,1,1.0,1000,7,5,true,17
725,806,2727,1000,13514,5478.0,12,70,1,1,1.0,1000,6,5,true,17
725,807,2730,1000,13517,5484.0,12,70,1,1,1.0,1000,7,5,true,17
725,808,2734,1000,13521,5492.0,12,70,1,1,1.0,1000,7,5,true,17
725,809,2737,1000,13524,5498.0,12,70,1,1,1.0,1000,6,5,true,17
725,810,2740,1000,13527,5504.0,12,70,1,1,1.0,1000,6,5,true,17
725,811,2744,1000,13531,5512.0,12,70,1,1,1.0,1000,6,5,true,17
725,812,2747,1000,13534,5518.0,12,70,1,1,1.0,1000,6,5,true,17
725,813,2750,1000,13537,5524.0,12,70,1,1,1.0,1000,6,5,true,17
725,814,2753,1000,13540,5530.0,12,70,1,1,1.0,1000,6,5,true,17
725,815,2756,1000,13543,5536.0,12,70,1,1,1.0,1000,6,5,true,17
725,816,2760,1000,13547,5544.0,12,70,1,1,1.0,1000,7,5,true,17
725,817,2764,1000,13551,5552.0,12,70,1,1,1.0,1000,7,5,true,17
725,818,2768,1000,13555,5560.0,12,70,1,1,1.0,1000,7,5,true,17
725,819,2771,1000,13558,5566.0,12,70,1,1,1.0,1000,6,5,true,17
725,820,2775,1000,13562,5574.0,12,70,1,1,1.0,1000,6,5,true,17
725,821,2779,1000,13566,5582.0,12,70,1,1,1.0,1000,7,5,true,17
725,822,2782,1000,13569,5588.0,12,70,1,1,1.0,1000,6,5,true,17
725,823,2785,1000,13572,5594.0,12,70,1,1,1.0,1000,6,5,true,17
725,824,2789,1000,13576,5602.0,12,70,1,1,1.0,1000,6,5,true,17
725,825,2792,1000,13579,5608.0,12,70,1,1,1.0,1000,6,5,true,17
725,826,2796,1000,13583,5616.0,12,70,1,1,1.0,1000,7,5,true,17
725,827,2800,1000,13587,5624.0,12,70,1,1,1.0,1000,7,5,true,17
725,828,2804,1000,13591,5632.0,12,70,1,1,1.0,1000,7,5,true,17
725,829,2808,1000,13595,5640.0,12,70,1,1,1.0,1000,7,5,true,17
725,830,2812,1000,13599,5648.0,12,70,1,1,1.0,1000,7,5,true,17
725,831,2816,1000,13603,5656.0,12,70,1,1,1.0,1000,7,5,true,17
725,832,2819,1000,13606,5662.0,12,70,1,1,1.0,1000,6,5,true,17
725,833,2822,1000,13609,5668.0,12,70,1,1,1.0,1000,6,5,true,17
725,834,2826,1000,13613,5676.0,12,70,1,1,1.0,1000,7,5,true,17
725,835,2830,1000,13617,5684.0,12,70,1,1,1.0,1000,7,5,true,17
725,836,2834,1000,13621,5692.0,12,70,1,1,1.0,1000,7,5,true,17
725,837,2838,1000,13625,5700.0,12,70,1,1,1.0,1000,7,5,true,17
725,838,2841,1000,13628,5706.0,12,70,1,1,1.0,1000,6,5,true,17
725,839,2845,1000,13632,5714.0,12,70,1,1,1.0,1000,6,5,true,17
725,840,2848,1000,13635,5720.0,12,70,1,1,1.0,1000,6,5,true,17
725,841,2852,1000,13639,5728.0,12,70,1,1,1.0,1000,7,5,true,17
725,842,2855,1000,13642,5734.0,12,70,1,1,1.0,1000,6,5,true,17
725,843,2859,1000,13646,5742.0,12,70,1,1,1.0,1000,6,5,true,17
725,844,2863,1000,13650,5750.0,12,70,1,1,1.0,1000,7,5,true,17
725,845,2867,1000,13654,5758.0,12,70,1,1,1.0,1000,7,5,true,17
725,846,2871,1000,13658,5766.0,12,70,1,1,1.0,1000,6,5,true,17
725,847,2874,1000,13661,5772.0,12,70,1,1,1.0,1000,6,5,true,17
725,848,2878,1000,13665,5780.0,12,70,1,1,1.0,1000,7,5,true,17
725,849,2882,1000,13669,5788.0,12,70,1,1,1.0,1000,7,5,true,17
725,850,2886,1000,13673,5796.0,12,70,1,1,1.0,1000,6,5,true,17
725,851,2890,1000,13677,5804.0,12,70,1,1,1.0,1000,7,5,true,17
725,852,2893,1000,13680,5810.0,12,70,1,1,1.0,1000,6,5,true,17
725,853,2896,1000,13683,5816.0,12,70,1,1,1.0,1000,6,5,true,17
725,854,2899,1000,13686,5822.0,12,70,1,1,1.0,1000,6,5,true,17
725,855,2902,1000,13689,5828.0,12,70,1,1,1.0,1000,6,5,true,17
725,856,2905,1000,13692,5834.0,12,70,1,1,1.0,1000,6,5,true,17
725,857,2909,1000,13696,5842.0,12,70,1,1,1.0,1000,7,5,true,17
725,858,2912,1000,13699,5848.0,12,70,1,1,1.0,1000,7,5,true,17
725,859,2915,1000,13702,5854.0,12,70,1,1,1.0,1000,6,5,true,17
725,860,2919,1000,13706,5862.0,12,70,1,1,1.0,1000,7,5,true,17
725,861,2923,1000,13710,5870.0,12,70,1,1,1.0,1000,6,5,true,17
725,862,2926,1000,13713,5876.0,12,70,1,1,1.0,1000,6,5,true,17
725,863,2929,1000,13716,5882.0,12,70,1,1,1.0,1000,6,5,true,17
725,864,2932,1000,13719,5888.0,12,70,1,1,1.0,1000,6,5,true,17
725,865,2935,1000,13722,5894.0,12,70,1,1,1.0,1000,6,5,true,17
725,867,2941,1000,13728,5906.0,12,70,1,1,1.0,1000,6,5,true,17
725,867,2941,1000,13728,5906.0,12,70,1,1,1.0,1000,6,5,true,17
725,868,2944,1000,13731,5912.0,12,70,1,1,1.0,1000,6,5,true,17
725,869,2947,1000,13734,5918.0,12,70,1,1,1.0,1000,6,5,true,17
725,870,2950,1000,13737,5924.0,12,70,1,1,1.0,1000,6,5,true,17
725,871,2954,1000,13741,5932.0,12,70,1,1,1.0,1000,7,5,true,17
725,872,2958,1000,13745,5940.0,12,70,1,1,1.0,1000,7,5,true,17
725,873,2962,1000,13749,5948.0,12,70,1,1,1.0,1000,7,5,true,17
725,874,2966,1000,13753,5956.0,12,70,1,1,1.0,1000,6,5,true,17
725,875,2970,1000,14862,5964.0,12,70,1,1,1.0,1000,7,5,true,17
725,876,2974,1000,14866,5972.0,12,70,1,1,1.0,1000,7,5,true,17
725,877,2978,1000,14870,5980.0,12,70,1,1,1.0,1000,7,5,true,17
725,878,2981,1000,14873,5986.0,12,70,1,1,1.0,1000,6,5,true,17
725,879,2985,1000,14877,5994.0,12,70,1,1,1.0,1000,7,5,true,17
725,880,2988,1000,14880,6000.0,12,70,1,1,1.0,1000,6,5,true,17
725,881,2991,1000,14883,6006.0,12,70,1,1,1.0,1000,6,5,true,17
725,882,2994,1000,14886,6012.0,12,70,1,1,1.0,1000,7,5,true,17
725,883,2998,1000,14890,6020.0,12,70,1,1,1.0,1000,7,5,true,17
725,884,3002,1000,14894,6028.0,12,70,1,1,1.0,1000,7,5,true,17
725,885,3005,1000,14897,6034.0,12,70,1,1,1.0,1000,6,5,true,17
725,886,3008,1000,14900,6040.0,12,70,1,1,1.0,1000,6,5,true,17
725,887,3011,1000,14903,6046.0,12,70,1,1,1.0,1000,6,5,true,17
725,888,3014,1000,14906,6052.0,12,70,1,1,1.0,1000,6,5,true,17
725,889,3017,1000,14909,6058.0,12,70,1,1,1.0,1000,6,5,true,17
725,890,3020,1000,14912,6064.0,12,70,1,1,1.0,1000,6,5,true,17
725,891,3023,1000,14915,6070.0,12,70,1,1,1.0,1000,6,5,true,17
725,892,3027,1000,14919,6078.0,12,70,1,1,1.0,1000,7,5,true,17
725,893,3030,1000,14922,6084.0,12,70,1,1,1.0,1000,6,5,true,17
725,894,3033,1000,14925,6090.0,12,70,1,1,1.0,1000,6,5,true,17
725,895,3037,1000,14929,6098.0,12,70,1,1,1.0,1000,6,5,true,17
725,896,3040,1000,14932,6104.0,12,70,1,1,1.0,1000,7,5,true,17
725,897,3044,1000,14936,6112.0,12,70,1,1,1.0,1000,7,5,true,17
725,898,3048,1000,14940,6120.0,12,70,1,1,1.0,1000,6,5,true,17
725,899,3051,1000,14943,6126.0,12,70,1,1,1.0,1000,6,5,true,17
725,900,3054,1000,14946,6132.0,12,70,1,1,1.0,1000,6,5,true,17
725,901,3058,1000,14950,6140.0,12,70,1,1,1.0,1000,6,5,true,17
725,902,3061,1000,14953,6146.0,12,70,1,1,1.0,1000,6,5,true,17
725,903,3064,1000,14956,6152.0,12,70,1,1,1.0,1000,6,5,true,17
725,904,3068,1000,14960,6160.0,12,70,1,1,1.0,1000,7,5,true,17
725,905,3071,1000,14963,6166.0,12,70,1,1,1.0,1000,6,5,true,17
725,906,3074,1000,14966,6172.0,12,70,1,1,1.0,1000,6,5,true,17
725,907,3077,1000,14969,6178.0,12,70,1,1,1.0,1000,6,5,true,17
725,908,3080,1000,14972,6184.0,12,70,1,1,1.0,1000,6,5,true,17
725,909,3083,1000,14975,6190.0,12,70,1,1,1.0,1000,6,5,true,17
725,910,3087,1000,14979,6198.0,12,70,1,1,1.0,1000,7,5,true,17
725,911,3090,1000,14982,6204.0,12,70,1,1,1.0,1000,6,5,true,17
725,912,3093,1000,14985,6210.0,12,70,1,1,1.0,1000,6,5,true,17
725,913,3096,1000,14988,6216.0,12,70,1,1,1.0,1000,7,5,true,17
725,914,3099,1000,14991,6222.0,12,70,1,1,1.0,1000,6,5,true,17
725,915,3103,1000,14995,6230.0,12,70,1,1,1.0,1000,7,5,true,17
725,916,3106,1000,14998,6236.0,12,70,1,1,1.0,1000,7,5,true,17
725,917,3110,1000,15002,6244.0,12,70,1,1,1.0,1000,7,5,true,17
725,918,3114,1000,15006,6252.0,12,70,1,1,1.0,1000,7,5,true,17
725,919,3118,1000,15010,6260.0,12,70,1,1,1.0,1000,7,5,true,17
725,920,3121,1000,15013,6266.0,13,70,1,1,1.0,1000,6,5,true,17
725,921,3125,1000,15017,6274.0,13,70,1,1,1.0,1000,7,5,true,17
725,922,3129,1000,15021,6282.0,13,70,1,1,1.0,1000,6,5,true,17
725,923,3133,1000,15025,6290.0,13,70,1,1,1.0,1000,7,5,true,17
725,924,3137,1000,15029,6298.0,13,70,1,1,1.0,1000,7,5,true,17
725,925,3140,1000,15032,6304.0,13,70,1,1,1.0,1000,6,5,true,17
725,926,3143,1000,15035,6310.0,13,70,1,1,1.0,1000,6,5,true,17
725,927,3146,1000,15038,6316.0,13,70,1,1,1.0,1000,6,5,true,17
725,928,3149,1000,15041,6322.0,13,70,1,1,1.0,1000,6,5,true,17
725,929,3152,1000,15044,6328.0,13,70,1,1,1.0,1000,6,5,true,17
725,930,3156,1000,15048,6336.0,13,70,1,1,1.0,1000,7,5,true,17
725,931,3159,1000,15051,6342.0,13,70,1,1,1.0,1000,6,5,true,17
725,932,3162,1000,15054,6348.0,13,70,1,1,1.0,1000,6,5,true,17
725,933,3166,1000,15058,6356.0,13,70,1,1,1.0,1000,6,5,true,17
725,934,3169,1000,15061,6362.0,13,70,1,1,1.0,1000,6,5,true,17
725,935,3172,1000,15868,6370.0,13,70,1,1,1.0,1000,6,5,true,17
725,936,3176,1000,15872,6378.0,13,70,1,1,1.0,1000,7,5,true,17
725,937,3180,1000,15876,6386.0,13,70,1,1,1.0,1000,7,5,true,17
725,938,3184,1000,15880,6394.0,13,70,1,1,1.0,1000,7,5,true,17
725,939,3187,1000,15883,6400.0,13,70,1,1,1.0,1000,6,5,true,17
725,940,3191,1000,15887,6408.0,13,70,1,1,1.0,1000,7,5,true,17
725,941,3195,1000,15891,6416.0,13,70,1,1,1.0,1000,7,5,true,17
725,942,3198,1000,15894,6422.0,13,70,1,1,1.0,1000,6,5,true,17
725,943,3202,1000,15898,6430.0,13,70,1,1,1.0,1000,6,5,true,17
725,944,3205,1000,15901,6436.0,13,70,1,1,1.0,1000,6,5,true,17
725,945,3208,1000,15904,6442.0,13,70,1,1,1.0,1000,6,5,true,17
725,946,3212,1000,15908,6450.0,13,70,1,1,1.0,1000,7,5,true,17
725,947,3215,1000,15911,6456.0,13,70,1,1,1.0,1000,6,5,true,17
725,948,3218,1000,15914,6462.0,13,70,1,1,1.0,1000,6,5,true,17
725,949,3222,1000,15918,6470.0,13,70,1,1,1.0,1000,7,5,true,17
725,950,3225,1000,15921,6476.0,13,70,1,1,1.0,1000,6,5,true,17
725,951,3229,1000,15925,6484.0,13,70,1,1,1.0,1000,7,5,true,17
725,952,3233,1000,15929,6492.0,13,70,1,1,1.0,1000,7,5,true,17
725,953,3236,1000,15932,6498.0,13,70,1,1,1.0,1000,6,5,true,17
725,954,3239,1000,15935,6504.0,13,70,1,1,1.0,1000,7,5,true,17
725,955,3242,1000,15938,6510.0,13,70,1,1,1.0,1000,7,5,true,17
725,956,3245,1000,15941,6516.0,13,70,1,1,1.0,1000,6,5,true,17
725,957,3248,1000,15944,6522.0,13,70,1,1,1.0,1000,6,5,true,17
725,958,3251,1000,15947,6528.0,13,70,1,1,1.0,1000,7,5,true,17
725,959,3254,1000,15950,6534.0,13,70,1,1,1.0,1000,6,5,true,17
725,960,3258,1000,15954,6542.0,13,70,1,1,1.0,1000,7,5,true,17
725,961,3262,1000,15958,6550.0,13,70,1,1,1.0,1000,7,5,true,17
725,962,3265,1000,15961,6556.0,13,70,1,1,1.0,1000,6,5,true,17
725,963,3268,1000,15964,6562.0,13,70,1,1,1.0,1000,6,5,true,17
725,964,3272,1000,15968,6570.0,13,70,1,1,1.0,1000,7,5,true,17
725,965,3276,1000,15972,6578.0,13,70,1,1,1.0,1000,7,5,true,17
725,966,3279,1000,15975,6584.0,13,70,1,1,1.0,1000,6,5,true,17
725,967,3282,1000,15978,6590.0,13,70,1,1,1.0,1000,6,5,true,17
725,968,3286,1000,15982,6598.0,13,70,1,1,1.0,1000,6,5,true,17
725,969,3290,1000,15986,6606.0,13,70,1,1,1.0,1000,7,5,true,17
725,970,3293,1000,15989,6612.0,13,70,1,1,1.0,1000,6,5,true,17
725,971,3297,1000,15993,6620.0,13,70,1,1,1.0,1000,7,5,true,17
725,972,3300,1000,15996,6626.0,13,70,1,1,1.0,1000,7,5,true,17
725,973,3303,1000,15999,6632.0,14,70,1,1,1.0,1000,6,5,true,17
725,974,3307,1000,16003,6640.0,14,70,1,1,1.0,1000,7,5,true,17
725,975,3310,1000,16006,6646.0,14,70,1,1,1.0,1000,7,5,true,17
725,976,3313,1000,16009,6652.0,14,70,1,1,1.0,1000,6,5,true,17
725,977,3316,1000,16012,6658.0,14,70,1,1,1.0,1000,7,5,true,17
725,978,3319,1000,16015,6664.0,14,70,1,1,1.0,1000,6,5,true,17
725,979,3323,1000,16019,6672.0,14,70,1,1,1.0,1000,6,5,true,17
725,980,3326,1000,16022,6678.0,14,70,1,1,1.0,1000,6,5,true,17
725,981,3330,1000,16026,6686.0,14,70,1,1,1.0,1000,7,5,true,17
725,982,3333,1000,16029,6692.0,14,70,1,1,1.0,1000,6,5,true,17
725,983,3337,1000,16033,6700.0,14,70,1,1,1.0,1000,7,5,true,17
725,984,3341,1000,16037,6708.0,14,70,1,1,1.0,1000,7,5,true,17
725,985,3344,1000,16040,6714.0,14,70,1,1,1.0,1000,6,5,true,17
725,986,3347,1000,16043,6720.0,14,70,1,1,1.0,1000,6,5,true,17
725,987,3350,1000,16046,6726.0,14,70,1,1,1.0,1000,6,5,true,17
725,988,3353,1000,16049,6732.0,14,70,1,1,1.0,1000,6,5,true,17
725,989,3357,1000,16053,6740.0,14,70,1,1,1.0,1000,7,5,true,17
725,990,3360,1000,16056,6746.0,14,70,1,1,1.0,1000,6,5,true,17
725,991,3363,1000,16059,6752.0,14,70,1,1,1.0,1000,6,5,true,17
725,992,3367,1000,16063,6760.0,14,70,1,1,1.0,1000,7,5,true,17
725,993,3370,1000,16066,6766.0,14,70,1,1,1.0,1000,6,5,true,17
725,994,3373,1000,16069,6772.0,14,70,1,1,1.0,1000,6,5,true,17
725,995,3376,1000,16072,6778.0,14,70,1,1,1.0,1000,7,5,true,17
725,996,3379,1000,16075,6784.0,14,70,1,1,1.0,1000,6,5,true,17
725,997,3383,1000,16079,6792.0,14,70,1,1,1.0,1000,6,5,true,17
725,998,3387,1000,16083,6800.0,14,70,1,1,1.0,1000,7,5,true,17
725,999,3391,1000,16087,6808.0,14,70,1,1,1.0,1000,7,5,true,17
725,1000,3395,1000,16091,6816.0,14,70,1,1,1.0,1000,7,5,true,17
725,1001,3398,1000,16094,6822.0,14,70,1,1,1.0,1000,6,5,true,17
725,1002,3402,1000,16098,6830.0,14,70,1,1,1.0,1000,6,5,true,17
725,1003,3405,1000,16101,6836.0,14,70,1,1,1.0,1000,6,5,true,17
725,1004,3408,1000,16104,6842.0,14,70,1,1,1.0,1000,6,5,true,17
725,1005,3411,1000,16107,6848.0,14,70,1,1,1.0,1000,6,5,true,17
725,1006,3414,1000,16110,6854.0,14,70,1,1,1.0,1000,6,5,true,17
725,1007,3418,1000,16114,6862.0,14,70,1,1,1.0,1000,6,5,true,17
725,1008,3422,1000,16118,6870.0,14,70,1,1,1.0,1000,7,5,true,17
725,1009,3426,1000,16122,6878.0,14,70,1,1,1.0,1000,7,5,true,17
725,1010,3429,1000,16125,6884.0,14,70,1,1,1.0,1000,6,5,true,17
725,1011,3432,1000,16128,6890.0,14,70,1,1,1.0,1000,6,5,true,17
725,1012,3435,1000,17183,6898.0,14,70,1,1,1.0,1000,6,5,true,17
725,1013,3438,1000,17186,6904.0,14,70,1,1,1.0,1000,6,5,true,17
725,1014,3442,1000,17190,6912.0,14,70,1,1,1.0,1000,7,5,true,17
725,1015,3445,1000,17193,6918.0,14,70,1,1,1.0,1000,6,5,true,17
725,1016,3448,1000,17196,6924.0,14,70,1,1,1.0,1000,6,5,true,17
725,1017,3451,1000,17199,6930.0,14,70,1,1,1.0,1000,7,5,true,17
725,1018,3455,1000,17203,6938.0,14,70,1,1,1.0,1000,7,5,true,17
725,1019,3459,1000,17207,6946.0,14,70,1,1,1.0,1000,6,5,true,17
725,1020,3462,1000,17210,6952.0,14,70,1,1,1.0,1000,6,5,true,17
725,1021,3466,1000,17214,6960.0,14,70,1,1,1.0,1000,7,5,true,17
725,1022,3470,1000,17218,6968.0,14,70,1,1,1.0,1000,7,5,true,17
725,1023,3473,1000,17221,6974.0,14,70,1,1,1.0,1000,6,5,true,17
725,1024,3476,1000,17224,6980.0,14,70,1,1,1.0,1000,6,5,true,17
725,1025,3480,1000,17228,6988.0,14,70,1,1,1.0,1000,6,5,true,17
725,1026,3483,1000,17231,6994.0,14,70,1,1,1.0,1000,7,5,true,17
725,1027,3486,1000,17361,7000.0,14,70,1,1,1.0,1000,6,5,true,17
725,1028,3489,1000,17364,7006.0,14,70,1,1,1.0,1000,6,5,true,17
725,1029,3493,1000,17368,7014.0,14,70,1,1,1.0,1000,6,5,true,17
725,1030,3497,1000,17372,7022.0,14,70,1,1,1.0,1000,6,5,true,17
725,1031,3500,1000,17375,7028.0,14,70,1,1,1.0,1000,6,5,true,17
725,1032,3504,1000,17379,7036.0,14,70,1,1,1.0,1000,7,5,true,17
725,1033,3507,1000,17382,7042.0,14,70,1,1,1.0,1000,6,5,true,17
725,1034,3511,1000,17386,7050.0,14,70,1,1,1.0,1000,7,5,true,17
725,1035,3515,1000,17390,7058.0,14,70,1,1,1.0,1000,7,5,true,17
725,1036,3519,1000,17394,7066.0,14,70,1,1,1.0,1000,7,5,true,17
725,1037,3522,1000,17397,7072.0,14,70,1,1,1.0,1000,6,5,true,17
725,1038,3525,1000,17400,7078.0,14,70,1,1,1.0,1000,6,5,true,17
725,1039,3528,1000,17403,7084.0,14,70,1,1,1.0,1000,7,5,true,17
725,1040,3531,1000,17406,7090.0,14,70,1,1,1.0,1000,6,5,true,17
725,1041,3534,1000,17409,7096.0,14,70,1,1,1.0,1000,6,5,true,17
725,1042,3538,1000,17413,7104.0,14,70,1,1,1.0,1000,7,5,true,17
725,1043,3542,1000,17417,7112.0,14,70,1,1,1.0,1000,6,5,true,17
725,1044,3546,1000,17421,7120.0,14,70,1,1,1.0,1000,6,5,true,17
725,1045,3549,1000,17424,7126.0,14,70,1,1,1.0,1000,6,5,true,17
725,1046,3552,1000,17427,7132.0,14,70,1,1,1.0,1000,7,5,true,17
725,1047,3555,1000,17430,7138.0,14,70,1,1,1.0,1000,6,5,true,17
725,1048,3558,1000,17433,7144.0,14,70,1,1,1.0,1000,6,5,true,17
725,1049,3561,1000,17436,7150.0,14,70,1,1,1.0,1000,6,5,true,17
725,1050,3564,1000,17439,7156.0,14,70,1,1,1.0,1000,6,5,true,17
725,1051,3567,1000,17442,7162.0,14,70,1,1,1.0,1000,6,5,true,17
725,1052,3570,1000,17445,7168.0,14,70,1,1,1.0,1000,6,5,true,17
725,1053,3573,1000,17448,7174.0,14,70,1,1,1.0,1000,6,5,true,17
725,1054,3576,1000,17451,7180.0,14,70,1,1,1.0,1000,6,5,true,17
725,1055,3580,1000,17455,7188.0,14,70,1,1,1.0,1000,7,5,true,17
725,1056,3583,1000,17458,7194.0,14,70,1,1,1.0,1000,7,5,true,17
725,1057,3586,1000,17461,7200.0,14,70,1,1,1.0,1000,7,5,true,17
725,1058,3589,1000,17464,7206.0,14,70,1,1,1.0,1000,6,5,true,17
725,1059,3592,1000,17467,7212.0,14,70,1,1,1.0,1000,6,5,true,17
725,1060,3595,1000,17470,7218.0,14,70,1,1,1.0,1000,6,5,true,17
725,1061,3599,1000,17474,7226.0,14,70,1,1,1.0,1000,7,5,true,17
725,1062,3603,1000,17478,7234.0,14,70,1,1,1.0,1000,7,5,true,17
725,1063,3607,1000,17482,7242.0,14,70,1,1,1.0,1000,7,5,true,17
725,1064,3611,1000,17486,7250.0,14,70,1,1,1.0,1000,6,5,true,17
725,1065,3615,1000,17490,7258.0,14,70,1,1,1.0,1000,7,5,true,17
725,1066,3618,1000,17493,7264.0,14,70,1,1,1.0,1000,6,5,true,17
725,1067,3621,1000,17496,7270.0,14,70,1,1,1.0,1000,6,5,true,17
725,1068,3625,1000,17500,7278.0,14,70,1,1,1.0,1000,7,5,true,17
725,1069,3629,1000,17504,7286.0,14,70,1,1,1.0,1000,6,5,true,17
725,1071,3635,1000,17510,7298.0,14,70,1,1,1.0,1000,6,5,true,17
725,1071,3635,1000,17510,7298.0,14,70,1,1,1.0,1000,6,5,true,17
725,1072,3638,1000,17513,7304.0,14,70,1,1,1.0,1000,6,5,true,17
725,1073,3641,1000,17516,7310.0,14,70,1,1,1.0,1000,6,5,true,17
725,1074,3645,1000,17520,7318.0,14,70,1,1,1.0,1000,6,5,true,17
725,1075,3649,1000,17524,7326.0,14,70,1,1,1.0,1000,7,5,true,17
725,1076,3653,1000,17528,7334.0,14,70,1,1,1.0,1000,6,5,true,17
725,1077,3656,1000,17531,7340.0,14,70,1,1,1.0,1000,6,5,true,17
725,1078,3659,1000,17534,7346.0,14,70,1,1,1.0,1000,6,5,true,17
725,1079,3663,1000,17538,7354.0,14,70,1,1,1.0,1000,7,5,true,17
725,1080,3666,1000,17541,7360.0,14,70,1,1,1.0,1000,6,5,true,17
725,1081,3669,1000,17544,7366.0,14,70,1,1,1.0,1000,6,5,true,17
725,1082,3673,1000,17548,7374.0,14,70,1,1,1.0,1000,7,5,true,17
725,1083,3676,1000,17551,7380.0,14,70,1,1,1.0,1000,6,5,true,17
725,1084,3680,1000,17555,7388.0,14,70,1,1,1.0,1000,7,5,true,17
725,1085,3684,1000,17559,7396.0,14,70,1,1,1.0,1000,6,5,true,17
725,1086,3687,1000,17562,7402.0,14,70,1,1,1.0,1000,6,5,true,17
725,1087,3690,1000,17565,7408.0,14,70,1,1,1.0,1000,7,5,true,17
725,1088,3694,1000,17569,7416.0,14,70,1,1,1.0,1000,7,5,true,17
725,1089,3697,1000,17572,7422.0,14,70,1,1,1.0,1000,7,5,true,17
725,1090,3701,1000,17576,7430.0,14,70,1,1,1.0,1000,7,5,true,17
725,1091,3704,1000,17579,7436.0,14,70,1,1,1.0,1000,6,5,true,17
725,1092,3707,1000,17582,7442.0,14,70,1,1,1.0,1000,7,5,true,17
725,1093,3711,1000,17586,7450.0,14,70,1,1,1.0,1000,6,5,true,17
725,1094,3715,1000,17590,7458.0,14,70,1,1,1.0,1000,7,5,true,17
725,1095,3717,1000,17592,7462.0,14,70,1,1,1.0,1000,6,5,true,17
725,1096,3720,1000,17595,7468.0,14,70,1,1,1.0,1000,6,5,true,17
725,1097,3724,1000,17599,7476.0,14,70,1,1,1.0,1000,7,5,true,17
725,1098,3728,1000,17603,7484.0,14,70,1,1,1.0,1000,7,5,true,17
725,1099,3731,1000,17606,7490.0,14,70,1,1,1.0,1000,7,5,true,17
725,1100,3734,1000,17609,7496.0,14,70,1,1,1.0,1000,6,5,true,17
725,1101,3737,1000,17612,7502.0,14,70,1,1,1.0,1000,6,5,true,17
725,1102,3740,1000,17615,7508.0,14,70,1,1,1.0,1000,6,5,true,17
725,1103,3743,1000,17618,7514.0,14,70,1,1,1.0,1000,6,5,true,17
725,1104,3747,1000,17622,7522.0,14,70,1,1,1.0,1000,7,5,true,17
725,1105,3750,1000,17625,7528.0,14,70,1,1,1.0,1000,6,5,true,17
725,1106,3754,1000,17629,7536.0,14,70,1,1,1.0,1000,7,5,true,17
725,1107,3757,1000,17632,7542.0,14,70,1,1,1.0,1000,6,5,true,17
725,1108,3761,1000,17636,7550.0,14,70,1,1,1.0,1000,7,5,true,17
725,1109,3764,1000,17639,7556.0,14,70,1,1,1.0,1000,6,5,true,17
725,1110,3767,1000,17642,7562.0,14,70,1,1,1.0,1000,6,5,true,17
725,1111,3770,1000,17645,7568.0,14,70,1,1,1.0,1000,6,5,true,17
725,1112,3773,1000,17648,7574.0,14,70,1,1,1.0,1000,6,5,true,17
725,1113,3776,1000,17651,7580.0,14,70,1,1,1.0,1000,6,5,true,17
725,1114,3779,1000,17654,7586.0,14,70,1,1,1.0,1000,7,5,true,17
725,1115,3783,1000,17658,7594.0,14,70,1,1,1.0,1000,7,5,true,17
725,1116,3786,1000,17661,7600.0,14,70,1,1,1.0,1000,6,5,true,17
725,1117,3790,1000,17665,7608.0,14,70,1,1,1.0,1000,7,5,true,17
725,1118,3793,1000,17668,7614.0,14,70,1,1,1.0,1000,6,5,true,17
725,1119,3796,1000,17671,7620.0,14,70,1,1,1.0,1000,6,5,true,17
725,1120,3800,1000,17675,7628.0,14,70,1,1,1.0,1000,6,5,true,17
725,1121,3804,1000,17679,7636.0,14,70,1,1,1.0,1000,7,5,true,17
725,1122,3808,1000,17683,7644.0,14,70,1,1,1.0,1000,7,5,true,17
725,1123,3812,1000,17687,7652.0,14,70,1,1,1.0,1000,7,5,true,17
725,1124,3815,1000,17690,7658.0,14,70,1,1,1.0,1000,6,5,true,17
725,1125,3818,1000,17693,7664.0,14,70,1,1,1.0,1000,6,5,true,17
725,1126,3822,1000,17697,7672.0,14,70,1,1,1.0,1000,7,5,true,17
725,1127,3825,1000,17700,7678.0,14,70,1,1,1.0,1000,7,5,true,17
725,1128,3829,1000,17704,7686.0,14,70,1,1,1.0,1000,7,5,true,17
725,1129,3832,1000,17707,7692.0,14,70,1,1,1.0,1000,7,5,true,17
725,1130,3835,1000,17710,7698.0,14,70,1,1,1.0,1000,6,5,true,17
725,1131,3839,1000,17714,7706.0,14,70,1,1,1.0,1000,6,5,true,17
725,1132,3842,1000,17717,7712.0,14,70,1,1,1.0,1000,6,5,true,17
725,1133,3845,1000,17720,7718.0,14,70,1,1,1.0,1000,6,5,true,17
725,1134,3848,1000,17723,7724.0,14,70,1,1,1.0,1000,6,5,true,17
725,1135,3852,1000,17727,7732.0,14,70,1,1,1.0,1000,6,5,true,17
725,1136,3855,1000,17730,7738.0,14,70,1,1,1.0,1000,7,5,true,17
725,1137,3858,1000,17733,7744.0,14,70,1,1,1.0,1000,7,5,true,17
725,1138,3862,1000,17737,7752.0,14,70,1,1,1.0,1000,7,5,true,17
725,1139,3865,1000,17740,7758.0,14,70,1,1,1.0,1000,6,5,true,17
725,1140,3868,1000,17743,7764.0,14,70,1,1,1.0,1000,6,5,true,17
725,1141,3872,1000,17747,7772.0,14,70,1,1,1.0,1000,7,5,true,17
725,1142,3876,1000,17751,7780.0,14,70,1,1,1.0,1000,6,5,true,17
725,1143,3879,1000,17754,7786.0,14,70,1,1,1.0,1000,6,5,true,17
725,1144,3882,1000,19366,7792.0,14,70,1,1,1.0,1000,6,5,true,17
725,1145,3885,1000,19369,7798.0,14,70,1,1,1.0,1000,6,5,true,17
725,1146,3888,1000,19372,7804.0,14,70,1,1,1.0,1000,6,5,true,17
725,1147,3891,1000,19375,7810.0,14,70,1,1,1.0,1000,6,5,true,17
725,1148,3895,1000,19379,7818.0,14,70,1,1,1.0,1000,7,5,true,17
725,1149,3898,1000,19382,7824.0,14,70,1,1,1.0,1000,6,5,true,17
725,1150,3901,1000,19385,7830.0,14,70,1,1,1.0,1000,6,5,true,17
725,1151,3904,1000,19388,7836.0,14,70,1,1,1.0,1000,6,5,true,17
725,1152,3907,1000,19391,7842.0,14,70,1,1,1.0,1000,7,5,true,17
725,1153,3911,1000,19395,7850.0,14,70,1,1,1.0,1000,7,5,true,17
725,1154,3915,1000,19399,7858.0,14,70,1,1,1.0,1000,7,5,true,17
725,1155,3918,1000,19402,7864.0,14,70,1,1,1.0,1000,6,5,true,17
725,1156,3921,1000,19405,7870.0,14,70,1,1,1.0,1000,6,5,true,17
725,1157,3924,1000,19408,7876.0,14,70,1,1,1.0,1000,7,5,true,17
725,1158,3928,1000,19412,7884.0,14,70,1,1,1.0,1000,6,5,true,17
725,1159,3931,1000,19415,7890.0,14,70,1,1,1.0,1000,7,5,true,17
725,1160,3935,1000,19419,7898.0,14,70,1,1,1.0,1000,7,5,true,17
725,1161,3938,1000,19422,7904.0,14,70,1,1,1.0,1000,7,5,true,17
725,1162,3942,1000,19426,7912.0,14,70,1,1,1.0,1000,7,5,true,17
725,1163,3945,1000,19429,7918.0,14,70,1,1,1.0,1000,6,5,true,17
725,1164,3949,1000,19433,7926.0,14,70,1,1,1.0,1000,6,5,true,17
725,1165,3952,1000,19436,7932.0,14,70,1,1,1.0,1000,6,5,true,17
725,1166,3955,1000,19439,7938.0,14,70,1,1,1.0,1000,6,5,true,17
725,1167,3958,1000,19442,7944.0,14,70,1,1,1.0,1000,6,5,true,17
725,1168,3961,1000,19445,7950.0,14,70,1,1,1.0,1000,6,5,true,17
725,1169,3965,1000,19823,7958.0,14,70,1,1,1.0,1000,7,5,true,17
725,1170,3968,1000,19826,7964.0,14,70,1,1,1.0,1000,6,5,true,17
725,1171,3972,1000,19830,7972.0,14,70,1,1,1.0,1000,7,5,true,17
725,1172,3976,1000,19834,7980.0,14,70,1,1,1.0,1000,7,5,true,17
725,1173,3979,1000,19837,7986.0,14,70,1,1,1.0,1000,6,5,true,17
725,1174,3982,1000,19840,7992.0,14,70,1,1,1.0,1000,6,5,true,17
725,1175,3985,1000,19843,7998.0,14,70,1,1,1.0,1000,6,5,true,17
725,1176,3988,1000,19846,8004.0,14,70,1,1,1.0,1000,6,5,true,17
725,1177,3992,1000,19850,8012.0,14,70,1,1,1.0,1000,7,5,true,17
725,1178,3995,1000,19853,8018.0,14,70,1,1,1.0,1000,6,5,true,17
725,1179,3998,1000,19856,8024.0,14,70,1,1,1.0,1000,6,5,true,17
725,1180,4001,1000,19859,8030.0,14,70,1,1,1.0,1000,6,5,true,17
725,1181,4004,1000,19862,8036.0,14,70,1,1,1.0,1000,6,5,true,17
725,1182,4008,1000,19866,8044.0,14,70,1,1,1.0,1000,7,5,true,17
725,1183,4011,1000,19869,8050.0,14,70,1,1,1.0,1000,6,5,true,17
725,1184,4014,1000,19872,8056.0,14,70,1,1,1.0,1000,6,5,true,17
725,1185,4017,1000,19875,8062.0,14,70,1,1,1.0,1000,7,5,true,17
725,1186,4021,1000,20099,8072.0,14,70,1,1,1.0,1000,7,5,true,17
725,1187,4024,1000,20102,8078.0,14,70,1,1,1.0,1000,6,5,true,17
725,1188,4027,1000,20105,8084.0,14,70,1,1,1.0,1000,6,5,true,17
725,1189,4030,1000,20108,8090.0,14,70,1,1,1.0,1000,6,5,true,17
725,1190,4033,1000,20111,8096.0,14,70,1,1,1.0,1000,6,5,true,17
725,1191,4037,1000,20115,8104.0,14,70,1,1,1.0,1000,7,5,true,17
725,1192,4040,1000,20118,8110.0,14,70,1,1,1.0,1000,6,5,true,17
725,1193,4043,1000,20121,8116.0,14,70,1,1,1.0,1000,6,5,true,17
725,1194,4046,1000,20124,8122.0,14,70,1,1,1.0,1000,6,5,true,17
725,1195,4050,1000,20128,8130.0,14,70,1,1,1.0,1000,7,5,true,17
725,1196,4053,1000,20131,8136.0,14,70,1,1,1.0,1000,6,5,true,17
725,1197,4056,1000,20134,8142.0,14,70,1,1,1.0,1000,6,5,true,17
725,1198,4060,1000,20138,8150.0,14,70,1,1,1.0,1000,6,5,true,17
725,1199,4063,1000,20325,8158.0,14,70,1,1,1.0,1000,6,5,true,17
725,1200,4066,1000,20328,8164.0,14,70,1,1,1.0,1000,6,5,true,17
725,1201,4070,1000,20332,8172.0,14,70,1,1,1.0,1000,6,5,true,17
725,1202,4073,1000,20335,8178.0,14,70,1,1,1.0,1000,6,5,true,17
725,1203,4076,1000,20338,8184.0,14,70,1,1,1.0,1000,6,5,true,17
725,1204,4079,1000,20360,8190.0,14,70,1,1,1.0,1000,6,5,true,17
725,1205,4082,1000,20363,8196.0,14,70,1,1,1.0,1000,7,5,true,17
725,1206,4085,1000,20366,8202.0,14,70,1,1,1.0,1000,6,5,true,17
725,1207,4088,1000,20369,8208.0,14,70,1,1,1.0,1000,6,5,true,17
725,1208,4091,1000,20372,8214.0,14,70,1,1,1.0,1000,6,5,true,17
725,1209,4094,1000,20375,8220.0,14,70,1,1,1.0,1000,6,5,true,17
725,1210,4097,1000,20378,8226.0,14,70,1,1,1.0,1000,6,5,true,17
725,1211,4100,1000,20381,8232.0,14,70,1,1,1.0,1000,6,5,true,17
725,1212,4103,1000,20384,8238.0,14,70,1,1,1.0,1000,6,5,true,17
725,1213,4106,1000,20387,8244.0,14,70,1,1,1.0,1000,6,5,true,17
725,1214,4110,1000,20391,8252.0,14,70,1,1,1.0,1000,6,5,true,17
725,1215,4113,1000,20394,8258.0,14,70,1,1,1.0,1000,6,5,true,17
725,1216,4117,1000,20398,8266.0,14,70,1,1,1.0,1000,7,5,true,17
725,1217,4120,1000,20401,8272.0,14,70,1,1,1.0,1000,6,5,true,17
725,1218,4123,1000,20404,8278.0,14,70,1,1,1.0,1000,6,5,true,17
725,1219,4126,1000,20407,8284.0,14,70,1,1,1.0,1000,7,5,true,17
725,1220,4129,1000,20410,8290.0,14,70,1,1,1.0,1000,6,5,true,17
725,1221,4132,1000,20413,8296.0,14,70,1,1,1.0,1000,6,5,true,17
725,1222,4136,1000,20417,8304.0,14,70,1,1,1.0,1000,7,5,true,17
725,1223,4140,1000,20421,8312.0,14,70,1,1,1.0,1000,7,5,true,17
725,1224,4143,1000,20424,8318.0,14,70,1,1,1.0,1000,6,5,true,17
725,1225,4146,1000,20427,8324.0,14,70,1,1,1.0,1000,6,5,true,17
725,1226,4149,1000,20430,8330.0,14,70,1,1,1.0,1000,6,5,true,17
725,1227,4153,1000,20434,8338.0,14,70,1,1,1.0,1000,7,5,true,17
725,1228,4157,1000,20438,8346.0,14,70,1,1,1.0,1000,6,5,true,17
725,1229,4160,1000,20441,8352.0,14,70,1,1,1.0,1000,7,5,true,17
725,1230,4163,1000,20444,8358.0,14,70,1,1,1.0,1000,6,5,true,17
725,1231,4166,1000,20447,8364.0,14,70,1,1,1.0,1000,6,5,true,17
725,1232,4169,1000,20450,8370.0,14,70,1,1,1.0,1000,6,5,true,17
725,1233,4172,1000,20453,8376.0,14,70,1,1,1.0,1000,6,5,true,17
725,1234,4175,1000,20456,8382.0,14,70,1,1,1.0,1000,6,5,true,17
725,1235,4178,1000,20459,8388.0,14,70,1,1,1.0,1000,6,5,true,17
725,1236,4182,1000,20463,8396.0,14,70,1,1,1.0,1000,6,5,true,17
725,1237,4185,1000,20466,8402.0,14,70,1,1,1.0,1000,7,5,true,17
725,1238,4188,1000,20469,8408.0,14,70,1,1,1.0,1000,6,5,true,17
725,1239,4192,1000,20473,8416.0,14,70,1,1,1.0,1000,7,5,true,17
725,1240,4195,1000,20476,8422.0,14,70,1,1,1.0,1000,6,5,true,17
725,1241,4199,1000,20480,8430.0,14,70,1,1,1.0,1000,6,5,true,17
725,1242,4202,1000,20483,8436.0,14,70,1,1,1.0,1000,6,5,true,17
725,1243,4206,1000,20487,8444.0,14,70,1,1,1.0,1000,7,5,true,17
725,1244,4209,1000,20490,8450.0,14,70,1,1,1.0,1000,6,5,true,17
725,1245,4212,1000,20493,8456.0,14,70,1,1,1.0,1000,6,5,true,17
725,1246,4215,1000,20496,8462.0,14,70,1,1,1.0,1000,6,5,true,17
725,1247,4219,1000,20500,8470.0,14,70,1,1,1.0,1000,7,5,true,17
725,1248,4223,1000,20504,8478.0,14,70,1,1,1.0,1000,7,5,true,17
725,1249,4227,1000,20508,8486.0,14,70,1,1,1.0,1000,7,5,true,17
725,1250,4230,1000,20511,8492.0,14,70,1,1,1.0,1000,6,5,true,17
725,1251,4233,1000,20514,8498.0,14,70,1,1,1.0,1000,7,5,true,17
725,1253,4239,1000,20520,8510.0,14,70,1,1,1.0,1000,6,5,true,17
725,1253,4239,1000,20520,8510.0,14,70,1,1,1.0,1000,6,5,true,17
725,1254,4242,1000,20523,8516.0,14,70,1,1,1.0,1000,6,5,true,17
725,1255,4245,1000,20526,8522.0,14,70,1,1,1.0,1000,7,5,true,17
725,1256,4248,1000,20529,8528.0,14,70,1,1,1.0,1000,7,5,true,17
725,1257,4251,1000,20532,8534.0,14,70,1,1,1.0,1000,6,5,true,17
725,1258,4255,1000,20536,8542.0,14,70,1,1,1.0,1000,7,5,true,17
725,1259,4258,1000,20539,8548.0,14,70,1,1,1.0,1000,6,5,true,17
725,1260,4261,1000,20542,8554.0,14,70,1,1,1.0,1000,6,5,true,17
725,1261,4265,1000,20546,8562.0,14,70,1,1,1.0,1000,6,5,true,17
725,1262,4268,1000,20549,8568.0,14,70,1,1,1.0,1000,6,5,true,17
725,1263,4271,1000,20552,8574.0,14,70,1,1,1.0,1000,6,5,true,17
725,1264,4274,1000,20555,8580.0,14,70,1,1,1.0,1000,6,5,true,17
725,1265,4278,1000,20559,8588.0,14,70,1,1,1.0,1000,6,5,true,17
725,1266,4281,1000,20562,8594.0,14,70,1,1,1.0,1000,6,5,true,17
725,1267,4284,1000,20565,8600.0,14,70,1,1,1.0,1000,6,5,true,17
725,1268,4287,1000,20568,8606.0,14,70,1,1,1.0,1000,6,5,true,17
725,1269,4290,1000,20571,8612.0,14,70,1,1,1.0,1000,6,5,true,17
725,1270,4293,1000,20574,8618.0,14,70,1,1,1.0,1000,6,5,true,17
725,1271,4297,1000,20578,8626.0,14,70,1,1,1.0,1000,7,5,true,17
725,1272,4300,1000,20581,8632.0,14,70,1,1,1.0,1000,6,5,true,17
725,1273,4304,1000,20585,8640.0,14,70,1,1,1.0,1000,7,5,true,17
725,1274,4307,1000,20588,8646.0,14,70,1,1,1.0,1000,6,5,true,17
725,1275,4310,1000,20591,8652.0,14,70,1,1,1.0,1000,7,5,true,17
725,1276,4314,1000,20595,8660.0,14,70,1,1,1.0,1000,7,5,true,17
725,1277,4317,1000,20598,8666.0,14,70,1,1,1.0,1000,6,5,true,17
725,1278,4321,1000,20602,8674.0,14,70,1,1,1.0,1000,7,5,true,17
725,1279,4323,1000,20604,8678.0,14,70,1,1,1.0,1000,6,5,true,17
725,1280,4326,1000,20607,8684.0,14,70,1,1,1.0,1000,6,5,true,17
725,1281,4330,1000,20611,8692.0,14,70,1,1,1.0,1000,7,5,true,17
725,1282,4333,1000,20614,8698.0,14,70,1,1,1.0,1000,6,5,true,17
725,1283,4336,1000,20617,8704.0,14,70,1,1,1.0,1000,6,5,true,17
725,1284,4340,1000,20621,8712.0,14,70,1,1,1.0,1000,7,5,true,17
725,1285,4343,1000,20624,8718.0,14,70,1,1,1.0,1000,6,5,true,17
725,1286,4347,1000,20628,8726.0,14,70,1,1,1.0,1000,7,5,true,17
725,1287,4351,1000,20632,8734.0,14,70,1,1,1.0,1000,7,5,true,17
725,1288,4355,1000,20636,8742.0,14,70,1,1,1.0,1000,7,5,true,17
725,1289,4357,1000,20638,8746.0,14,70,1,1,1.0,1000,6,5,true,17
725,1290,4361,1000,20642,8754.0,14,70,1,1,1.0,1000,6,5,true,17
725,1291,4365,1000,20646,8762.0,14,70,1,1,1.0,1000,7,5,true,17
725,1292,4368,1000,20649,8768.0,14,70,1,1,1.0,1000,6,5,true,17
725,1293,4371,1000,20652,8774.0,14,70,1,1,1.0,1000,6,5,true,17
725,1294,4374,1000,20655,8780.0,14,70,1,1,1.0,1000,7,5,true,17
725,1295,4377,1000,20658,8786.0,14,70,1,1,1.0,1000,6,5,true,17
725,1296,4380,1000,20661,8792.0,14,70,1,1,1.0,1000,6,5,true,17
725,1297,4384,1000,20665,8800.0,14,70,1,1,1.0,1000,7,5,true,17
725,1298,4388,1000,20669,8808.0,14,70,1,1,1.0,1000,7,5,true,17
725,1299,4392,1000,20673,8816.0,14,70,1,1,1.0,1000,7,5,true,17
725,1300,4396,1000,20677,8824.0,14,70,1,1,1.0,1000,6,5,true,17
725,1301,4399,1000,20680,8830.0,14,70,1,1,1.0,1000,6,5,true,17
725,1302,4403,1000,20684,8838.0,14,70,1,1,1.0,1000,7,5,true,17
725,1304,4409,1000,20690,8850.0,14,70,1,1,1.0,1000,6,5,true,17
725,1304,4409,1000,20690,8850.0,14,70,1,1,1.0,1000,7,5,true,17
725,1305,4412,1000,20693,8856.0,14,70,1,1,1.0,1000,6,5,true,17
725,1306,4415,1000,20696,8862.0,14,70,1,1,1.0,1000,6,5,true,17
725,1307,4418,1000,20699,8868.0,14,70,1,1,1.0,1000,6,5,true,17
725,1308,4421,1000,20702,8874.0,14,70,1,1,1.0,1000,6,5,true,17
725,1309,4424,1000,20705,8880.0,14,70,1,1,1.0,1000,6,5,true,17
725,1310,4427,1000,20708,8886.0,14,70,1,1,1.0,1000,7,5,true,17
725,1311,4430,1000,20711,8892.0,14,70,1,1,1.0,1000,6,5,true,17
725,1312,4434,1000,20715,8900.0,14,70,1,1,1.0,1000,7,5,true,17
725,1313,4438,1000,20719,8908.0,14,70,1,1,1.0,1000,6,5,true,17
725,1314,4442,1000,20723,8916.0,14,70,1,1,1.0,1000,7,5,true,17
725,1315,4446,1000,20727,8924.0,14,70,1,1,1.0,1000,6,5,true,17
