729,1,4,5,4,16.0,25,70,0,1,0.0,1000,7,1,true,54
729,2,8,9,8,32.0,53,70,0,1,0.0,1000,7,1,true,54
729,3,12,13,12,48.0,78,70,0,1,0.0,1000,7,1,true,54
729,4,16,16,16,64.0,98,70,0,1,0.0,1000,7,1,true,54
729,5,20,20,20,80.0,119,70,0,1,0.0,1000,7,1,true,54
729,6,23,23,23,92.0,133,70,0,1,0.0,1000,6,1,true,54
729,7,27,27,27,108.0,161,70,0,1,0.0,1000,7,1,true,54
729,8,30,30,30,120.0,178,70,0,1,0.0,1000,6,1,true,54
729,9,34,33,34,136.0,209,70,0,1,0.0,1000,7,1,true,54
729,10,38,35,38,152.0,235,70,0,1,0.0,1000,7,1,true,54
729,11,41,38,41,164.0,253,70,0,1,0.0,1000,6,1,true,54
729,12,45,42,45,180.0,271,70,0,1,0.0,1000,7,1,true,54
729,13,49,45,49,196.0,289,70,0,1,0.0,1000,7,1,true,54
729,14,53,49,53,212.0,310,70,0,1,0.0,1000,7,1,true,54
729,15,57,53,57,228.0,330,70,0,1,0.0,1000,6,1,true,54
729,16,61,57,61,244.0,351,70,0,1,0.0,1000,7,1,true,54
729,17,65,61,65,260.0,372,70,0,1,0.0,1000,7,1,true,54
729,18,69,65,69,276.0,394,70,0,1,0.0,1000,7,1,true,54
729,19,73,69,73,292.0,417,70,0,1,0.0,1000,7,1,true,54
729,20,75,71,75,300.0,425,70,0,1,0.0,1000,6,1,true,54
729,21,80,75,80,320.0,451,70,0,1,0.0,1000,7,1,true,54
729,22,83,78,83,332.0,473,70,0,1,0.0,1000,6,1,true,54
729,23,87,82,87,348.0,502,70,0,1,0.0,1000,7,1,true,54
729,24,91,84,91,364.0,525,70,0,1,0.0,1000,7,1,true,54
729,25,95,88,95,380.0,545,70,0,1,0.0,1000,7,1,true,54
729,26,98,91,98,392.0,565,70,0,1,0.0,1000,6,1,true,54
729,27,101,94,101,404.0,580,70,0,1,0.0,1000,6,1,true,54
729,28,104,96,104,416.0,598,70,0,1,0.0,1000,6,1,true,54
729,29,108,100,108,432.0,627,70,0,1,0.0,1000,7,1,true,54
729,30,112,104,112,448.0,652,70,0,1,0.0,1000,7,1,true,54
729,31,116,107,116,464.0,672,70,0,1,0.0,1000,7,1,true,54
729,32,120,111,120,480.0,698,70,0,1,0.0,1000,7,1,true,54
729,33,124,115,124,496.0,716,70,0,1,0.0,1000,7,1,true,54
729,34,127,118,127,508.0,733,70,0,1,0.0,1000,7,1,true,54
729,35,131,121,131,524.0,760,70,0,1,0.0,1000,7,1,true,54
729,36,135,125,135,540.0,776,70,0,1,0.0,1000,7,1,true,54
729,37,138,128,138,552.0,799,70,0,1,0.0,1000,7,1,true,54
729,38,142,132,142,568.0,818,70,0,1,0.0,1000,7,1,true,54
729,39,146,136,146,584.0,834,70,0,1,0.0,1000,7,1,true,54
729,40,150,140,150,600.0,854,70,0,1,0.0,1000,7,1,true,54
729,41,154,143,154,616.0,881,70,0,1,0.0,1000,7,1,true,54
729,42,158,146,158,632.0,898,70,0,1,0.0,1000,7,1,true,54
729,43,161,149,161,644.0,914,70,0,1,0.0,1000,6,1,true,54
729,44,165,151,165,660.0,936,70,0,1,0.0,1000,7,1,true,54
729,45,169,155,169,676.0,962,70,0,1,0.0,1000,7,1,true,54
729,46,173,159,173,692.0,983,70,0,1,0.0,1000,6,1,true,54
729,47,176,162,176,704.0,1003,70,0,1,0.0,1000,6,1,true,54
729,48,180,166,180,720.0,1026,70,0,1,0.0,1000,7,1,true,54
729,49,184,169,184,736.0,1049,70,0,1,0.0,1000,7,1,true,54
729,50,188,171,188,752.0,1081,70,0,1,0.0,1000,7,1,true,54
729,51,192,175,192,768.0,1104,70,0,1,0.0,1000,6,1,true,54
729,52,195,178,195,780.0,1117,70,0,1,0.0,1000,6,1,true,54
729,53,199,181,199,796.0,1136,70,0,1,0.0,1000,7,1,true,54
729,54,203,183,203,812.0,1161,70,0,1,0.0,1000,7,1,true,54
729,55,207,186,207,828.0,1184,70,0,1,0.0,1000,7,1,true,54
729,56,211,189,211,844.0,1206,70,0,1,0.0,1000,7,1,true,54
729,57,215,193,215,860.0,1219,70,0,1,0.0,1000,7,1,true,54
729,58,218,195,218,872.0,1238,70,0,1,0.0,1000,6,1,true,54
729,59,222,199,222,888.0,1263,70,0,1,0.0,1000,7,1,true,54
729,60,226,202,226,904.0,1287,70,0,1,0.0,1000,6,1,true,54
729,61,229,204,229,916.0,1311,70,0,1,0.0,1000,7,1,true,54
729,62,234,208,234,936.0,1339,70,0,1,0.0,1000,7,1,true,54
729,63,238,211,238,952.0,1359,70,0,1,0.0,1000,6,1,true,54
729,64,242,215,242,968.0,1378,70,0,1,0.0,1000,7,1,true,54
729,65,246,218,246,984.0,1393,70,0,1,0.0,1000,7,1,true,54
729,66,250,221,250,1000.0,1413,70,0,1,0.0,1000,7,1,true,54
729,67,253,223,253,1012.0,1427,70,0,1,0.0,1000,7,1,true,54
729,68,256,224,256,1024.0,1444,70,0,1,0.0,1000,6,1,true,54
729,69,259,224,259,1036.0,1459,70,0,1,0.0,1000,6,1,true,54
729,70,263,227,263,1052.0,1481,70,0,1,0.0,1000,7,1,true,54
729,71,267,230,267,1068.0,1511,70,0,1,0.0,1000,7,1,true,54
729,72,271,233,271,1084.0,1533,70,0,1,0.0,1000,7,1,true,54
729,73,274,235,274,1096.0,1550,70,0,1,0.0,1000,6,1,true,54
729,74,278,238,278,1112.0,1570,70,0,1,0.0,1000,7,1,true,54
729,75,282,241,282,1128.0,1586,70,0,1,0.0,1000,7,1,true,54
729,76,286,242,286,1144.0,1602,70,0,1,0.0,1000,7,1,true,54
729,77,290,244,290,1160.0,1641,70,0,1,0.0,1000,7,1,true,54
729,78,294,247,294,1176.0,1660,70,0,1,0.0,1000,7,1,true,54
729,79,298,249,298,1192.0,1679,70,0,1,0.0,1000,7,1,true,54
729,80,301,251,301,1204.0,1689,70,0,1,0.0,1000,6,1,true,54
729,81,305,252,305,1220.0,1706,70,0,1,0.0,1000,6,1,true,54
729,82,309,254,309,1236.0,1728,70,0,1,0.0,1000,7,1,true,54
729,83,313,256,313,1252.0,1747,70,0,1,0.0,1000,7,1,true,54
729,84,316,257,316,1264.0,1763,70,0,1,0.0,1000,6,1,true,54
729,85,320,260,320,1280.0,1782,70,0,1,0.0,1000,6,1,true,54
729,86,323,262,323,1292.0,1797,70,0,1,0.0,1000,7,1,true,54
729,87,327,265,327,1308.0,1819,70,0,1,0.0,1000,7,1,true,54
729,88,331,269,331,1324.0,1845,70,0,1,0.0,1000,7,1,true,54
729,89,335,271,335,1340.0,1863,70,0,1,0.0,1000,7,1,true,54
729,90,338,274,338,1352.0,1883,70,0,1,0.0,1000,6,1,true,54
729,91,341,276,341,1364.0,1894,70,0,1,0.0,1000,6,1,true,54
729,92,344,278,344,1376.0,1907,70,0,1,0.0,1000,6,1,true,54
729,93,348,281,348,1392.0,1927,70,0,1,0.0,1000,7,1,true,54
729,94,351,284,351,1404.0,1941,70,0,1,0.0,1000,7,1,true,54
729,95,354,286,354,1416.0,1956,70,0,1,0.0,1000,6,1,true,54
729,96,357,287,357,1428.0,1975,70,0,1,0.0,1000,6,1,true,54
729,97,360,289,360,1440.0,1992,70,0,1,0.0,1000,7,1,true,54
729,98,364,293,364,1456.0,2013,70,0,1,0.0,1000,6,1,true,54
729,99,368,296,368,1472.0,2029,70,0,1,0.0,1000,6,1,true,54
729,100,372,300,372,1488.0,2051,70,0,1,0.0,1000,7,1,true,54
729,101,375,302,375,1500.0,2065,70,0,1,0.0,1000,7,1,true,54
729,102,378,303,378,1512.0,2082,70,0,1,0.0,1000,6,1,true,54
729,103,382,307,382,1528.0,2110,70,0,1,0.0,1000,7,1,true,54
729,104,386,310,386,1544.0,2133,70,0,1,0.0,1000,7,1,true,54
729,105,389,310,389,1556.0,2152,70,0,1,0.0,1000,6,1,true,54
729,106,393,311,393,1572.0,2171,70,0,1,0.0,1000,7,1,true,54
729,107,397,314,397,1588.0,2190,70,0,1,0.0,1000,7,1,true,54
729,108,401,317,401,1604.0,2215,70,0,1,0.0,1000,7,1,true,54
729,109,404,319,404,1616.0,2227,70,0,1,0.0,1000,6,1,true,54
729,110,407,320,407,1628.0,2241,70,0,1,0.0,1000,6,1,true,54
729,111,411,321,411,1644.0,2263,70,0,1,0.0,1000,7,1,true,54
729,112,415,325,415,1660.0,2287,70,0,1,0.0,1000,7,1,true,54
729,113,418,327,418,1672.0,2304,70,0,1,0.0,1000,6,1,true,54
729,114,421,330,421,1684.0,2319,70,0,1,0.0,1000,7,1,true,54
729,115,425,333,425,1700.0,2341,70,0,1,0.0,1000,7,1,true,54
729,116,429,335,429,1716.0,2366,70,0,1,0.0,1000,7,1,true,54
729,117,432,336,432,1728.0,2380,70,0,1,0.0,1000,6,1,true,54
729,118,436,338,436,1744.0,2409,70,0,1,0.0,1000,7,1,true,54
729,119,440,341,440,1760.0,2430,70,0,1,0.0,1000,7,1,true,54
729,120,443,343,443,1772.0,2446,70,0,1,0.0,1000,6,1,true,54
729,121,447,344,447,1788.0,2469,70,0,1,0.0,1000,7,1,true,54
729,122,451,346,451,1804.0,2490,70,0,1,0.0,1000,7,1,true,54
729,123,454,348,454,1816.0,2506,70,0,1,0.0,1000,6,1,true,54
729,124,458,351,458,1832.0,2526,70,0,1,0.0,1000,7,1,true,54
729,125,462,354,462,1848.0,2547,70,0,1,0.0,1000,7,1,true,54
729,126,466,357,466,1864.0,2564,70,0,1,0.0,1000,6,1,true,54
729,127,470,359,470,1880.0,2585,70,0,1,0.0,1000,7,1,true,54
729,128,473,359,473,1892.0,2597,70,0,1,0.0,1000,7,1,true,54
729,129,477,362,477,1908.0,2620,70,0,1,0.0,1000,7,1,true,54
729,130,480,363,480,1920.0,2639,70,0,1,0.0,1000,6,1,true,54
729,131,484,365,484,1936.0,2653,70,0,1,0.0,1000,7,1,true,54
729,132,488,369,488,1952.0,2675,70,0,1,0.0,1000,7,1,true,54
729,133,491,371,491,1964.0,2690,70,0,1,0.0,1000,6,1,true,54
729,134,494,374,494,1976.0,2700,70,0,1,0.0,1000,7,1,true,54
729,135,497,376,497,1988.0,2714,70,0,1,0.0,1000,6,1,true,54
729,136,501,380,501,2004.0,2740,70,0,1,0.0,1000,7,1,true,54
729,137,505,383,505,2020.0,2763,70,0,1,0.0,1000,7,1,true,54
729,138,509,384,509,2036.0,2790,70,0,1,0.0,1000,7,1,true,54
729,139,513,387,513,2052.0,2810,70,0,1,0.0,1000,6,1,true,54
729,140,517,390,517,2068.0,2834,70,0,1,0.0,1000,7,1,true,54
729,141,521,393,521,2084.0,2854,70,0,1,0.0,1000,6,1,true,54
729,142,524,396,524,2096.0,2875,70,0,1,0.0,1000,6,1,true,54
729,143,528,398,528,2112.0,2897,70,0,1,0.0,1000,7,1,true,54
729,144,531,401,531,2124.0,2914,70,0,1,0.0,1000,6,1,true,54
729,145,535,403,535,2140.0,2947,70,0,1,0.0,1000,7,1,true,54
729,146,539,405,539,2156.0,2971,70,0,1,0.0,1000,7,1,true,54
729,147,543,406,543,2172.0,2989,70,0,1,0.0,1000,7,1,true,54
729,148,546,408,546,2184.0,2999,70,0,1,0.0,1000,6,1,true,54
729,149,550,412,550,2200.0,3021,70,0,1,0.0,1000,7,1,true,54
729,150,554,415,554,2216.0,3038,70,0,1,0.0,1000,7,1,true,54
729,151,558,415,558,2232.0,3057,70,0,1,0.0,1000,7,1,true,54
729,152,561,418,561,2244.0,3063,70,0,1,0.0,1000,6,1,true,54
729,153,565,422,565,2260.0,3095,70,0,1,0.0,1000,7,1,true,54
729,154,568,423,568,2272.0,3112,70,0,1,0.0,1000,6,1,true,54
729,155,572,426,572,2288.0,3136,70,0,1,0.0,1000,7,1,true,54
729,156,575,427,575,2300.0,3162,70,0,1,0.0,1000,6,1,true,54
729,157,578,428,578,2312.0,3182,70,0,1,0.0,1000,6,1,true,54
729,158,582,432,582,2328.0,3212,70,0,1,0.0,1000,7,1,true,54
729,159,586,436,586,2344.0,3236,70,0,1,0.0,1000,7,1,true,54
729,160,590,438,590,2360.0,3255,70,0,1,0.0,1000,7,1,true,54
729,161,593,438,593,2372.0,3266,70,0,1,0.0,1000,7,1,true,54
729,162,596,440,596,2384.0,3280,70,0,1,0.0,1000,6,1,true,54
729,163,599,440,599,2396.0,3301,70,0,1,0.0,1000,6,1,true,54
729,164,602,442,602,2408.0,3311,70,0,1,0.0,1000,6,1,true,54
729,165,605,445,605,2420.0,3328,70,0,1,0.0,1000,7,1,true,54
729,166,609,448,609,2436.0,3341,70,0,1,0.0,1000,7,1,true,54
729,167,613,451,613,2452.0,3368,70,0,1,0.0,1000,7,1,true,54
729,168,616,453,616,2464.0,3386,70,0,1,0.0,1000,6,1,true,54
729,169,620,456,620,2480.0,3407,70,0,1,0.0,1000,7,1,true,54
729,170,624,460,624,2496.0,3427,70,0,1,0.0,1000,7,1,true,54
729,171,628,461,628,2512.0,3454,70,0,1,0.0,1000,7,1,true,54
729,172,632,462,632,2528.0,3470,70,0,1,0.0,1000,7,1,true,54
729,173,635,464,635,2540.0,3488,70,0,1,0.0,1000,6,1,true,54
729,174,639,467,639,2556.0,3505,70,0,1,0.0,1000,7,1,true,54
729,175,643,470,643,2572.0,3525,70,0,1,0.0,1000,7,1,true,54
729,176,647,471,647,2588.0,3547,70,0,1,0.0,1000,7,1,true,54
729,177,651,473,651,2604.0,3560,70,0,1,0.0,1000,6,1,true,54
729,178,654,475,654,2616.0,3577,70,0,1,0.0,1000,7,1,true,54
729,179,657,475,657,2628.0,3589,70,0,1,0.0,1000,6,1,true,54
729,180,660,477,660,2640.0,3610,70,0,1,0.0,1000,6,1,true,54
729,181,664,479,664,2656.0,3626,70,0,1,0.0,1000,6,1,true,54
729,182,668,481,668,2672.0,3653,70,0,1,0.0,1000,7,1,true,54
729,183,671,482,671,2684.0,3676,70,0,1,0.0,1000,6,1,true,54
729,184,675,484,675,2700.0,3693,70,0,1,0.0,1000,7,1,true,54
729,185,679,487,679,2716.0,3711,70,0,1,0.0,1000,6,1,true,54
729,186,682,489,682,2728.0,3729,70,0,1,0.0,1000,7,1,true,54
729,187,686,492,686,2744.0,3754,70,0,1,0.0,1000,7,1,true,54
729,188,690,495,690,2760.0,3775,70,0,1,0.0,1000,6,1,true,54
729,189,694,497,694,2776.0,3799,70,0,1,0.0,1000,7,1,true,54
729,190,698,499,698,2792.0,3820,70,0,1,0.0,1000,7,1,true,54
729,191,702,503,702,2808.0,3842,70,0,1,0.0,1000,7,1,true,54
729,192,706,506,706,2824.0,3866,70,0,1,0.0,1000,7,1,true,54
729,193,709,507,709,2836.0,3884,70,0,1,0.0,1000,6,1,true,54
729,194,713,509,713,2852.0,3906,70,0,1,0.0,1000,7,1,true,54
729,195,717,510,717,2868.0,3931,70,0,1,0.0,1000,7,1,true,54
729,196,721,513,721,2884.0,3951,70,0,1,0.0,1000,7,1,true,54
729,197,725,514,725,2900.0,3974,70,0,1,0.0,1000,7,1,true,54
729,198,728,517,728,2912.0,3985,70,0,1,0.0,1000,6,1,true,54
729,199,731,518,731,2924.0,4001,70,0,1,0.0,1000,7,1,true,54
729,200,734,519,734,2936.0,4012,70,0,1,0.0,1000,7,1,true,54
729,201,738,522,738,2952.0,4031,70,0,1,0.0,1000,7,1,true,54
729,202,742,523,742,2968.0,4042,70,0,1,0.0,1000,6,1,true,54
729,203,745,526,745,2980.0,4059,70,0,1,0.0,1000,6,1,true,54
729,204,749,528,749,2996.0,4091,70,0,1,0.0,1000,7,1,true,54
729,205,753,530,753,3012.0,4113,70,0,1,0.0,1000,7,1,true,54
729,206,757,531,757,3028.0,4135,70,0,1,0.0,1000,7,1,true,54
729,207,761,532,761,3044.0,4159,70,0,1,0.0,1000,7,1,true,54
729,208,765,533,765,3060.0,4181,70,0,1,0.0,1000,7,1,true,54
729,209,769,535,769,3076.0,4209,70,0,1,0.0,1000,6,1,true,54
729,210,772,536,772,3088.0,4230,70,0,1,0.0,1000,6,1,true,54
729,211,776,539,776,3104.0,4256,70,0,1,0.0,1000,7,1,true,54
729,212,780,541,780,3120.0,4271,70,0,1,0.0,1000,7,1,true,54
729,213,784,542,784,3136.0,4286,70,0,1,0.0,1000,7,1,true,54
729,214,788,543,788,3152.0,4305,70,0,1,0.0,1000,7,1,true,54
729,215,792,544,792,3168.0,4332,70,0,1,0.0,1000,7,1,true,54
729,216,796,547,796,3184.0,4359,70,0,1,0.0,1000,6,1,true,54
729,217,800,551,800,3200.0,4388,70,0,1,0.0,1000,7,1,true,54
729,218,803,552,803,3212.0,4405,70,0,1,0.0,1000,6,1,true,54
729,219,806,553,806,3224.0,4424,70,0,1,0.0,1000,7,1,true,54
729,220,810,555,810,3240.0,4444,70,0,1,0.0,1000,6,1,true,54
729,221,814,556,814,3256.0,4468,70,0,1,0.0,1000,6,1,true,54
729,222,818,558,818,3272.0,4488,70,0,1,0.0,1000,7,1,true,54
729,223,822,558,822,3288.0,4510,70,0,1,0.0,1000,7,1,true,54
729,224,825,559,825,3300.0,4522,70,0,1,0.0,1000,6,1,true,54
729,225,829,561,829,3316.0,4544,70,0,1,0.0,1000,7,1,true,54
729,226,833,562,833,3332.0,4566,70,0,1,0.0,1000,7,1,true,54
729,227,837,564,837,3348.0,4591,70,0,1,0.0,1000,7,1,true,54
729,228,841,565,841,3364.0,4619,70,0,1,0.0,1000,7,1,true,54
729,229,845,567,845,3380.0,4646,70,0,1,0.0,1000,7,1,true,54
729,230,849,570,849,3396.0,4661,70,0,1,0.0,1000,7,1,true,54
729,231,853,573,853,3412.0,4684,70,0,1,0.0,1000,7,1,true,54
729,232,857,574,857,3428.0,4707,70,0,1,0.0,1000,7,1,true,54
729,233,861,575,861,3444.0,4729,70,0,1,0.0,1000,7,1,true,54
729,234,864,575,864,3456.0,4751,70,0,1,0.0,1000,6,1,true,54
729,235,868,577,868,3472.0,4770,70,0,1,0.0,1000,7,1,true,54
729,236,872,579,872,3488.0,4788,70,0,1,0.0,1000,7,1,true,54
729,237,876,580,876,3504.0,4808,70,0,1,0.0,1000,7,1,true,54
729,238,879,580,879,3516.0,4831,70,0,1,0.0,1000,7,1,true,54
729,239,883,580,883,3532.0,4857,70,0,1,0.0,1000,7,1,true,54
729,240,887,582,887,3548.0,4875,70,0,1,0.0,1000,7,1,true,54
729,241,890,585,890,3560.0,4890,70,0,1,0.0,1000,7,1,true,54
729,242,894,585,894,3576.0,4908,70,0,1,0.0,1000,7,1,true,54
729,243,898,587,898,3592.0,4929,70,0,1,0.0,1000,7,1,true,54
729,245,906,592,906,3624.0,4974,70,0,1,0.0,1000,7,1,true,54
729,245,906,592,906,3624.0,4974,70,0,1,0.0,1000,6,1,true,54
729,246,910,595,910,3640.0,4995,70,0,1,0.0,1000,7,1,true,54
729,247,913,595,913,3652.0,5016,70,0,1,0.0,1000,6,1,true,54
729,248,918,595,918,3672.0,5045,70,0,1,0.0,1000,7,1,true,54
729,249,922,596,922,3688.0,5067,70,0,1,0.0,1000,7,1,true,54
729,250,925,598,925,3700.0,5088,70,0,1,0.0,1000,6,1,true,54
729,251,929,598,929,3716.0,5103,70,0,1,0.0,1000,7,1,true,54
729,252,933,599,933,3732.0,5122,70,0,1,0.0,1000,7,1,true,54
729,253,937,601,937,3748.0,5147,70,0,1,0.0,1000,6,1,true,54
729,254,941,602,941,3764.0,5165,70,0,1,0.0,1000,7,1,true,54
729,255,945,605,945,3780.0,5197,70,0,1,0.0,1000,7,1,true,54
729,256,948,607,948,3792.0,5216,70,0,1,0.0,1000,6,1,true,54
729,257,952,607,952,3808.0,5232,70,0,1,0.0,1000,7,1,true,54
729,258,955,609,955,3820.0,5249,70,0,1,0.0,1000,7,1,true,54
729,259,958,609,958,3832.0,5261,70,0,1,0.0,1000,7,1,true,54
729,260,962,611,962,3848.0,5278,70,0,1,0.0,1000,7,1,true,54
729,261,965,611,965,3860.0,5297,70,0,1,0.0,1000,6,1,true,54
729,262,968,613,968,3872.0,5320,70,0,1,0.0,1000,7,1,true,54
729,263,972,615,972,3888.0,5337,70,0,1,0.0,1000,7,1,true,54
729,264,975,617,975,3900.0,5352,70,0,1,0.0,1000,6,1,true,54
729,265,979,618,979,3916.0,5378,70,0,1,0.0,1000,7,1,true,54
729,266,983,619,983,3932.0,5399,70,0,1,0.0,1000,7,1,true,54
729,267,986,621,986,3944.0,5414,70,0,1,0.0,1000,7,1,true,54
729,268,991,624,991,3964.0,5449,70,0,1,0.0,1000,7,1,true,54
729,269,995,625,995,3980.0,5469,70,0,1,0.0,1000,6,1,true,54
729,270,999,627,999,3996.0,5489,70,0,1,0.0,1000,6,1,true,54
729,271,1003,627,1003,4012.0,5519,70,0,1,0.0,1000,7,1,true,54
729,272,1007,629,1007,4028.0,5542,70,0,1,0.0,1000,7,1,true,54
729,273,1011,630,1011,4044.0,5569,70,0,1,0.0,1000,7,1,true,54
729,274,1015,630,1015,4060.0,5594,70,0,1,0.0,1000,7,1,true,54
729,275,1019,632,1019,4076.0,5608,70,0,1,0.0,1000,7,1,true,54
729,276,1023,632,1023,4092.0,5634,70,0,1,0.0,1000,7,1,true,54
729,277,1026,632,1026,4104.0,5652,70,0,1,0.0,1000,6,1,true,54
729,278,1030,633,1030,4120.0,5683,70,0,1,0.0,1000,7,1,true,54
729,279,1033,634,1033,4132.0,5695,70,0,1,0.0,1000,7,1,true,54
729,280,1037,634,1037,4148.0,5716,70,0,1,0.0,1000,7,1,true,54
729,281,1041,636,1041,4164.0,5745,70,0,1,0.0,1000,6,1,true,54
729,282,1045,638,1045,4180.0,5763,70,0,1,0.0,1000,7,1,true,54
729,283,1049,638,1049,4196.0,5785,70,0,1,0.0,1000,7,1,true,54
729,284,1053,640,1053,4212.0,5803,70,0,1,0.0,1000,6,1,true,54
729,285,1056,641,1056,4224.0,5818,70,0,1,0.0,1000,6,1,true,54
729,286,1059,643,1059,4236.0,5836,70,0,1,0.0,1000,6,1,true,54
729,287,1062,645,1062,4248.0,5854,70,0,1,0.0,1000,6,1,true,54
729,288,1066,647,1066,4264.0,5875,70,0,1,0.0,1000,7,1,true,54
729,289,1070,649,1070,4280.0,5897,70,0,1,0.0,1000,7,1,true,54
729,290,1074,650,1074,4296.0,5925,70,0,1,0.0,1000,7,1,true,54
729,291,1078,651,1078,4312.0,5943,70,0,1,0.0,1000,7,1,true,54
729,292,1082,651,1082,4328.0,5964,70,0,1,0.0,1000,7,1,true,54
729,293,1086,653,1086,4344.0,5983,70,0,1,0.0,1000,7,1,true,54
729,294,1090,655,1090,4360.0,6011,70,0,1,0.0,1000,6,1,true,54
729,295,1094,655,1094,4376.0,6031,70,0,1,0.0,1000,7,1,true,54
729,296,1098,656,1098,4392.0,6059,70,0,1,0.0,1000,7,1,true,54
729,297,1102,658,1102,4408.0,6081,70,0,1,0.0,1000,7,1,true,54
729,298,1106,661,1106,4424.0,6101,70,0,1,0.0,1000,7,1,true,54
729,299,1110,662,1110,4440.0,6118,70,0,1,0.0,1000,6,1,true,54
729,300,1113,663,1113,4452.0,6130,70,0,1,0.0,1000,6,1,true,54
729,301,1117,666,1117,4468.0,6152,70,0,1,0.0,1000,7,1,true,54
729,302,1121,667,1121,4484.0,6178,70,0,1,0.0,1000,7,1,true,54
729,303,1124,668,1124,4496.0,6189,70,0,1,0.0,1000,6,1,true,54
729,304,1128,668,1128,4512.0,6211,70,0,1,0.0,1000,7,1,true,54
729,305,1132,670,1132,4528.0,6226,70,0,1,0.0,1000,7,1,true,54
729,306,1136,671,1136,4544.0,6244,70,0,1,0.0,1000,7,1,true,54
729,307,1140,672,1140,4560.0,6268,70,0,1,0.0,1000,7,1,true,54
729,308,1144,673,1144,4576.0,6288,70,0,1,0.0,1000,7,1,true,54
729,309,1148,673,1148,4592.0,6309,70,0,1,0.0,1000,7,1,true,54
729,310,1152,675,1152,4608.0,6327,70,0,1,0.0,1000,7,1,true,54
729,311,1156,677,1156,4624.0,6356,70,0,1,0.0,1000,6,1,true,54
729,312,1159,677,1159,4636.0,6380,70,0,1,0.0,1000,6,1,true,54
729,313,1163,677,1163,4652.0,6403,70,0,1,0.0,1000,7,1,true,54
729,314,1167,678,1167,4668.0,6425,70,0,1,0.0,1000,7,1,true,54
729,315,1171,679,1171,4684.0,6445,70,0,1,0.0,1000,7,1,true,54
729,316,1175,680,1175,4700.0,6466,70,0,1,0.0,1000,7,1,true,54
729,317,1179,681,1179,4716.0,6498,70,0,1,0.0,1000,6,1,true,54
729,318,1183,683,1183,4732.0,6527,70,0,1,0.0,1000,7,1,true,54
729,319,1185,683,1185,4740.0,6538,70,0,1,0.0,1000,6,1,true,54
729,320,1189,684,1189,4756.0,6559,70,0,1,0.0,1000,7,1,true,54
729,321,1193,686,1193,4772.0,6580,70,0,1,0.0,1000,7,1,true,54
729,322,1196,687,1196,4784.0,6597,70,0,1,0.0,1000,6,1,true,54
729,323,1200,689,1200,4800.0,6620,70,0,1,0.0,1000,7,1,true,54
729,324,1204,689,1204,4816.0,6637,70,0,1,0.0,1000,7,1,true,54
729,325,1208,690,1208,4832.0,6660,70,0,1,0.0,1000,7,1,true,54
729,326,1211,690,1211,4844.0,6678,70,0,1,0.0,1000,7,1,true,54
729,327,1215,692,1215,4860.0,6698,70,0,1,0.0,1000,6,1,true,54
729,328,1219,693,1219,4876.0,6714,70,0,1,0.0,1000,7,1,true,54
729,329,1223,694,1223,4892.0,6733,70,0,1,0.0,1000,7,1,true,54
729,330,1226,695,1226,4904.0,6752,70,0,1,0.0,1000,6,1,true,54
729,331,1229,695,1229,4916.0,6777,70,0,1,0.0,1000,6,1,true,54
729,332,1232,696,1232,4928.0,6789,70,0,1,0.0,1000,6,1,true,54
729,333,1236,697,1236,4944.0,6805,70,0,1,0.0,1000,7,1,true,54
729,334,1240,698,1240,4960.0,6827,70,0,1,0.0,1000,7,1,true,54
729,335,1244,698,1244,4976.0,6854,70,0,1,0.0,1000,7,1,true,54
729,336,1248,698,1248,4992.0,6872,70,0,1,0.0,1000,7,1,true,54
729,337,1252,699,1252,5008.0,6891,70,0,1,0.0,1000,7,1,true,54
729,338,1256,700,1256,5024.0,6915,70,0,1,0.0,1000,7,1,true,54
729,339,1259,700,1259,5036.0,6934,70,0,1,0.0,1000,6,1,true,54
729,340,1263,702,1263,5052.0,6953,70,0,1,0.0,1000,6,1,true,54
729,341,1266,703,1266,5064.0,6974,70,0,1,0.0,1000,6,1,true,54
729,342,1270,705,1270,5080.0,6993,70,0,1,0.0,1000,7,1,true,54
729,343,1274,705,1274,5096.0,7009,70,0,1,0.0,1000,7,1,true,54
729,344,1278,706,1278,5112.0,7025,70,0,1,0.0,1000,7,1,true,54
729,345,1281,706,1281,5124.0,7035,70,0,1,0.0,1000,6,1,true,54
729,346,1285,707,1285,5140.0,7055,70,0,1,0.0,1000,7,1,true,54
729,347,1289,707,1289,5156.0,7079,70,0,1,0.0,1000,7,1,true,54
729,348,1293,710,1293,5172.0,7101,70,0,1,0.0,1000,7,1,true,54
729,349,1297,710,1297,5188.0,7130,70,0,1,0.0,1000,6,1,true,54
729,350,1300,710,1300,5200.0,7148,70,0,1,0.0,1000,6,1,true,54
729,351,1304,711,1304,5216.0,7181,70,0,1,0.0,1000,7,1,true,54
729,352,1308,714,1308,5232.0,7204,70,0,1,0.0,1000,7,1,true,54
729,353,1312,715,1312,5248.0,7226,70,0,1,0.0,1000,7,1,true,54
729,354,1316,716,1316,5264.0,7244,70,0,1,0.0,1000,7,1,true,54
729,355,1320,719,1320,5280.0,7270,70,0,1,0.0,1000,7,1,true,54
729,356,1324,720,1324,5296.0,7294,70,0,1,0.0,1000,7,1,true,54
729,357,1328,721,1328,5312.0,7318,70,0,1,0.0,1000,7,1,true,54
729,358,1331,721,1331,5324.0,7332,70,0,1,0.0,1000,6,1,true,54
729,359,1335,721,1335,5340.0,7359,70,0,1,0.0,1000,6,1,true,54
729,360,1338,723,1338,5352.0,7375,70,0,1,0.0,1000,7,1,true,54
729,361,1343,724,1343,5372.0,7403,70,0,1,0.0,1000,7,1,true,54
729,362,1347,724,1347,5388.0,7430,70,0,1,0.0,1000,7,1,true,54
729,363,1351,725,1351,5404.0,7453,70,0,1,0.0,1000,7,1,true,54
729,364,1355,728,1355,5420.0,7471,70,0,1,0.0,1000,6,1,true,54
729,365,1359,728,1359,5436.0,7489,70,0,1,0.0,1000,7,1,true,54
729,366,1363,728,1363,5452.0,7509,70,0,1,0.0,1000,7,1,true,54
729,367,1367,728,1367,5468.0,7526,70,0,1,0.0,1000,7,1,true,54
729,368,1370,728,1370,5480.0,7544,70,0,1,0.0,1000,6,1,true,54
729,369,1374,728,1374,5496.0,7568,70,0,1,0.0,1000,7,1,true,54
729,370,1377,729,1377,5508.0,7579,70,0,1,0.0,1000,6,1,true,54
729,371,1381,730,1381,5524.0,7596,70,0,1,0.0,1000,6,1,true,54
729,373,1387,731,1387,5548.0,7627,70,0,1,0.0,1000,6,1,true,54
729,373,1387,731,1387,5548.0,7627,70,0,1,0.0,1000,6,1,true,54
729,374,1391,731,1391,5564.0,7650,70,0,1,0.0,1000,7,1,true,54
729,375,1395,731,1395,5580.0,7670,70,0,1,0.0,1000,7,1,true,54
729,376,1399,733,1399,5596.0,7694,70,0,1,0.0,1000,7,1,true,54
729,377,1402,736,1402,5608.0,7704,70,0,1,0.0,1000,6,1,true,54
729,378,1406,736,1406,5624.0,7731,70,0,1,0.0,1000,7,1,true,54
729,379,1410,737,1410,5640.0,7750,70,0,1,0.0,1000,7,1,true,54
729,380,1414,738,1414,5656.0,7772,70,0,1,0.0,1000,6,1,true,54
729,381,1418,739,1418,5672.0,7795,70,0,1,0.0,1000,7,1,true,54
729,382,1422,740,1422,5688.0,7809,70,0,1,0.0,1000,7,1,true,54
729,383,1425,741,1425,5700.0,7823,70,0,1,0.0,1000,6,1,true,54
729,384,1429,742,1429,5716.0,7847,70,0,1,0.0,1000,7,1,true,54
729,385,1433,744,1433,5732.0,7868,70,0,1,0.0,1000,7,1,true,54
729,386,1437,745,1437,5748.0,7888,70,0,1,0.0,1000,7,1,true,54
729,387,1441,746,1441,5764.0,7908,70,0,1,0.0,1000,7,1,true,54
729,388,1445,747,1445,5780.0,7930,70,0,1,0.0,1000,7,1,true,54
729,389,1449,748,1449,5796.0,7950,70,0,1,0.0,1000,6,1,true,54
729,390,1453,749,1453,5812.0,7965,70,0,1,0.0,1000,7,1,true,54
729,391,1457,751,1457,5828.0,7983,70,0,1,0.0,1000,7,1,true,54
729,392,1461,753,1461,5844.0,8006,70,0,1,0.0,1000,7,1,true,54
729,393,1465,754,1465,5860.0,8031,70,0,1,0.0,1000,7,1,true,54
729,394,1469,754,1469,5876.0,8050,70,0,1,0.0,1000,7,1,true,54
729,395,1473,754,1473,5892.0,8082,70,0,1,0.0,1000,6,1,true,54
729,396,1477,756,1477,5908.0,8100,70,0,1,0.0,1000,7,1,true,54
729,397,1481,757,1481,5924.0,8122,70,0,1,0.0,1000,7,1,true,54
729,398,1485,758,1485,5940.0,8140,70,0,1,0.0,1000,7,1,true,54
729,399,1489,758,1489,5956.0,8168,70,0,1,0.0,1000,7,1,true,54
729,400,1492,759,1492,5968.0,8181,70,0,1,0.0,1000,7,1,true,54
729,401,1495,760,1495,5980.0,8200,70,0,1,0.0,1000,7,1,true,54
729,402,1499,762,1499,5996.0,8219,70,0,1,0.0,1000,7,1,true,54
729,403,1503,763,1503,6012.0,8233,70,0,1,0.0,1000,7,1,true,54
729,404,1506,763,1506,6024.0,8247,70,0,1,0.0,1000,6,1,true,54
729,405,1510,765,1510,6040.0,8274,70,0,1,0.0,1000,7,1,true,54
729,406,1514,767,1514,6056.0,8295,70,0,1,0.0,1000,6,1,true,54
729,407,1518,768,1518,6072.0,8321,70,0,1,0.0,1000,6,1,true,54
729,408,1522,769,1522,6088.0,8344,70,0,1,0.0,1000,7,1,true,54
729,409,1526,771,1526,6104.0,8366,70,0,1,0.0,1000,6,1,true,54
729,410,1530,772,1530,6120.0,8388,70,0,1,0.0,1000,7,1,true,54
729,411,1534,773,1534,6136.0,8412,70,0,1,0.0,1000,7,1,true,54
729,412,1538,775,1538,6152.0,8435,70,0,1,0.0,1000,7,1,true,54
729,413,1542,776,1542,6168.0,8451,70,0,1,0.0,1000,7,1,true,54
729,414,1546,779,1546,6184.0,8470,70,0,1,0.0,1000,7,1,true,54
729,415,1550,779,1550,6200.0,8494,70,0,1,0.0,1000,6,1,true,54
729,416,1553,780,1553,6212.0,8506,70,0,1,0.0,1000,6,1,true,54
729,417,1557,781,1557,6228.0,8528,70,0,1,0.0,1000,7,1,true,54
729,418,1561,782,1561,6244.0,8553,70,0,1,0.0,1000,7,1,true,54
729,419,1564,783,1564,6256.0,8570,70,0,1,0.0,1000,6,1,true,54
729,420,1567,783,1567,6268.0,8592,70,0,1,0.0,1000,7,1,true,54
729,421,1571,784,1571,6284.0,8607,70,0,1,0.0,1000,7,1,true,54
729,422,1574,785,1574,6296.0,8624,70,0,1,0.0,1000,7,1,true,54
729,423,1577,786,1577,6308.0,8643,70,0,1,0.0,1000,6,1,true,54
729,424,1581,786,1581,6324.0,8665,70,0,1,0.0,1000,7,1,true,54
729,425,1584,787,1584,6336.0,8680,70,0,1,0.0,1000,6,1,true,54
729,426,1587,787,1587,6348.0,8701,70,0,1,0.0,1000,6,1,true,54
729,427,1590,787,1590,6360.0,8720,70,0,1,0.0,1000,6,1,true,54
729,428,1594,788,1594,6376.0,8745,70,0,1,0.0,1000,6,1,true,54
729,429,1597,789,1597,6388.0,8763,70,0,1,0.0,1000,6,1,true,54
729,430,1601,791,1601,6404.0,8780,70,0,1,0.0,1000,7,1,true,54
729,431,1605,791,1605,6420.0,8799,70,0,1,0.0,1000,7,1,true,54
729,432,1609,791,1609,6436.0,8819,70,0,1,0.0,1000,6,1,true,54
729,433,1613,792,1613,6452.0,8841,70,0,1,0.0,1000,7,1,true,54
729,434,1617,792,1617,6468.0,8859,70,0,1,0.0,1000,7,1,true,54
729,435,1620,792,1620,6480.0,8881,70,0,1,0.0,1000,7,1,true,54
729,436,1624,792,1624,6496.0,8895,70,0,1,0.0,1000,7,1,true,54
729,437,1627,793,1627,6508.0,8907,70,0,1,0.0,1000,7,1,true,54
729,438,1631,794,1631,6524.0,8924,70,0,1,0.0,1000,6,1,true,54
729,439,1634,797,1634,6536.0,8937,70,0,1,0.0,1000,6,1,true,54
729,440,1638,797,1638,6552.0,8964,70,0,1,0.0,1000,7,1,true,54
729,441,1641,797,1641,6564.0,8986,70,0,1,0.0,1000,7,1,true,54
729,442,1645,798,1645,6580.0,9002,70,0,1,0.0,1000,7,1,true,54
729,443,1649,798,1649,6596.0,9024,70,0,1,0.0,1000,7,1,true,54
729,444,1653,799,1653,6612.0,9040,70,0,1,0.0,1000,7,1,true,54
729,445,1656,799,1656,6624.0,9057,70,0,1,0.0,1000,7,1,true,54
729,446,1660,799,1660,6640.0,9077,70,0,1,0.0,1000,7,1,true,54
729,447,1663,800,1663,6652.0,9090,70,0,1,0.0,1000,6,1,true,54
729,448,1666,801,1666,6664.0,9107,70,0,1,0.0,1000,6,1,true,54
729,449,1669,802,1669,6676.0,9120,70,0,1,0.0,1000,6,1,true,54
729,450,1673,804,1673,6692.0,9141,70,0,1,0.0,1000,7,1,true,54
729,451,1677,805,1677,6708.0,9169,70,0,1,0.0,1000,7,1,true,54
729,452,1681,805,1681,6724.0,9193,70,0,1,0.0,1000,6,1,true,54
729,453,1685,806,1685,6740.0,9210,70,0,1,0.0,1000,7,1,true,54
729,454,1689,807,1689,6756.0,9234,70,0,1,0.0,1000,7,1,true,54
729,455,1693,809,1693,6772.0,9250,70,0,1,0.0,1000,7,1,true,54
729,456,1696,809,1696,6784.0,9262,70,0,1,0.0,1000,7,1,true,54
729,457,1700,811,1700,6800.0,9289,70,0,1,0.0,1000,7,1,true,54
729,458,1703,811,1703,6812.0,9301,70,0,1,0.0,1000,6,1,true,54
729,459,1707,812,1707,6828.0,9321,70,0,1,0.0,1000,7,1,true,54
729,460,1711,812,1711,6844.0,9341,70,0,1,0.0,1000,7,1,true,54
729,461,1715,812,1715,6860.0,9370,70,0,1,0.0,1000,7,1,true,54
729,462,1719,813,1719,6876.0,9390,70,0,1,0.0,1000,6,1,true,54
729,463,1723,813,1723,6892.0,9409,70,0,1,0.0,1000,7,1,true,54
729,464,1726,813,1726,6904.0,9425,70,0,1,0.0,1000,7,1,true,54
729,465,1729,813,1729,6916.0,9439,70,0,1,0.0,1000,6,1,true,54
729,466,1733,813,1733,6932.0,9460,70,0,1,0.0,1000,7,1,true,54
729,467,1737,813,1737,6948.0,9486,70,0,1,0.0,1000,7,1,true,54
729,468,1741,814,1741,6964.0,9506,70,0,1,0.0,1000,7,1,true,54
729,469,1745,815,1745,6980.0,9530,70,0,1,0.0,1000,7,1,true,54
729,470,1749,816,1749,6996.0,9547,70,0,1,0.0,1000,7,1,true,54
729,471,1753,816,1753,7012.0,9563,70,0,1,0.0,1000,7,1,true,54
729,472,1757,816,1757,7028.0,9580,70,0,1,0.0,1000,7,1,true,54
729,473,1760,816,1760,7040.0,9593,70,0,1,0.0,1000,6,1,true,54
729,474,1764,818,1764,7056.0,9610,70,0,1,0.0,1000,7,1,true,54
729,476,1771,819,1771,7084.0,9637,70,0,1,0.0,1000,6,1,true,54
729,476,1771,819,1771,7084.0,9637,70,0,1,0.0,1000,7,1,true,54
729,477,1775,820,1775,7100.0,9660,70,0,1,0.0,1000,7,1,true,54
729,478,1779,820,1779,7116.0,9673,70,0,1,0.0,1000,7,1,true,54
729,479,1783,821,1783,7132.0,9695,70,0,1,0.0,1000,7,1,true,54
729,480,1786,822,1786,7144.0,9715,70,0,1,0.0,1000,6,1,true,54
729,481,1790,822,1790,7160.0,9734,70,0,1,0.0,1000,7,1,true,54
729,482,1794,823,1794,7176.0,9752,70,0,1,0.0,1000,7,1,true,54
729,483,1797,824,1797,7188.0,9770,70,0,1,0.0,1000,7,1,true,54
729,484,1801,825,1801,7204.0,9789,70,0,1,0.0,1000,7,1,true,54
729,485,1805,826,1805,7220.0,9817,70,0,1,0.0,1000,7,1,true,54
729,486,1808,826,1808,7232.0,9832,70,0,1,0.0,1000,6,1,true,54
729,487,1812,826,1812,7248.0,9856,70,0,1,0.0,1000,6,1,true,54
729,488,1816,828,1816,7264.0,9886,70,0,1,0.0,1000,7,1,true,54
729,489,1820,828,1820,7280.0,9908,70,0,1,0.0,1000,7,1,true,54
729,490,1824,828,1824,7296.0,9936,70,0,1,0.0,1000,7,1,true,54
729,491,1828,829,1828,7312.0,9958,70,0,1,0.0,1000,7,1,true,54
729,492,1832,831,1832,7328.0,9979,70,0,1,0.0,1000,6,1,true,54
729,493,1836,831,1836,7344.0,10003,70,0,1,0.0,1000,7,1,true,54
729,494,1840,831,1840,7360.0,10025,70,0,1,0.0,1000,7,1,true,54
729,495,1843,831,1843,7372.0,10042,70,0,1,0.0,1000,6,1,true,54
729,496,1847,831,1847,7388.0,10064,70,0,1,0.0,1000,6,1,true,54
729,497,1851,832,1851,7404.0,10087,70,0,1,0.0,1000,7,1,true,54
729,498,1854,832,1854,7416.0,10100,70,0,1,0.0,1000,7,1,true,54
729,499,1858,833,1858,7432.0,10122,70,0,1,0.0,1000,7,1,true,54
729,500,1861,833,1861,7444.0,10140,70,0,1,0.0,1000,6,1,true,54
729,501,1864,833,1864,7456.0,10166,70,0,1,0.0,1000,6,1,true,54
729,502,1867,834,1867,7468.0,10184,70,0,1,0.0,1000,6,1,true,54
729,503,1871,834,1871,7484.0,10205,70,0,1,0.0,1000,7,1,true,54
729,504,1874,834,1874,7496.0,10226,70,0,1,0.0,1000,6,1,true,54
729,505,1878,836,1878,7512.0,10253,70,0,1,0.0,1000,6,1,true,54
729,506,1881,836,1881,7524.0,10271,70,0,1,0.0,1000,7,1,true,54
729,507,1885,836,1885,7540.0,10299,70,0,1,0.0,1000,6,1,true,54
729,508,1889,836,1889,7556.0,10323,70,0,1,0.0,1000,6,1,true,54
729,509,1893,837,1893,7572.0,10350,70,0,1,0.0,1000,6,1,true,54
729,510,1897,837,1897,7588.0,10380,70,0,1,0.0,1000,7,1,true,54
729,511,1901,838,1901,7604.0,10404,70,0,1,0.0,1000,6,1,true,54
729,512,1904,838,1904,7616.0,10425,70,0,1,0.0,1000,6,1,true,54
729,513,1907,838,1907,7628.0,10444,70,0,1,0.0,1000,6,1,true,54
729,514,1911,838,1911,7644.0,10461,70,0,1,0.0,1000,7,1,true,54
729,515,1915,839,1915,7660.0,10484,70,0,1,0.0,1000,7,1,true,54
729,516,1919,840,1919,7676.0,10507,70,0,1,0.0,1000,7,1,true,54
729,517,1923,840,1923,7692.0,10530,70,0,1,0.0,1000,7,1,true,54
729,518,1927,843,1927,7708.0,10556,70,0,1,0.0,1000,7,1,true,54
729,519,1931,843,1931,7724.0,10577,70,0,1,0.0,1000,7,1,true,54
729,520,1935,844,1935,7740.0,10599,70,0,1,0.0,1000,7,1,true,54
729,521,1939,844,1939,7756.0,10620,70,0,1,0.0,1000,7,1,true,54
729,522,1942,844,1942,7768.0,10638,70,0,1,0.0,1000,6,1,true,54
729,523,1945,844,1945,7780.0,10654,70,0,1,0.0,1000,6,1,true,54
729,524,1949,845,1949,7796.0,10681,70,0,1,0.0,1000,7,1,true,54
729,525,1953,845,1953,7812.0,10696,70,0,1,0.0,1000,7,1,true,54
729,526,1957,845,1957,7828.0,10718,70,0,1,0.0,1000,7,1,true,54
729,527,1960,845,1960,7840.0,10734,70,0,1,0.0,1000,7,1,true,54
729,528,1963,846,1963,7852.0,10752,70,0,1,0.0,1000,6,1,true,54
729,529,1967,846,1967,7868.0,10769,70,0,1,0.0,1000,7,1,true,54
729,530,1971,848,1971,7884.0,10795,70,0,1,0.0,1000,7,1,true,54
729,531,1974,848,1974,7896.0,10813,70,0,1,0.0,1000,6,1,true,54
729,532,1977,849,1977,7908.0,10831,70,0,1,0.0,1000,6,1,true,54
729,533,1980,849,1980,7920.0,10848,70,0,1,0.0,1000,6,1,true,54
729,534,1984,849,1984,7936.0,10872,70,0,1,0.0,1000,7,1,true,54
729,535,1987,849,1987,7948.0,10887,70,0,1,0.0,1000,6,1,true,54
729,536,1991,849,1991,7964.0,10912,70,0,1,0.0,1000,7,1,true,54
729,537,1995,850,1995,7980.0,10937,70,0,1,0.0,1000,7,1,true,54
729,538,1999,851,1999,7996.0,10949,70,0,1,0.0,1000,7,1,true,54
729,539,2003,851,2003,8012.0,10972,70,0,1,0.0,1000,7,1,true,54
729,540,2007,851,2007,8028.0,10991,70,0,1,0.0,1000,7,1,true,54
729,541,2011,852,2011,8044.0,11015,70,0,1,0.0,1000,7,1,true,54
729,542,2015,853,2015,8060.0,11034,70,0,1,0.0,1000,7,1,true,54
729,543,2019,854,2019,8076.0,11051,70,0,1,0.0,1000,7,1,true,54
729,544,2022,854,2022,8088.0,11068,70,0,1,0.0,1000,6,1,true,54
729,545,2026,854,2026,8104.0,11088,70,0,1,0.0,1000,7,1,true,54
729,546,2030,854,2030,8120.0,11112,70,0,1,0.0,1000,7,1,true,54
729,547,2034,855,2034,8136.0,11132,70,0,1,0.0,1000,7,1,true,54
729,548,2038,855,2038,8152.0,11148,70,0,1,0.0,1000,7,1,true,54
729,549,2041,855,2041,8164.0,11168,70,0,1,0.0,1000,6,1,true,54
729,550,2044,855,2044,8176.0,11182,70,0,1,0.0,1000,7,1,true,54
729,551,2048,857,2048,8192.0,11202,70,0,1,0.0,1000,7,1,true,54
729,552,2052,859,2052,8208.0,11225,70,0,1,0.0,1000,6,1,true,54
729,553,2056,860,2056,8224.0,11247,70,0,1,0.0,1000,7,1,true,54
729,554,2060,860,2060,8240.0,11273,70,0,1,0.0,1000,6,1,true,54
729,555,2064,860,2064,8256.0,11294,70,0,1,0.0,1000,7,1,true,54
729,556,2068,861,2068,8272.0,11314,70,0,1,0.0,1000,7,1,true,54
729,557,2071,861,2071,8284.0,11334,70,0,1,0.0,1000,6,1,true,54
729,558,2075,862,2075,8300.0,11354,70,0,1,0.0,1000,7,1,true,54
729,559,2079,863,2079,8316.0,11385,70,0,1,0.0,1000,7,1,true,54
729,560,2083,864,2083,8332.0,11404,70,0,1,0.0,1000,7,1,true,54
729,561,2087,864,2087,8348.0,11424,70,0,1,0.0,1000,7,1,true,54
729,562,2091,864,2091,8364.0,11453,70,0,1,0.0,1000,7,1,true,54
729,563,2094,864,2094,8376.0,11474,70,0,1,0.0,1000,7,1,true,54
729,564,2097,864,2097,8388.0,11488,70,0,1,0.0,1000,6,1,true,54
729,565,2100,865,2100,8400.0,11498,70,0,1,0.0,1000,6,1,true,54
729,566,2104,865,2104,8416.0,11513,70,0,1,0.0,1000,7,1,true,54
729,567,2108,866,2108,8432.0,11537,70,0,1,0.0,1000,7,1,true,54
729,568,2112,866,2112,8448.0,11562,70,0,1,0.0,1000,7,1,true,54
729,569,2115,866,2115,8460.0,11575,70,0,1,0.0,1000,6,1,true,54
729,570,2119,866,2119,8476.0,11598,70,0,1,0.0,1000,7,1,true,54
729,571,2123,868,2123,8492.0,11624,70,0,1,0.0,1000,6,1,true,54
729,572,2127,869,2127,8508.0,11644,70,0,1,0.0,1000,7,1,true,54
729,573,2131,869,2131,8524.0,11670,70,0,1,0.0,1000,7,1,true,54
729,574,2135,870,2135,8540.0,11694,70,0,1,0.0,1000,7,1,true,54
729,575,2139,871,2139,8556.0,11719,70,0,1,0.0,1000,7,1,true,54
729,576,2142,871,2142,8568.0,11735,70,0,1,0.0,1000,7,1,true,54
729,577,2146,871,2146,8584.0,11758,70,0,1,0.0,1000,7,1,true,54
729,578,2149,873,2149,8596.0,11768,70,0,1,0.0,1000,6,1,true,54
729,579,2153,874,2153,8612.0,11792,70,0,1,0.0,1000,7,1,true,54
729,580,2156,874,2156,8624.0,11806,70,0,1,0.0,1000,6,1,true,54
729,581,2159,874,2159,8636.0,11815,70,0,1,0.0,1000,6,1,true,54
729,582,2162,874,2162,8648.0,11832,70,0,1,0.0,1000,7,1,true,54
729,583,2165,875,2165,8660.0,11846,70,0,1,0.0,1000,7,1,true,54
729,584,2169,875,2169,8676.0,11867,70,0,1,0.0,1000,7,1,true,54
729,585,2173,877,2173,8692.0,11884,70,0,1,0.0,1000,7,1,true,54
729,586,2176,878,2176,8704.0,11894,70,0,1,0.0,1000,6,1,true,54
729,587,2180,879,2180,8720.0,11921,70,0,1,0.0,1000,6,1,true,54
729,588,2183,880,2183,8732.0,11942,70,0,1,0.0,1000,6,1,true,54
729,589,2187,881,2187,8748.0,11961,70,0,1,0.0,1000,7,1,true,54
729,590,2191,881,2191,8764.0,11979,70,0,1,0.0,1000,7,1,true,54
729,591,2195,882,2195,8780.0,12000,70,0,1,0.0,1000,7,1,true,54
729,592,2199,882,2199,8796.0,12013,70,0,1,0.0,1000,7,1,true,54
729,593,2203,882,2203,8812.0,12037,70,0,1,0.0,1000,7,1,true,54
729,594,2207,882,2207,8828.0,12053,70,0,1,0.0,1000,7,1,true,54
729,595,2211,883,2211,8844.0,12079,70,0,1,0.0,1000,7,1,true,54
729,596,2214,883,2214,8856.0,12102,70,0,1,0.0,1000,6,1,true,54
729,597,2217,883,2217,8868.0,12117,70,0,1,0.0,1000,6,1,true,54
729,598,2220,883,2220,8880.0,12130,70,0,1,0.0,1000,6,1,true,54
729,599,2224,883,2224,8896.0,12149,70,0,1,0.0,1000,7,1,true,54
729,600,2228,883,2228,8912.0,12180,70,0,1,0.0,1000,7,1,true,54
729,601,2232,883,2232,8928.0,12213,70,0,1,0.0,1000,7,1,true,54
729,602,2235,883,2235,8940.0,12230,70,0,1,0.0,1000,6,1,true,54
729,603,2239,884,2239,8956.0,12245,70,0,1,0.0,1000,7,1,true,54
729,604,2244,886,2244,8976.0,12271,70,0,1,0.0,1000,6,1,true,54
729,605,2248,886,2248,8992.0,12295,70,0,1,0.0,1000,7,1,true,54
729,606,2252,886,2252,9008.0,12317,70,0,1,0.0,1000,7,1,true,54
729,607,2255,886,2255,9020.0,12335,70,0,1,0.0,1000,6,1,true,54
729,608,2259,886,2259,9036.0,12358,70,0,1,0.0,1000,7,1,true,54
729,609,2263,886,2263,9052.0,12378,70,0,1,0.0,1000,7,1,true,54
729,610,2267,886,2267,9068.0,12396,70,0,1,0.0,1000,6,1,true,54
729,611,2271,887,2271,9084.0,12418,70,0,1,0.0,1000,7,1,true,54
729,612,2274,888,2274,9096.0,12435,70,0,1,0.0,1000,6,1,true,54
729,613,2278,888,2278,9112.0,12455,70,0,1,0.0,1000,7,1,true,54
729,614,2281,888,2281,9124.0,12477,70,0,1,0.0,1000,6,1,true,54
729,615,2284,889,2284,9136.0,12497,70,0,1,0.0,1000,7,1,true,54
729,616,2288,889,2288,9152.0,12525,70,0,1,0.0,1000,7,1,true,54
729,617,2291,889,2291,9164.0,12536,70,0,1,0.0,1000,6,1,true,54
729,618,2295,889,2295,9180.0,12562,70,0,1,0.0,1000,7,1,true,54
729,619,2298,890,2298,9192.0,12576,70,0,1,0.0,1000,7,1,true,54
729,620,2302,890,2302,9208.0,12594,70,0,1,0.0,1000,7,1,true,54
729,621,2306,890,2306,9224.0,12616,70,0,1,0.0,1000,6,1,true,54
729,622,2309,890,2309,9236.0,12632,70,0,1,0.0,1000,6,1,true,54
729,623,2313,890,2313,9252.0,12660,70,0,1,0.0,1000,7,1,true,54
729,624,2316,890,2316,9264.0,12676,70,0,1,0.0,1000,6,1,true,54
729,625,2320,890,2320,9280.0,12697,70,0,1,0.0,1000,7,1,true,54
729,626,2324,891,2324,9296.0,12720,70,0,1,0.0,1000,7,1,true,54
729,627,2328,892,2328,9312.0,12746,70,0,1,0.0,1000,7,1,true,54
729,628,2332,892,2332,9328.0,12768,70,0,1,0.0,1000,6,1,true,54
729,629,2335,892,2335,9340.0,12786,70,0,1,0.0,1000,6,1,true,54
729,630,2339,892,2339,9356.0,12805,70,0,1,0.0,1000,7,1,true,54
729,631,2342,892,2342,9368.0,12822,70,0,1,0.0,1000,6,1,true,54
729,632,2346,892,2346,9384.0,12846,70,0,1,0.0,1000,7,1,true,54
729,633,2349,892,2349,9396.0,12861,70,0,1,0.0,1000,6,1,true,54
729,634,2352,892,2352,9408.0,12882,70,0,1,0.0,1000,7,1,true,54
729,635,2355,892,2355,9420.0,12899,70,0,1,0.0,1000,6,1,true,54
729,636,2358,892,2358,9432.0,12915,70,0,1,0.0,1000,6,1,true,54
729,637,2361,892,2361,9444.0,12940,70,0,1,0.0,1000,7,1,true,54
729,638,2365,893,2365,9460.0,12961,70,0,1,0.0,1000,7,1,true,54
729,639,2368,893,2368,9472.0,12981,70,0,1,0.0,1000,6,1,true,54
729,640,2372,893,2372,9488.0,12992,70,0,1,0.0,1000,7,1,true,54
729,641,2376,894,2376,9504.0,13010,70,0,1,0.0,1000,7,1,true,54
729,642,2380,894,2380,9520.0,13035,70,0,1,0.0,1000,7,1,true,54
729,643,2384,894,2384,9536.0,13056,70,0,1,0.0,1000,7,1,true,54
729,644,2388,894,2388,9552.0,13077,70,0,1,0.0,1000,7,1,true,54
729,645,2391,894,2391,9564.0,13100,70,0,1,0.0,1000,7,1,true,54
729,646,2394,894,2394,9576.0,13114,70,0,1,0.0,1000,6,1,true,54
729,647,2397,894,2397,9588.0,13129,70,0,1,0.0,1000,6,1,true,54
729,648,2401,895,2401,9604.0,13157,70,0,1,0.0,1000,7,1,true,54
729,649,2405,895,2405,9620.0,13176,70,0,1,0.0,1000,7,1,true,54
729,650,2409,896,2409,9636.0,13200,70,0,1,0.0,1000,7,1,true,54
729,651,2413,896,2413,9652.0,13220,70,0,1,0.0,1000,7,1,true,54
729,652,2417,896,2417,9668.0,13240,70,0,1,0.0,1000,7,1,true,54
729,653,2421,896,2421,9684.0,13259,70,0,1,0.0,1000,7,1,true,54
729,654,2425,896,2425,9700.0,13283,70,0,1,0.0,1000,6,1,true,54
729,655,2429,896,2429,9716.0,13305,70,0,1,0.0,1000,7,1,true,54
729,656,2433,897,2433,9732.0,13333,70,0,1,0.0,1000,7,1,true,54
729,657,2437,897,2437,9748.0,13355,70,0,1,0.0,1000,7,1,true,54
729,658,2440,897,2440,9760.0,13374,70,0,1,0.0,1000,6,1,true,54
729,659,2444,897,2444,9776.0,13392,70,0,1,0.0,1000,6,1,true,54
729,660,2447,897,2447,9788.0,13422,70,0,1,0.0,1000,6,1,true,54
729,661,2450,897,2450,9800.0,13441,70,0,1,0.0,1000,7,1,true,54
729,662,2454,898,2454,9816.0,13464,70,0,1,0.0,1000,7,1,true,54
729,663,2457,898,2457,9828.0,13475,70,0,1,0.0,1000,6,1,true,54
729,664,2461,898,2461,9844.0,13498,70,0,1,0.0,1000,7,1,true,54
729,665,2465,899,2465,9860.0,13521,70,0,1,0.0,1000,7,1,true,54
729,666,2469,899,2469,9876.0,13547,70,0,1,0.0,1000,7,1,true,54
729,667,2473,899,2473,9892.0,13570,70,0,1,0.0,1000,7,1,true,54
729,668,2476,899,2476,9904.0,13579,70,0,1,0.0,1000,6,1,true,54
729,669,2480,900,2480,9920.0,13603,70,0,1,0.0,1000,7,1,true,54
729,670,2484,901,2484,9936.0,13628,70,0,1,0.0,1000,7,1,true,54
729,671,2488,902,2488,9952.0,13651,70,0,1,0.0,1000,7,1,true,54
729,672,2492,903,2492,9968.0,13674,70,0,1,0.0,1000,7,1,true,54
729,673,2496,903,2496,9984.0,13695,70,0,1,0.0,1000,7,1,true,54
729,674,2500,904,2500,10000.0,13717,70,0,1,0.0,1000,7,1,true,54
729,675,2504,904,2504,10016.0,13741,70,0,1,0.0,1000,7,1,true,54
729,676,2506,905,2506,10024.0,13757,70,0,1,0.0,1000,6,1,true,54
729,677,2510,905,2510,10040.0,13772,70,0,1,0.0,1000,7,1,true,54
729,678,2513,906,2513,10052.0,13785,70,0,1,0.0,1000,6,1,true,54
729,679,2516,907,2516,10064.0,13805,70,0,1,0.0,1000,6,1,true,54
729,680,2519,908,2519,10076.0,13821,70,0,1,0.0,1000,6,1,true,54
729,681,2523,908,2523,10092.0,13846,70,0,1,0.0,1000,7,1,true,54
729,682,2527,908,2527,10108.0,13858,70,0,1,0.0,1000,7,1,true,54
729,683,2531,908,2531,10124.0,13886,70,0,1,0.0,1000,7,1,true,54
729,684,2535,908,2535,10140.0,13905,70,0,1,0.0,1000,7,1,true,54
729,685,2539,908,2539,10156.0,13921,70,0,1,0.0,1000,7,1,true,54
729,686,2543,908,2543,10172.0,13942,70,0,1,0.0,1000,7,1,true,54
729,687,2546,908,2546,10184.0,13963,70,0,1,0.0,1000,7,1,true,54
729,688,2550,908,2550,10200.0,13987,70,0,1,0.0,1000,7,1,true,54
729,689,2554,908,2554,10216.0,14014,70,0,1,0.0,1000,6,1,true,54
729,690,2558,909,2558,10232.0,14028,70,0,1,0.0,1000,7,1,true,54
729,691,2562,909,2562,10248.0,14046,70,0,1,0.0,1000,7,1,true,54
729,692,2566,910,2566,10264.0,14059,70,0,1,0.0,1000,7,1,true,54
729,693,2570,910,2570,10280.0,14086,70,0,1,0.0,1000,7,1,true,54
729,694,2574,911,2574,10296.0,14117,70,0,1,0.0,1000,7,1,true,54
729,695,2577,911,2577,10308.0,14133,70,0,1,0.0,1000,6,1,true,54
729,696,2580,912,2580,10320.0,14149,70,0,1,0.0,1000,6,1,true,54
729,697,2583,912,2583,10332.0,14160,70,0,1,0.0,1000,6,1,true,54
729,698,2586,912,2586,10344.0,14181,70,0,1,0.0,1000,6,1,true,54
729,699,2590,912,2590,10360.0,14208,70,0,1,0.0,1000,7,1,true,54
729,700,2594,912,2594,10376.0,14228,70,0,1,0.0,1000,6,1,true,54
729,701,2598,914,2598,10392.0,14250,70,0,1,0.0,1000,7,1,true,54
729,702,2602,914,2602,10408.0,14270,70,0,1,0.0,1000,7,1,true,54
729,703,2606,914,2606,10424.0,14288,70,0,1,0.0,1000,7,1,true,54
729,704,2610,914,2610,10440.0,14309,70,0,1,0.0,1000,7,1,true,54
729,705,2614,915,2614,10456.0,14337,70,0,1,0.0,1000,7,1,true,54
729,706,2617,915,2617,10468.0,14350,70,0,1,0.0,1000,6,1,true,54
729,707,2620,915,2620,10480.0,14362,70,0,1,0.0,1000,7,1,true,54
729,708,2624,915,2624,10496.0,14383,70,0,1,0.0,1000,7,1,true,54
729,709,2627,915,2627,10508.0,14394,70,0,1,0.0,1000,7,1,true,54
729,710,2631,915,2631,10524.0,14419,70,0,1,0.0,1000,7,1,true,54
729,711,2635,916,2635,10540.0,14430,70,0,1,0.0,1000,7,1,true,54
729,712,2639,916,2639,10556.0,14452,70,0,1,0.0,1000,7,1,true,54
729,713,2643,916,2643,10572.0,14469,70,0,1,0.0,1000,7,1,true,54
729,714,2647,917,2647,10588.0,14487,70,0,1,0.0,1000,7,1,true,54
729,715,2651,917,2651,10604.0,14516,70,0,1,0.0,1000,7,1,true,54
729,716,2654,917,2654,10616.0,14527,70,0,1,0.0,1000,7,1,true,54
729,717,2658,917,2658,10632.0,14548,70,0,1,0.0,1000,7,1,true,54
729,718,2661,917,2661,10644.0,14570,70,0,1,0.0,1000,6,1,true,54
729,719,2665,918,2665,10660.0,14588,70,0,1,0.0,1000,7,1,true,54
729,720,2668,919,2668,10672.0,14605,70,0,1,0.0,1000,7,1,true,54
729,721,2672,919,2672,10688.0,14624,70,0,1,0.0,1000,7,1,true,54
729,722,2676,922,2676,10704.0,14647,70,0,1,0.0,1000,7,1,true,54
729,723,2679,922,2679,10716.0,14665,70,0,1,0.0,1000,6,1,true,54
729,724,2683,923,2683,10732.0,14685,70,0,1,0.0,1000,7,1,true,54
729,725,2687,923,2687,10748.0,14710,70,0,1,0.0,1000,7,1,true,54
729,726,2690,923,2690,10760.0,14726,70,0,1,0.0,1000,6,1,true,54
729,727,2693,923,2693,10772.0,14744,70,0,1,0.0,1000,7,1,true,54
729,728,2697,924,2697,10788.0,14763,70,0,1,0.0,1000,7,1,true,54
729,729,2700,925,2700,10800.0,14776,70,0,1,0.0,1000,6,1,true,54
729,730,2703,925,2703,10812.0,14798,70,0,1,0.0,1000,6,1,true,54
729,731,2707,926,2707,10828.0,14818,70,0,1,0.0,1000,7,1,true,54
729,732,2711,926,2711,10844.0,14838,70,0,1,0.0,1000,7,1,true,54
729,733,2714,928,2714,10856.0,14862,70,0,1,0.0,1000,7,1,true,54
729,734,2718,929,2718,10872.0,14885,70,0,1,0.0,1000,7,1,true,54
729,735,2721,929,2721,10884.0,14903,70,0,1,0.0,1000,6,1,true,54
729,736,2724,931,2724,10896.0,14923,70,0,1,0.0,1000,7,1,true,54
729,737,2728,931,2728,10912.0,14943,70,0,1,0.0,1000,7,1,true,54
729,738,2731,933,2731,10924.0,14956,70,1,1,1.0,1000,7,1,true,54
729,739,2735,934,2735,10940.0,14977,70,1,1,1.0,1000,7,1,true,54
729,740,2739,934,2739,10956.0,15001,70,1,1,1.0,1000,7,1,true,54
729,741,2742,934,2742,10968.0,15019,70,1,1,1.0,1000,6,1,true,54
729,742,2745,934,2745,10980.0,15037,70,1,1,1.0,1000,6,1,true,54
729,743,2748,934,2748,10992.0,15057,70,1,1,1.0,1000,6,1,true,54
729,744,2752,935,2752,11008.0,15080,70,1,1,1.0,1000,7,1,true,54
729,745,2756,935,2756,11024.0,15109,70,1,1,1.0,1000,7,1,true,54
729,746,2759,935,2759,11036.0,15123,70,1,1,1.0,1000,7,1,true,54
729,747,2763,935,2763,11052.0,15146,70,1,1,1.0,1000,7,1,true,54
729,748,2767,935,2767,11068.0,15174,70,1,1,1.0,1000,7,1,true,54
729,749,2771,935,2771,11084.0,15191,70,1,1,1.0,1000,7,1,true,54
729,750,2775,935,2775,11100.0,15214,70,1,1,1.0,1000,6,1,true,54
729,751,2779,935,2779,11116.0,15237,70,1,1,1.0,1000,7,1,true,54
729,752,2782,935,2782,11128.0,15258,70,1,1,1.0,1000,6,1,true,54
729,753,2785,936,2785,11140.0,15277,70,1,1,1.0,1000,6,1,true,54
729,754,2789,937,2789,11156.0,15305,70,1,1,1.0,1000,7,1,true,54
729,755,2792,937,2792,11168.0,15321,70,1,1,1.0,1000,7,1,true,54
729,756,2796,937,2796,11184.0,15346,70,1,1,1.0,1000,7,1,true,54
729,757,2800,937,2800,11200.0,15366,70,1,1,1.0,1000,7,1,true,54
729,758,2804,937,2804,11216.0,15393,70,1,1,1.0,1000,6,1,true,54
729,759,2808,938,2808,11232.0,15416,70,1,1,1.0,1000,7,1,true,54
729,760,2812,938,2812,11248.0,15447,70,1,1,1.0,1000,7,1,true,54
729,761,2816,938,2816,11264.0,15467,70,1,1,1.0,1000,7,1,true,54
729,762,2820,938,2820,11280.0,15491,70,1,1,1.0,1000,7,1,true,54
729,763,2824,938,2824,11296.0,15512,70,1,1,1.0,1000,7,1,true,54
729,764,2828,938,2828,11312.0,15529,70,1,1,1.0,1000,7,1,true,54
729,765,2832,938,2832,11328.0,15555,70,1,1,1.0,1000,7,1,true,54
729,766,2835,938,2835,11340.0,15569,70,1,1,1.0,1000,6,1,true,54
729,767,2839,938,2839,11356.0,15598,70,1,1,1.0,1000,6,1,true,54
729,768,2842,939,2842,11368.0,15615,70,1,1,1.0,1000,6,1,true,54
729,769,2845,939,2845,11380.0,15635,70,1,1,1.0,1000,6,1,true,54
729,770,2849,939,2849,11396.0,15647,70,1,1,1.0,1000,7,1,true,54
729,771,2851,939,2851,11404.0,15661,70,1,1,1.0,1000,7,1,true,54
729,772,2855,939,2855,11420.0,15685,70,1,1,1.0,1000,7,1,true,54
729,773,2859,939,2859,11436.0,15708,70,1,1,1.0,1000,7,1,true,54
729,774,2862,939,2862,11448.0,15723,70,1,1,1.0,1000,6,1,true,54
729,775,2866,939,2866,11464.0,15741,70,1,1,1.0,1000,7,1,true,54
729,776,2870,940,2870,11480.0,15759,70,1,1,1.0,1000,7,1,true,54
729,777,2874,941,2874,11496.0,15782,70,1,1,1.0,1000,7,1,true,54
729,778,2878,941,2878,11512.0,15799,70,1,1,1.0,1000,6,1,true,54
729,779,2882,941,2882,11528.0,15812,70,1,1,1.0,1000,7,1,true,54
729,780,2885,941,2885,11540.0,15832,70,1,1,1.0,1000,6,1,true,54
729,781,2888,941,2888,11552.0,15854,70,1,1,1.0,1000,6,1,true,54
729,782,2892,942,2892,11568.0,15877,70,1,1,1.0,1000,7,1,true,54
729,783,2896,942,2896,11584.0,15904,70,1,1,1.0,1000,7,1,true,54
729,784,2900,942,2900,11600.0,15921,70,1,1,1.0,1000,7,1,true,54
729,785,2904,942,2904,11616.0,15936,70,1,1,1.0,1000,7,1,true,54
729,786,2908,942,2908,11632.0,15955,70,1,1,1.0,1000,7,1,true,54
729,787,2912,942,2912,11648.0,15981,70,1,1,1.0,1000,7,1,true,54
729,788,2915,942,2915,11660.0,16003,70,1,1,1.0,1000,6,1,true,54
729,789,2919,942,2919,11676.0,16024,70,1,1,1.0,1000,7,1,true,54
729,790,2923,942,2923,11692.0,16045,70,1,1,1.0,1000,7,1,true,54
729,791,2927,942,2927,11708.0,16068,70,1,1,1.0,1000,7,1,true,54
729,792,2931,942,2931,11724.0,16090,70,1,1,1.0,1000,7,1,true,54
729,793,2934,942,2934,11736.0,16107,70,1,1,1.0,1000,7,1,true,54
729,794,2938,942,2938,11752.0,16142,70,1,1,1.0,1000,6,1,true,54
729,795,2941,942,2941,11764.0,16151,70,1,1,1.0,1000,6,1,true,54
729,796,2945,942,2945,11780.0,16178,70,1,1,1.0,1000,7,1,true,54
729,797,2949,942,2949,11796.0,16197,70,1,1,1.0,1000,7,1,true,54
729,798,2952,942,2952,11808.0,16219,70,1,1,1.0,1000,6,1,true,54
729,799,2956,942,2956,11824.0,16242,70,1,1,1.0,1000,7,1,true,54
729,800,2960,942,2960,11840.0,16264,70,1,1,1.0,1000,6,1,true,54
729,801,2964,942,2964,11856.0,16283,70,1,1,1.0,1000,7,1,true,54
729,802,2968,942,2968,11872.0,16298,70,1,1,1.0,1000,7,1,true,54
729,803,2972,943,2972,11888.0,16319,70,1,1,1.0,1000,6,1,true,54
729,804,2976,943,2976,11904.0,16338,70,1,1,1.0,1000,7,1,true,54
729,805,2980,943,2980,11920.0,16360,70,1,1,1.0,1000,7,1,true,54
729,806,2983,945,2983,11932.0,16373,70,1,1,1.0,1000,7,1,true,54
729,807,2987,945,2987,11948.0,16399,70,1,1,1.0,1000,7,1,true,54
729,808,2990,945,2990,11960.0,16414,70,1,1,1.0,1000,6,1,true,54
729,809,2993,945,2993,11972.0,16426,70,1,1,1.0,1000,6,1,true,54
729,810,2997,945,2997,11988.0,16445,70,1,1,1.0,1000,7,1,true,54
729,811,3001,945,3001,12004.0,16465,70,1,1,1.0,1000,7,1,true,54
729,812,3005,946,3005,12020.0,16484,70,1,1,1.0,1000,7,1,true,54
729,813,3009,947,3009,12036.0,16504,70,1,1,1.0,1000,7,1,true,54
729,814,3013,947,3013,12052.0,16530,70,1,1,1.0,1000,7,1,true,54
729,815,3017,948,3017,12068.0,16552,70,1,1,1.0,1000,7,1,true,54
729,816,3021,948,3021,12084.0,16579,70,1,1,1.0,1000,7,1,true,54
729,817,3025,948,3025,12100.0,16606,70,1,1,1.0,1000,7,1,true,54
729,818,3028,949,3028,12112.0,16616,70,1,1,1.0,1000,7,1,true,54
729,819,3032,949,3032,12128.0,16645,70,1,1,1.0,1000,7,1,true,54
729,820,3036,949,3036,12144.0,16661,70,1,1,1.0,1000,7,1,true,54
729,821,3040,949,3040,12160.0,16677,70,1,1,1.0,1000,7,1,true,54
729,822,3043,949,3043,12172.0,16689,70,1,1,1.0,1000,6,1,true,54
729,823,3046,949,3046,12184.0,16705,70,1,1,1.0,1000,7,1,true,54
729,824,3049,949,3049,12196.0,16723,70,1,1,1.0,1000,6,1,true,54
729,825,3053,949,3053,12212.0,16749,70,1,1,1.0,1000,7,1,true,54
729,826,3056,949,3056,12224.0,16765,70,1,1,1.0,1000,6,1,true,54
729,827,3059,949,3059,12236.0,16786,70,1,1,1.0,1000,6,1,true,54
729,828,3062,949,3062,12248.0,16806,70,1,1,1.0,1000,6,1,true,54
729,829,3066,949,3066,12264.0,16828,70,1,1,1.0,1000,7,1,true,54
729,830,3069,950,3069,12276.0,16847,70,1,1,1.0,1000,7,1,true,54
729,831,3073,950,3073,12292.0,16868,70,1,1,1.0,1000,7,1,true,54
729,832,3077,950,3077,12308.0,16890,70,1,1,1.0,1000,7,1,true,54
729,833,3080,950,3080,12320.0,16901,70,1,1,1.0,1000,6,1,true,54
729,834,3083,950,3083,12332.0,16919,70,1,1,1.0,1000,6,1,true,54
729,835,3087,950,3087,12348.0,16946,70,1,1,1.0,1000,7,1,true,54
729,836,3091,950,3091,12364.0,16966,70,1,1,1.0,1000,7,1,true,54
729,837,3095,950,3095,12380.0,16991,70,1,1,1.0,1000,6,1,true,54
729,838,3099,950,3099,12396.0,17013,70,1,1,1.0,1000,7,1,true,54
729,839,3102,950,3102,12408.0,17037,70,1,1,1.0,1000,6,1,true,54
729,840,3106,950,3106,12424.0,17057,70,1,1,1.0,1000,7,1,true,54
729,841,3110,950,3110,12440.0,17079,70,1,1,1.0,1000,7,1,true,54
729,842,3114,950,3114,12456.0,17102,70,1,1,1.0,1000,7,1,true,54
729,843,3117,950,3117,12468.0,17119,70,1,1,1.0,1000,6,1,true,54
729,844,3121,950,3121,12484.0,17135,70,1,1,1.0,1000,7,1,true,54
729,845,3125,951,3125,12500.0,17155,70,1,1,1.0,1000,7,1,true,54
729,846,3129,951,3129,12516.0,17180,70,1,1,1.0,1000,7,1,true,54
729,847,3133,952,3133,12532.0,17207,70,1,1,1.0,1000,7,1,true,54
729,848,3137,952,3137,12548.0,17225,70,1,1,1.0,1000,7,1,true,54
729,849,3140,952,3140,12560.0,17248,70,1,1,1.0,1000,6,1,true,54
729,850,3144,952,3144,12576.0,17280,70,1,1,1.0,1000,7,1,true,54
729,851,3148,952,3148,12592.0,17307,70,1,1,1.0,1000,7,1,true,54
729,852,3152,952,3152,12608.0,17333,70,1,1,1.0,1000,7,1,true,54
729,853,3156,953,3156,12624.0,17356,70,1,1,1.0,1000,6,1,true,54
729,854,3160,954,3160,12640.0,17374,70,1,1,1.0,1000,7,1,true,54
729,855,3163,954,3163,12652.0,17390,70,1,1,1.0,1000,6,1,true,54
729,856,3167,955,3167,12668.0,17413,70,1,1,1.0,1000,6,1,true,54
729,857,3171,955,3171,12684.0,17433,70,1,1,1.0,1000,7,1,true,54
729,858,3175,955,3175,12700.0,17456,70,1,1,1.0,1000,7,1,true,54
729,859,3179,955,3179,12716.0,17468,70,1,1,1.0,1000,7,1,true,54
729,860,3183,955,3183,12732.0,17491,70,1,1,1.0,1000,6,1,true,54
729,861,3187,955,3187,12748.0,17507,70,1,1,1.0,1000,6,1,true,54
729,862,3191,955,3191,12764.0,17531,70,1,1,1.0,1000,7,1,true,54
729,863,3195,955,3195,12780.0,17550,70,1,1,1.0,1000,7,1,true,54
729,864,3199,956,3199,12796.0,17563,70,1,1,1.0,1000,7,1,true,54
729,865,3202,956,3202,12808.0,17573,70,1,1,1.0,1000,7,1,true,54
729,866,3205,957,3205,12820.0,17593,70,1,1,1.0,1000,6,1,true,54
729,867,3208,957,3208,12832.0,17611,70,1,1,1.0,1000,6,1,true,54
729,868,3212,958,3212,12848.0,17630,70,1,1,1.0,1000,7,1,true,54
729,869,3216,958,3216,12864.0,17656,70,1,1,1.0,1000,7,1,true,54
729,870,3220,958,3220,12880.0,17681,70,1,1,1.0,1000,7,1,true,54
729,871,3224,958,3224,12896.0,17699,70,1,1,1.0,1000,7,1,true,54
729,872,3228,958,3228,12912.0,17720,70,1,1,1.0,1000,7,1,true,54
729,873,3232,959,3232,12928.0,17737,70,1,1,1.0,1000,6,1,true,54
729,874,3236,960,3236,12944.0,17772,70,1,1,1.0,1000,7,1,true,54
729,875,3239,961,3239,12956.0,17792,70,1,1,1.0,1000,7,1,true,54
729,876,3243,961,3243,12972.0,17815,70,1,1,1.0,1000,7,1,true,54
729,878,3250,961,3250,13000.0,17851,70,1,1,1.0,1000,6,1,true,54
729,878,3250,961,3250,13000.0,17851,70,1,1,1.0,1000,6,1,true,54
729,879,3254,961,3254,13016.0,17874,70,1,1,1.0,1000,7,1,true,54
729,880,3258,961,3258,13032.0,17902,70,1,1,1.0,1000,7,1,true,54
729,881,3262,961,3262,13048.0,17923,70,1,1,1.0,1000,7,1,true,54
729,882,3266,961,3266,13064.0,17947,70,1,1,1.0,1000,7,1,true,54
729,883,3270,961,3270,13080.0,17963,70,1,1,1.0,1000,7,1,true,54
729,884,3274,961,3274,13096.0,17983,70,1,1,1.0,1000,7,1,true,54
729,885,3277,961,3277,13108.0,17999,70,1,1,1.0,1000,6,1,true,54
729,886,3281,961,3281,13124.0,18026,70,1,1,1.0,1000,7,1,true,54
729,887,3284,961,3284,13136.0,18040,70,1,1,1.0,1000,6,1,true,54
729,888,3288,961,3288,13152.0,18064,70,1,1,1.0,1000,7,1,true,54
729,889,3292,961,3292,13168.0,18085,70,1,1,1.0,1000,7,1,true,54
729,890,3296,961,3296,13184.0,18107,70,1,1,1.0,1000,7,1,true,54
729,891,3300,961,3300,13200.0,18133,70,1,1,1.0,1000,7,1,true,54
729,892,3304,961,3304,13216.0,18151,70,1,1,1.0,1000,7,1,true,54
729,893,3307,961,3307,13228.0,18165,70,1,1,1.0,1000,6,1,true,54
729,894,3310,961,3310,13240.0,18177,70,1,1,1.0,1000,6,1,true,54
729,895,3314,961,3314,13256.0,18200,70,1,1,1.0,1000,7,1,true,54
729,896,3318,961,3318,13272.0,18225,70,1,1,1.0,1000,7,1,true,54
729,897,3322,961,3322,13288.0,18245,70,1,1,1.0,1000,7,1,true,54
729,898,3326,961,3326,13304.0,18266,70,1,1,1.0,1000,7,1,true,54
729,899,3330,961,3330,13320.0,18285,70,1,1,1.0,1000,7,1,true,54
729,900,3334,961,3334,13336.0,18307,70,1,1,1.0,1000,7,1,true,54
729,901,3337,961,3337,13348.0,18322,70,1,1,1.0,1000,6,1,true,54
729,902,3340,961,3340,13360.0,18341,70,1,1,1.0,1000,6,1,true,54
729,903,3344,961,3344,13376.0,18366,70,1,1,1.0,1000,7,1,true,54
729,904,3348,962,3348,13392.0,18383,70,1,1,1.0,1000,7,1,true,54
729,905,3351,962,3351,13404.0,18394,70,1,1,1.0,1000,6,1,true,54
729,906,3355,962,3355,13420.0,18418,70,1,1,1.0,1000,6,1,true,54
729,907,3359,962,3359,13436.0,18442,70,1,1,1.0,1000,7,1,true,54
729,908,3363,963,3363,13452.0,18467,70,1,1,1.0,1000,6,1,true,54
729,909,3367,963,3367,13468.0,18492,70,1,1,1.0,1000,6,1,true,54
729,910,3370,963,3370,13480.0,18507,70,1,1,1.0,1000,6,1,true,54
729,911,3373,963,3373,13492.0,18529,70,1,1,1.0,1000,7,1,true,54
729,912,3377,964,3377,13508.0,18546,70,1,1,1.0,1000,7,1,true,54
729,913,3381,964,3381,13524.0,18579,70,1,1,1.0,1000,7,1,true,54
729,914,3385,964,3385,13540.0,18603,70,1,1,1.0,1000,7,1,true,54
729,915,3389,964,3389,13556.0,18624,70,1,1,1.0,1000,7,1,true,54
729,916,3393,965,3393,13572.0,18652,70,1,1,1.0,1000,7,1,true,54
729,917,3396,965,3396,13584.0,18674,70,1,1,1.0,1000,6,1,true,54
729,918,3400,965,3400,13600.0,18702,70,1,1,1.0,1000,7,1,true,54
729,919,3404,966,3404,13616.0,18720,70,1,1,1.0,1000,6,1,true,54
729,920,3408,966,3408,13632.0,18755,70,1,1,1.0,1000,7,1,true,54
729,921,3411,966,3411,13644.0,18776,70,1,1,1.0,1000,6,1,true,54
729,922,3415,966,3415,13660.0,18789,70,1,1,1.0,1000,7,1,true,54
729,923,3419,966,3419,13676.0,18820,70,1,1,1.0,1000,7,1,true,54
729,924,3423,966,3423,13692.0,18846,70,1,1,1.0,1000,7,1,true,54
729,925,3426,966,3426,13704.0,18858,70,1,1,1.0,1000,6,1,true,54
729,926,3430,966,3430,13720.0,18876,70,1,1,1.0,1000,7,1,true,54
729,927,3433,966,3433,13732.0,18889,70,1,1,1.0,1000,6,1,true,54
729,928,3437,967,3437,13748.0,18908,70,1,1,1.0,1000,6,1,true,54
729,929,3441,967,3441,13764.0,18927,70,1,1,1.0,1000,7,1,true,54
729,930,3445,967,3445,13780.0,18949,70,1,1,1.0,1000,6,1,true,54
729,931,3448,967,3448,13792.0,18960,70,1,1,1.0,1000,7,1,true,54
729,932,3452,967,3452,13808.0,18991,70,1,1,1.0,1000,6,1,true,54
729,933,3456,967,3456,13824.0,19013,70,1,1,1.0,1000,7,1,true,54
729,934,3459,967,3459,13836.0,19029,70,1,1,1.0,1000,6,1,true,54
729,935,3463,967,3463,13852.0,19060,70,1,1,1.0,1000,7,1,true,54
729,936,3467,967,3467,13868.0,19079,70,1,1,1.0,1000,7,1,true,54
729,937,3471,967,3471,13884.0,19096,70,1,1,1.0,1000,6,1,true,54
729,938,3475,967,3475,13900.0,19118,70,1,1,1.0,1000,7,1,true,54
729,939,3479,967,3479,13916.0,19139,70,1,1,1.0,1000,7,1,true,54
729,940,3483,967,3483,13932.0,19161,70,1,1,1.0,1000,7,1,true,54
729,941,3486,967,3486,13944.0,19174,70,1,1,1.0,1000,6,1,true,54
729,942,3490,968,3490,13960.0,19199,70,1,1,1.0,1000,7,1,true,54
729,943,3494,968,3494,13976.0,19223,70,1,1,1.0,1000,7,1,true,54
729,944,3498,968,3498,13992.0,19249,70,1,1,1.0,1000,7,1,true,54
729,945,3502,969,3502,14008.0,19268,70,1,1,1.0,1000,6,1,true,54
729,946,3505,969,3505,14020.0,19286,70,1,1,1.0,1000,6,1,true,54
729,947,3509,969,3509,14036.0,19308,70,1,1,1.0,1000,7,1,true,54
729,948,3512,969,3512,14048.0,19326,70,1,1,1.0,1000,6,1,true,54
729,949,3515,969,3515,14060.0,19345,70,1,1,1.0,1000,6,1,true,54
729,950,3519,969,3519,14076.0,19366,70,1,1,1.0,1000,7,1,true,54
729,951,3523,971,3523,14092.0,19397,70,1,1,1.0,1000,7,1,true,54
729,952,3527,971,3527,14108.0,19422,70,1,1,1.0,1000,7,1,true,54
729,953,3531,972,3531,14124.0,19440,70,1,1,1.0,1000,7,1,true,54
729,954,3535,972,3535,14140.0,19459,70,1,1,1.0,1000,7,1,true,54
729,955,3539,972,3539,14156.0,19479,70,1,1,1.0,1000,7,1,true,54
729,956,3542,972,3542,14168.0,19497,70,1,1,1.0,1000,7,1,true,54
729,957,3546,973,3546,14184.0,19523,70,1,1,1.0,1000,7,1,true,54
729,958,3549,973,3549,14196.0,19535,70,1,1,1.0,1000,6,1,true,54
729,959,3553,973,3553,14212.0,19559,70,1,1,1.0,1000,7,1,true,54
729,960,3556,973,3556,14224.0,19574,70,1,1,1.0,1000,7,1,true,54
729,961,3560,973,3560,14240.0,19592,70,1,1,1.0,1000,7,1,true,54
729,962,3563,973,3563,14252.0,19607,70,1,1,1.0,1000,7,1,true,54
729,963,3566,973,3566,14264.0,19625,70,1,1,1.0,1000,7,1,true,54
729,964,3570,973,3570,14280.0,19648,70,1,1,1.0,1000,7,1,true,54
729,965,3574,973,3574,14296.0,19670,70,1,1,1.0,1000,7,1,true,54
729,966,3577,974,3577,14308.0,19687,70,1,1,1.0,1000,7,1,true,54
729,967,3581,974,3581,14324.0,19712,70,1,1,1.0,1000,7,1,true,54
729,968,3585,974,3585,14340.0,19727,70,1,1,1.0,1000,7,1,true,54
729,969,3589,975,3589,14356.0,19758,70,1,1,1.0,1000,7,1,true,54
729,970,3593,975,3593,14372.0,19777,70,1,1,1.0,1000,7,1,true,54
729,971,3597,975,3597,14388.0,19803,70,1,1,1.0,1000,7,1,true,54
729,972,3601,975,3601,14404.0,19823,70,1,1,1.0,1000,7,1,true,54
729,973,3604,975,3604,14416.0,19845,70,1,1,1.0,1000,6,1,true,54
729,974,3607,975,3607,14428.0,19859,70,1,1,1.0,1000,6,1,true,54
729,975,3610,975,3610,14440.0,19875,70,1,1,1.0,1000,6,1,true,54
729,976,3614,975,3614,14456.0,19905,70,1,1,1.0,1000,7,1,true,54
729,977,3617,975,3617,14468.0,19921,70,1,1,1.0,1000,7,1,true,54
729,978,3621,975,3621,14484.0,19930,70,1,1,1.0,1000,7,1,true,54
729,979,3626,975,3626,14504.0,19950,70,1,1,1.0,1000,7,1,true,54
729,980,3630,975,3630,14520.0,19970,70,1,1,1.0,1000,7,1,true,54
729,981,3634,976,3634,14536.0,19989,70,1,1,1.0,1000,7,1,true,54
729,982,3638,976,3638,14552.0,20008,70,1,1,1.0,1000,7,1,true,54
729,983,3641,976,3641,14564.0,20033,70,1,1,1.0,1000,6,1,true,54
729,984,3645,976,3645,14580.0,20058,70,1,1,1.0,1000,7,1,true,54
729,985,3648,976,3648,14592.0,20069,70,1,1,1.0,1000,6,1,true,54
729,986,3652,976,3652,14608.0,20088,70,1,1,1.0,1000,7,1,true,54
729,987,3656,976,3656,14624.0,20104,70,1,1,1.0,1000,7,1,true,54
729,988,3660,976,3660,14640.0,20125,70,1,1,1.0,1000,7,1,true,54
729,989,3664,976,3664,14656.0,20143,70,1,1,1.0,1000,6,1,true,54
729,990,3668,976,3668,14672.0,20168,70,1,1,1.0,1000,7,1,true,54
729,991,3672,976,3672,14688.0,20188,70,1,1,1.0,1000,7,1,true,54
729,992,3675,976,3675,14700.0,20204,70,1,1,1.0,1000,6,1,true,54
729,993,3679,976,3679,14716.0,20226,70,1,1,1.0,1000,6,1,true,54
729,994,3683,976,3683,14732.0,20242,70,1,1,1.0,1000,7,1,true,54
729,995,3686,976,3686,14744.0,20255,70,1,1,1.0,1000,6,1,true,54
729,996,3690,976,3690,14760.0,20277,70,1,1,1.0,1000,7,1,true,54
729,997,3693,976,3693,14772.0,20293,70,1,1,1.0,1000,6,1,true,54
729,998,3697,976,3697,14788.0,20313,70,1,1,1.0,1000,7,1,true,54
729,999,3701,977,3701,14804.0,20328,70,1,1,1.0,1000,7,1,true,54
729,1000,3705,977,3705,14820.0,20347,70,1,1,1.0,1000,7,1,true,54
729,1001,3709,977,3709,14836.0,20374,70,1,1,1.0,1000,7,1,true,54
729,1003,3717,977,3717,14868.0,20405,70,1,1,1.0,1000,7,1,true,54
729,1003,3717,977,3717,14868.0,20405,70,1,1,1.0,1000,7,1,true,54
729,1004,3721,977,3721,14884.0,20431,70,1,1,1.0,1000,6,1,true,54
729,1005,3725,977,3725,14900.0,20451,70,1,1,1.0,1000,6,1,true,54
729,1006,3729,977,3729,14916.0,20466,70,1,1,1.0,1000,6,1,true,54
729,1007,3732,977,3732,14928.0,20479,70,1,1,1.0,1000,6,1,true,54
729,1008,3736,977,3736,14944.0,20511,70,1,1,1.0,1000,7,1,true,54
729,1009,3740,977,3740,14960.0,20534,70,1,1,1.0,1000,7,1,true,54
729,1010,3744,977,3744,14976.0,20555,70,1,1,1.0,1000,7,1,true,54
729,1011,3748,978,3748,14992.0,20577,70,1,1,1.0,1000,7,1,true,54
729,1012,3751,978,3751,15004.0,20588,70,1,1,1.0,1000,6,1,true,54
729,1013,3755,978,3755,15020.0,20609,70,1,1,1.0,1000,7,1,true,54
729,1014,3758,978,3758,15032.0,20620,70,1,1,1.0,1000,6,1,true,54
729,1015,3762,978,3762,15048.0,20648,70,1,1,1.0,1000,7,1,true,54
729,1016,3765,978,3765,15060.0,20664,70,1,1,1.0,1000,6,1,true,54
729,1017,3769,978,3769,15076.0,20686,70,1,1,1.0,1000,7,1,true,54
729,1018,3773,978,3773,15092.0,20696,70,1,1,1.0,1000,7,1,true,54
729,1019,3777,978,3777,15108.0,20720,70,1,1,1.0,1000,7,1,true,54
729,1020,3780,978,3780,15120.0,20735,70,1,1,1.0,1000,6,1,true,54
729,1021,3783,978,3783,15132.0,20753,70,1,1,1.0,1000,7,1,true,54
729,1022,3787,978,3787,15148.0,20768,70,1,1,1.0,1000,7,1,true,54
729,1023,3790,978,3790,15160.0,20795,70,1,1,1.0,1000,6,1,true,54
729,1024,3794,978,3794,15176.0,20812,70,1,1,1.0,1000,7,1,true,54
729,1025,3797,978,3797,15188.0,20826,70,1,1,1.0,1000,7,1,true,54
729,1026,3800,978,3800,15200.0,20844,70,1,1,1.0,1000,6,1,true,54
729,1027,3804,978,3804,15216.0,20864,70,1,1,1.0,1000,7,1,true,54
729,1028,3809,978,3809,15236.0,20891,70,1,1,1.0,1000,7,1,true,54
729,1029,3813,978,3813,15252.0,20908,70,1,1,1.0,1000,7,1,true,54
729,1030,3817,978,3817,15268.0,20939,70,1,1,1.0,1000,7,1,true,54
729,1031,3821,978,3821,15284.0,20966,70,1,1,1.0,1000,7,1,true,54
729,1032,3825,978,3825,15300.0,20985,70,1,1,1.0,1000,7,1,true,54
729,1033,3829,978,3829,15316.0,21007,70,1,1,1.0,1000,7,1,true,54
729,1034,3832,978,3832,15328.0,21026,70,1,1,1.0,1000,7,1,true,54
729,1035,3835,978,3835,15340.0,21042,70,1,1,1.0,1000,6,1,true,54
729,1036,3838,978,3838,15352.0,21063,70,1,1,1.0,1000,6,1,true,54
729,1037,3842,978,3842,15368.0,21085,70,1,1,1.0,1000,7,1,true,54
729,1038,3845,978,3845,15380.0,21100,70,1,1,1.0,1000,6,1,true,54
729,1039,3849,978,3849,15396.0,21123,70,1,1,1.0,1000,7,1,true,54
729,1040,3853,978,3853,15412.0,21146,70,1,1,1.0,1000,7,1,true,54
729,1041,3857,978,3857,15428.0,21175,70,1,1,1.0,1000,7,1,true,54
729,1042,3861,978,3861,15444.0,21194,70,1,1,1.0,1000,7,1,true,54
729,1043,3865,978,3865,15460.0,21213,70,1,1,1.0,1000,7,1,true,54
729,1044,3869,978,3869,15476.0,21241,70,1,1,1.0,1000,7,1,true,54
729,1045,3873,978,3873,15492.0,21262,70,1,1,1.0,1000,7,1,true,54
729,1046,3876,978,3876,15504.0,21274,70,1,1,1.0,1000,6,1,true,54
729,1047,3880,978,3880,15520.0,21292,70,1,1,1.0,1000,7,1,true,54
729,1048,3884,978,3884,15536.0,21308,70,1,1,1.0,1000,7,1,true,54
729,1049,3888,978,3888,15552.0,21325,70,1,1,1.0,1000,7,1,true,54
729,1050,3892,978,3892,15568.0,21340,70,1,1,1.0,1000,7,1,true,54
729,1051,3896,978,3896,15584.0,21364,70,1,1,1.0,1000,7,1,true,54
729,1052,3899,978,3899,15596.0,21383,70,1,1,1.0,1000,7,1,true,54
729,1053,3903,978,3903,15612.0,21400,70,1,1,1.0,1000,7,1,true,54
729,1054,3907,978,3907,15628.0,21415,70,1,1,1.0,1000,7,1,true,54
729,1055,3911,978,3911,15644.0,21434,70,1,1,1.0,1000,7,1,true,54
729,1056,3915,978,3915,15660.0,21456,70,1,1,1.0,1000,7,1,true,54
729,1057,3919,978,3919,15676.0,21480,70,1,1,1.0,1000,7,1,true,54
729,1058,3922,978,3922,15688.0,21495,70,1,1,1.0,1000,6,1,true,54
729,1059,3925,978,3925,15700.0,21518,70,1,1,1.0,1000,6,1,true,54
729,1060,3929,978,3929,15716.0,21533,70,1,1,1.0,1000,7,1,true,54
729,1061,3933,979,3933,15732.0,21558,70,1,1,1.0,1000,6,1,true,54
729,1062,3937,979,3937,15748.0,21578,70,1,1,1.0,1000,7,1,true,54
729,1063,3940,979,3940,15760.0,21602,70,1,1,1.0,1000,7,1,true,54
729,1064,3944,979,3944,15776.0,21628,70,1,1,1.0,1000,7,1,true,54
729,1065,3948,979,3948,15792.0,21663,70,1,1,1.0,1000,6,1,true,54
729,1066,3952,979,3952,15808.0,21691,70,1,1,1.0,1000,7,1,true,54
729,1067,3956,979,3956,15824.0,21713,70,1,1,1.0,1000,6,1,true,54
729,1068,3959,979,3959,15836.0,21729,70,1,1,1.0,1000,7,1,true,54
729,1069,3963,979,3963,15852.0,21748,70,1,1,1.0,1000,7,1,true,54
729,1070,3966,979,3966,15864.0,21768,70,1,1,1.0,1000,6,1,true,54
729,1071,3969,979,3969,15876.0,21789,70,1,1,1.0,1000,6,1,true,54
729,1072,3973,979,3973,15892.0,21812,70,1,1,1.0,1000,7,1,true,54
729,1073,3977,979,3977,15908.0,21845,70,1,1,1.0,1000,6,1,true,54
729,1074,3981,979,3981,15924.0,21871,70,1,1,1.0,1000,7,1,true,54
729,1075,3984,979,3984,15936.0,21881,70,1,1,1.0,1000,7,1,true,54
729,1076,3987,979,3987,15948.0,21900,70,1,1,1.0,1000,6,1,true,54
729,1077,3990,979,3990,15960.0,21908,70,1,1,1.0,1000,6,1,true,54
729,1078,3994,979,3994,15976.0,21926,70,1,1,1.0,1000,7,1,true,54
729,1079,3998,979,3998,15992.0,21947,70,1,1,1.0,1000,7,1,true,54
729,1080,4001,979,4001,16004.0,21967,70,1,1,1.0,1000,6,1,true,54
729,1081,4004,979,4004,16016.0,21990,70,1,1,1.0,1000,6,1,true,54
729,1082,4008,979,4008,16032.0,22017,70,1,1,1.0,1000,7,1,true,54
729,1083,4012,979,4012,16048.0,22052,70,1,1,1.0,1000,7,1,true,54
729,1084,4016,979,4016,16064.0,22077,70,1,1,1.0,1000,7,1,true,54
729,1085,4019,979,4019,16076.0,22087,70,1,1,1.0,1000,7,1,true,54
729,1086,4023,979,4023,16092.0,22112,70,1,1,1.0,1000,7,1,true,54
729,1087,4027,979,4027,16108.0,22130,70,1,1,1.0,1000,7,1,true,54
729,1088,4031,979,4031,16124.0,22147,70,1,1,1.0,1000,7,1,true,54
729,1089,4035,979,4035,16140.0,22174,70,1,1,1.0,1000,7,1,true,54
729,1090,4039,979,4039,16156.0,22201,70,1,1,1.0,1000,7,1,true,54
729,1091,4043,979,4043,16172.0,22224,70,1,1,1.0,1000,7,1,true,54
729,1092,4047,979,4047,16188.0,22243,70,1,1,1.0,1000,7,1,true,54
729,1093,4050,979,4050,16200.0,22257,70,1,1,1.0,1000,7,1,true,54
729,1094,4053,979,4053,16212.0,22274,70,1,1,1.0,1000,6,1,true,54
729,1095,4056,979,4056,16224.0,22289,70,1,1,1.0,1000,6,1,true,54
729,1096,4059,979,4059,16236.0,22313,70,1,1,1.0,1000,6,1,true,54
729,1097,4063,979,4063,16252.0,22339,70,1,1,1.0,1000,7,1,true,54
729,1098,4067,979,4067,16268.0,22357,70,1,1,1.0,1000,7,1,true,54
729,1099,4070,979,4070,16280.0,22372,70,1,1,1.0,1000,7,1,true,54
729,1100,4073,979,4073,16292.0,22390,70,1,1,1.0,1000,6,1,true,54
729,1101,4077,979,4077,16308.0,22417,70,1,1,1.0,1000,7,1,true,54
729,1102,4081,979,4081,16324.0,22439,70,1,1,1.0,1000,7,1,true,54
729,1103,4085,979,4085,16340.0,22470,70,1,1,1.0,1000,7,1,true,54
729,1104,4088,979,4088,16352.0,22485,70,1,1,1.0,1000,6,1,true,54
729,1105,4092,979,4092,16368.0,22513,70,1,1,1.0,1000,7,1,true,54
729,1106,4096,979,4096,16384.0,22529,70,1,1,1.0,1000,7,1,true,54
729,1107,4099,979,4099,16396.0,22555,70,1,1,1.0,1000,7,1,true,54
729,1108,4103,979,4103,16412.0,22571,70,1,1,1.0,1000,7,1,true,54
729,1109,4107,979,4107,16428.0,22586,70,1,1,1.0,1000,7,1,true,54
729,1110,4111,979,4111,16444.0,22608,70,1,1,1.0,1000,7,1,true,54
729,1111,4115,979,4115,16460.0,22631,70,1,1,1.0,1000,7,1,true,54
729,1112,4119,979,4119,16476.0,22659,70,1,1,1.0,1000,7,1,true,54
729,1113,4123,979,4123,16492.0,22679,70,1,1,1.0,1000,7,1,true,54
729,1114,4127,979,4127,16508.0,22697,70,1,1,1.0,1000,7,1,true,54
729,1115,4131,979,4131,16524.0,22713,70,1,1,1.0,1000,7,1,true,54
729,1116,4134,980,4134,16536.0,22720,70,1,1,1.0,1000,6,1,true,54
729,1117,4138,980,4138,16552.0,22749,70,1,1,1.0,1000,7,1,true,54
729,1118,4141,980,4141,16564.0,22764,70,1,1,1.0,1000,7,1,true,54
729,1119,4145,981,4145,16580.0,22783,70,1,1,1.0,1000,7,1,true,54
729,1120,4148,981,4148,16592.0,22804,70,1,1,1.0,1000,6,1,true,54
729,1121,4152,981,4152,16608.0,22824,70,1,1,1.0,1000,6,1,true,54
729,1122,4155,981,4155,16620.0,22841,70,1,1,1.0,1000,7,1,true,54
729,1123,4159,981,4159,16636.0,22859,70,1,1,1.0,1000,7,1,true,54
729,1124,4162,981,4162,16648.0,22874,70,1,1,1.0,1000,6,1,true,54
729,1125,4166,981,4166,16664.0,22895,70,1,1,1.0,1000,7,1,true,54
729,1126,4170,981,4170,16680.0,22915,70,1,1,1.0,1000,7,1,true,54
729,1127,4174,981,4174,16696.0,22937,70,1,1,1.0,1000,7,1,true,54
729,1128,4178,981,4178,16712.0,22955,70,1,1,1.0,1000,7,1,true,54
729,1129,4182,981,4182,16728.0,22977,70,1,1,1.0,1000,6,1,true,54
729,1130,4185,981,4185,16740.0,22997,70,1,1,1.0,1000,7,1,true,54
729,1131,4189,981,4189,16756.0,23015,70,1,1,1.0,1000,7,1,true,54
729,1132,4193,981,4193,16772.0,23037,70,1,1,1.0,1000,7,1,true,54
729,1133,4197,981,4197,16788.0,23064,70,1,1,1.0,1000,6,1,true,54
729,1134,4201,981,4201,16804.0,23090,70,1,1,1.0,1000,7,1,true,54
729,1135,4205,981,4205,16820.0,23119,70,1,1,1.0,1000,7,1,true,54
729,1136,4208,981,4208,16832.0,23136,70,1,1,1.0,1000,6,1,true,54
729,1137,4212,981,4212,16848.0,23159,70,1,1,1.0,1000,7,1,true,54
729,1138,4215,981,4215,16860.0,23180,70,1,1,1.0,1000,6,1,true,54
729,1139,4218,981,4218,16872.0,23186,70,1,1,1.0,1000,6,1,true,54
729,1140,4221,981,4221,16884.0,23196,70,1,1,1.0,1000,6,1,true,54
729,1141,4225,981,4225,16900.0,23216,70,1,1,1.0,1000,7,1,true,54
729,1142,4229,982,4229,16916.0,23234,70,1,1,1.0,1000,7,1,true,54
729,1143,4233,982,4233,16932.0,23252,70,1,1,1.0,1000,7,1,true,54
729,1144,4237,982,4237,16948.0,23270,70,1,1,1.0,1000,7,1,true,54
729,1145,4241,982,4241,16964.0,23288,70,1,1,1.0,1000,7,1,true,54
729,1146,4245,982,4245,16980.0,23308,70,1,1,1.0,1000,7,1,true,54
729,1147,4249,982,4249,16996.0,23333,70,1,1,1.0,1000,7,1,true,54
729,1148,4252,983,4252,17008.0,23357,70,1,1,1.0,1000,6,1,true,54
729,1149,4256,983,4256,17024.0,23381,70,1,1,1.0,1000,7,1,true,54
729,1150,4260,983,4260,17040.0,23404,70,1,1,1.0,1000,7,1,true,54
729,1151,4264,983,4264,17056.0,23431,70,1,1,1.0,1000,7,1,true,54
729,1152,4268,983,4268,17072.0,23453,70,1,1,1.0,1000,7,1,true,54
729,1153,4271,983,4271,17084.0,23467,70,1,1,1.0,1000,7,1,true,54
729,1154,4274,983,4274,17096.0,23487,70,1,1,1.0,1000,7,1,true,54
729,1155,4279,983,4279,17116.0,23511,70,1,1,1.0,1000,7,1,true,54
729,1156,4283,984,4283,17132.0,23531,70,1,1,1.0,1000,7,1,true,54
729,1157,4286,984,4286,17144.0,23549,70,1,1,1.0,1000,6,1,true,54
729,1158,4289,984,4289,17156.0,23565,70,1,1,1.0,1000,7,1,true,54
729,1159,4293,984,4293,17172.0,23590,70,1,1,1.0,1000,6,1,true,54
729,1160,4296,984,4296,17184.0,23611,70,1,1,1.0,1000,6,1,true,54
729,1161,4300,984,4300,17200.0,23636,70,1,1,1.0,1000,7,1,true,54
729,1162,4303,985,4303,17212.0,23655,70,1,1,1.0,1000,7,1,true,54
729,1163,4306,985,4306,17224.0,23680,70,1,1,1.0,1000,6,1,true,54
729,1164,4310,985,4310,17240.0,23698,70,1,1,1.0,1000,7,1,true,54
729,1165,4313,985,4313,17252.0,23712,70,1,1,1.0,1000,6,1,true,54
729,1166,4316,985,4316,17264.0,23726,70,1,1,1.0,1000,6,1,true,54
729,1167,4320,985,4320,17280.0,23749,70,1,1,1.0,1000,7,1,true,54
729,1168,4324,985,4324,17296.0,23768,70,1,1,1.0,1000,7,1,true,54
729,1169,4328,985,4328,17312.0,23794,70,1,1,1.0,1000,7,1,true,54
729,1170,4332,985,4332,17328.0,23817,70,1,1,1.0,1000,7,1,true,54
729,1171,4336,985,4336,17344.0,23842,70,1,1,1.0,1000,7,1,true,54
729,1172,4340,985,4340,17360.0,23863,70,1,1,1.0,1000,7,1,true,54
729,1173,4343,985,4343,17372.0,23879,70,1,1,1.0,1000,6,1,true,54
729,1174,4347,985,4347,17388.0,23900,70,1,1,1.0,1000,7,1,true,54
729,1175,4351,985,4351,17404.0,23919,70,1,1,1.0,1000,6,1,true,54
729,1176,4355,985,4355,17420.0,23945,70,1,1,1.0,1000,7,1,true,54
729,1177,4358,985,4358,17432.0,23957,70,1,1,1.0,1000,6,1,true,54
729,1178,4361,985,4361,17444.0,23973,70,1,1,1.0,1000,7,1,true,54
729,1179,4364,985,4364,17456.0,23992,70,1,1,1.0,1000,6,1,true,54
729,1180,4367,985,4367,17468.0,24003,70,1,1,1.0,1000,7,1,true,54
729,1181,4371,985,4371,17484.0,24020,70,1,1,1.0,1000,7,1,true,54
729,1182,4375,985,4375,17500.0,24037,70,1,1,1.0,1000,6,1,true,54
729,1183,4379,985,4379,17516.0,24055,70,1,1,1.0,1000,7,1,true,54
729,1184,4383,985,4383,17532.0,24072,70,1,1,1.0,1000,7,1,true,54
729,1185,4387,985,4387,17548.0,24087,70,1,1,1.0,1000,7,1,true,54
729,1186,4391,985,4391,17564.0,24107,70,1,1,1.0,1000,7,1,true,54
729,1187,4395,985,4395,17580.0,24124,70,1,1,1.0,1000,7,1,true,54
729,1188,4398,985,4398,17592.0,24145,70,1,1,1.0,1000,6,1,true,54
729,1189,4402,985,4402,17608.0,24160,70,1,1,1.0,1000,7,1,true,54
729,1190,4405,985,4405,17620.0,24176,70,1,1,1.0,1000,6,1,true,54
729,1191,4409,985,4409,17636.0,24201,70,1,1,1.0,1000,7,1,true,54
729,1192,4412,985,4412,17648.0,24222,70,1,1,1.0,1000,6,1,true,54
729,1193,4415,985,4415,17660.0,24240,70,1,1,1.0,1000,6,1,true,54
729,1194,4418,985,4418,17672.0,24256,70,1,1,1.0,1000,6,1,true,54
729,1195,4421,985,4421,17684.0,24277,70,1,1,1.0,1000,7,1,true,54
729,1196,4424,985,4424,17696.0,24291,70,1,1,1.0,1000,6,1,true,54
729,1197,4428,985,4428,17712.0,24312,70,1,1,1.0,1000,7,1,true,54
729,1198,4432,985,4432,17728.0,24337,70,1,1,1.0,1000,7,1,true,54
729,1199,4435,985,4435,17740.0,24354,70,1,1,1.0,1000,7,1,true,54
729,1200,4438,985,4438,17752.0,24371,70,1,1,1.0,1000,6,1,true,54
729,1201,4442,985,4442,17768.0,24389,70,1,1,1.0,1000,6,1,true,54
729,1202,4445,985,4445,17780.0,24404,70,1,1,1.0,1000,6,1,true,54
729,1203,4448,985,4448,17792.0,24424,70,1,1,1.0,1000,6,1,true,54
729,1204,4452,985,4452,17808.0,24448,70,1,1,1.0,1000,6,1,true,54
729,1205,4455,985,4455,17820.0,24471,70,1,1,1.0,1000,6,1,true,54
729,1206,4459,985,4459,17836.0,24495,70,1,1,1.0,1000,7,1,true,54
729,1207,4463,985,4463,17852.0,24516,70,1,1,1.0,1000,7,1,true,54
729,1208,4467,985,4467,17868.0,24533,70,1,1,1.0,1000,7,1,true,54
729,1209,4471,985,4471,17884.0,24560,70,1,1,1.0,1000,7,1,true,54
729,1210,4475,985,4475,17900.0,24572,70,1,1,1.0,1000,7,1,true,54
729,1211,4478,985,4478,17912.0,24588,70,1,1,1.0,1000,6,1,true,54
729,1212,4482,985,4482,17928.0,24617,70,1,1,1.0,1000,7,1,true,54
729,1213,4486,985,4486,17944.0,24643,70,1,1,1.0,1000,7,1,true,54
729,1214,4490,985,4490,17960.0,24659,70,1,1,1.0,1000,7,1,true,54
729,1215,4493,985,4493,17972.0,24669,70,1,1,1.0,1000,7,1,true,54
729,1216,4497,985,4497,17988.0,24682,70,1,1,1.0,1000,7,1,true,54
729,1217,4501,985,4501,18004.0,24700,70,1,1,1.0,1000,7,1,true,54
729,1218,4505,985,4505,18020.0,24725,70,1,1,1.0,1000,7,1,true,54
729,1219,4509,985,4509,18036.0,24741,70,1,1,1.0,1000,7,1,true,54
729,1220,4513,985,4513,18052.0,24756,70,1,1,1.0,1000,6,1,true,54
729,1221,4517,985,4517,18068.0,24780,70,1,1,1.0,1000,7,1,true,54
729,1222,4521,985,4521,18084.0,24801,70,1,1,1.0,1000,6,1,true,54
729,1223,4525,985,4525,18100.0,24820,70,1,1,1.0,1000,7,1,true,54
729,1224,4528,985,4528,18112.0,24837,70,1,1,1.0,1000,6,1,true,54
729,1225,4531,985,4531,18124.0,24861,70,1,1,1.0,1000,6,1,true,54
729,1226,4534,985,4534,18136.0,24885,70,1,1,1.0,1000,7,1,true,54
729,1227,4537,985,4537,18148.0,24903,70,1,1,1.0,1000,6,1,true,54
729,1228,4541,986,4541,18164.0,24923,70,1,1,1.0,1000,7,1,true,54
729,1229,4545,986,4545,18180.0,24948,70,1,1,1.0,1000,7,1,true,54
729,1230,4548,986,4548,18192.0,24967,70,1,1,1.0,1000,6,1,true,54
729,1231,4552,986,4552,18208.0,24987,70,1,1,1.0,1000,7,1,true,54
729,1232,4556,986,4556,18224.0,25012,70,1,1,1.0,1000,7,1,true,54
729,1233,4560,986,4560,18240.0,25032,70,1,1,1.0,1000,7,1,true,54
729,1234,4564,986,4564,18256.0,25049,70,1,1,1.0,1000,7,1,true,54
729,1235,4568,986,4568,18272.0,25077,70,1,1,1.0,1000,7,1,true,54
729,1236,4572,986,4572,18288.0,25097,70,1,1,1.0,1000,7,1,true,54
729,1237,4576,986,4576,18304.0,25115,70,1,1,1.0,1000,7,1,true,54
729,1238,4579,986,4579,18316.0,25134,70,1,1,1.0,1000,6,1,true,54
729,1239,4583,986,4583,18332.0,25151,70,1,1,1.0,1000,7,1,true,54
729,1240,4587,986,4587,18348.0,25178,70,1,1,1.0,1000,7,1,true,54
729,1241,4590,986,4590,18360.0,25196,70,1,1,1.0,1000,6,1,true,54
729,1242,4593,986,4593,18372.0,25212,70,1,1,1.0,1000,6,1,true,54
729,1243,4597,986,4597,18388.0,25242,70,1,1,1.0,1000,7,1,true,54
729,1244,4601,986,4601,18404.0,25261,70,1,1,1.0,1000,7,1,true,54
729,1245,4605,986,4605,18420.0,25291,70,1,1,1.0,1000,7,1,true,54
729,1246,4608,986,4608,18432.0,25311,70,1,1,1.0,1000,6,1,true,54
729,1247,4612,986,4612,18448.0,25333,70,1,1,1.0,1000,6,1,true,54
729,1248,4615,986,4615,18460.0,25347,70,1,1,1.0,1000,7,1,true,54
729,1249,4619,986,4619,18476.0,25372,70,1,1,1.0,1000,7,1,true,54
729,1250,4621,986,4621,18484.0,25382,70,1,1,1.0,1000,7,1,true,54
729,1251,4625,986,4625,18500.0,25401,70,1,1,1.0,1000,7,1,true,54
729,1252,4629,986,4629,18516.0,25427,70,1,1,1.0,1000,6,1,true,54
729,1253,4632,986,4632,18528.0,25448,70,1,1,1.0,1000,7,1,true,54
729,1254,4636,986,4636,18544.0,25469,70,1,1,1.0,1000,6,1,true,54
729,1255,4640,986,4640,18560.0,25491,70,1,1,1.0,1000,7,1,true,54
729,1256,4643,986,4643,18572.0,25507,70,1,1,1.0,1000,6,1,true,54
729,1257,4646,986,4646,18584.0,25524,70,1,1,1.0,1000,6,1,true,54
729,1258,4650,986,4650,18600.0,25550,70,1,1,1.0,1000,7,1,true,54
729,1259,4653,986,4653,18612.0,25564,70,1,1,1.0,1000,7,1,true,54
729,1260,4657,986,4657,18628.0,25582,70,1,1,1.0,1000,7,1,true,54
729,1261,4661,986,4661,18644.0,25605,70,1,1,1.0,1000,7,1,true,54
729,1262,4665,987,4665,18660.0,25623,70,1,1,1.0,1000,7,1,true,54
729,1263,4669,987,4669,18676.0,25645,70,1,1,1.0,1000,7,1,true,54
729,1264,4672,987,4672,18688.0,25662,70,1,1,1.0,1000,7,1,true,54
729,1265,4676,987,4676,18704.0,25689,70,1,1,1.0,1000,7,1,true,54
729,1266,4680,987,4680,18720.0,25710,70,1,1,1.0,1000,7,1,true,54
729,1267,4684,987,4684,18736.0,25727,70,1,1,1.0,1000,7,1,true,54
729,1268,4688,987,4688,18752.0,25751,70,1,1,1.0,1000,7,1,true,54
729,1269,4692,987,4692,18768.0,25774,70,1,1,1.0,1000,7,1,true,54
729,1270,4695,987,4695,18780.0,25793,70,1,1,1.0,1000,6,1,true,54
729,1271,4699,987,4699,18796.0,25817,70,1,1,1.0,1000,7,1,true,54
729,1272,4703,988,4703,18812.0,25843,70,1,1,1.0,1000,6,1,true,54
729,1273,4706,988,4706,18824.0,25864,70,1,1,1.0,1000,6,1,true,54
729,1274,4709,988,4709,18836.0,25885,70,1,1,1.0,1000,7,1,true,54
729,1275,4712,988,4712,18848.0,25909,70,1,1,1.0,1000,6,1,true,54
729,1276,4715,988,4715,18860.0,25931,70,1,1,1.0,1000,6,1,true,54
729,1277,4719,988,4719,18876.0,25955,70,1,1,1.0,1000,7,1,true,54
729,1278,4722,988,4722,18888.0,25969,70,1,1,1.0,1000,6,1,true,54
729,1279,4726,988,4726,18904.0,25997,70,1,1,1.0,1000,7,1,true,54
729,1280,4729,989,4729,18916.0,26013,70,1,1,1.0,1000,6,1,true,54
729,1281,4732,989,4732,18928.0,26025,70,1,1,1.0,1000,6,1,true,54
729,1282,4736,989,4736,18944.0,26046,70,1,1,1.0,1000,7,1,true,54
729,1283,4740,989,4740,18960.0,26076,70,1,1,1.0,1000,7,1,true,54
729,1284,4744,989,4744,18976.0,26100,70,1,1,1.0,1000,7,1,true,54
729,1285,4748,989,4748,18992.0,26111,70,1,1,1.0,1000,7,1,true,54
729,1286,4752,989,4752,19008.0,26131,70,1,1,1.0,1000,7,1,true,54
729,1287,4756,989,4756,19024.0,26148,70,1,1,1.0,1000,7,1,true,54
729,1288,4759,989,4759,19036.0,26168,70,1,1,1.0,1000,6,1,true,54
729,1289,4762,989,4762,19048.0,26181,70,1,1,1.0,1000,6,1,true,54
729,1290,4766,990,4766,19064.0,26203,70,1,1,1.0,1000,7,1,true,54
729,1291,4770,990,4770,19080.0,26228,70,1,1,1.0,1000,7,1,true,54
729,1292,4774,990,4774,19096.0,26247,70,1,1,1.0,1000,7,1,true,54
729,1293,4777,990,4777,19108.0,26271,70,1,1,1.0,1000,6,1,true,54
729,1294,4781,991,4781,19124.0,26297,70,1,1,1.0,1000,7,1,true,54
729,1295,4785,991,4785,19140.0,26317,70,1,1,1.0,1000,6,1,true,54
729,1296,4789,991,4789,19156.0,26334,70,1,1,1.0,1000,7,1,true,54
729,1297,4793,991,4793,19172.0,26356,70,1,1,1.0,1000,7,1,true,54
729,1298,4797,991,4797,19188.0,26378,70,1,1,1.0,1000,7,1,true,54
729,1299,4801,991,4801,19204.0,26405,70,1,1,1.0,1000,7,1,true,54
729,1300,4805,991,4805,19220.0,26424,70,1,1,1.0,1000,7,1,true,54
729,1301,4809,991,4809,19236.0,26449,70,1,1,1.0,1000,6,1,true,54
729,1302,4813,991,4813,19252.0,26466,70,1,1,1.0,1000,7,1,true,54
729,1303,4817,991,4817,19268.0,26483,70,1,1,1.0,1000,7,1,true,54
729,1304,4821,992,4821,19284.0,26501,70,1,1,1.0,1000,7,1,true,54
729,1305,4824,992,4824,19296.0,26515,70,1,1,1.0,1000,6,1,true,54
729,1306,4828,992,4828,19312.0,26529,70,1,1,1.0,1000,7,1,true,54
729,1307,4832,992,4832,19328.0,26547,70,1,1,1.0,1000,7,1,true,54
729,1308,4836,992,4836,19344.0,26565,70,1,1,1.0,1000,7,1,true,54
729,1309,4840,992,4840,19360.0,26589,70,1,1,1.0,1000,7,1,true,54
729,1310,4844,992,4844,19376.0,26616,70,1,1,1.0,1000,7,1,true,54
729,1311,4847,992,4847,19388.0,26628,70,1,1,1.0,1000,7,1,true,54
729,1312,4851,992,4851,19404.0,26644,70,1,1,1.0,1000,7,1,true,54
729,1313,4854,992,4854,19416.0,26656,70,1,1,1.0,1000,6,1,true,54
729,1314,4858,992,4858,19432.0,26676,70,1,1,1.0,1000,7,1,true,54
729,1315,4862,992,4862,19448.0,26694,70,1,1,1.0,1000,7,1,true,54
729,1316,4865,992,4865,19460.0,26712,70,1,1,1.0,1000,6,1,true,54
729,1317,4869,992,4869,19476.0,26730,70,1,1,1.0,1000,7,1,true,54
729,1318,4873,992,4873,19492.0,26749,70,1,1,1.0,1000,6,1,true,54
729,1319,4876,992,4876,19504.0,26770,70,1,1,1.0,1000,6,1,true,54
729,1320,4880,992,4880,19520.0,26782,70,1,1,1.0,1000,7,1,true,54
729,1321,4883,992,4883,19532.0,26797,70,1,1,1.0,1000,7,1,true,54
729,1322,4886,992,4886,19544.0,26815,70,1,1,1.0,1000,6,1,true,54
729,1323,4890,992,4890,19560.0,26832,70,1,1,1.0,1000,7,1,true,54
729,1324,4894,992,4894,19576.0,26845,70,1,1,1.0,1000,7,1,true,54
729,1325,4898,992,4898,19592.0,26867,70,1,1,1.0,1000,7,1,true,54
729,1326,4902,992,4902,19608.0,26885,70,1,1,1.0,1000,6,1,true,54
729,1327,4906,992,4906,19624.0,26912,70,1,1,1.0,1000,7,1,true,54
729,1328,4910,992,4910,19640.0,26931,70,1,1,1.0,1000,7,1,true,54
729,1329,4914,992,4914,19656.0,26952,70,1,1,1.0,1000,7,1,true,54
729,1330,4917,992,4917,19668.0,26963,70,1,1,1.0,1000,6,1,true,54
729,1331,4921,992,4921,19684.0,26983,70,1,1,1.0,1000,7,1,true,54
729,1332,4924,992,4924,19696.0,26999,70,1,1,1.0,1000,6,1,true,54
729,1333,4928,992,4928,19712.0,27018,70,1,1,1.0,1000,7,1,true,54
729,1334,4932,992,4932,19728.0,27039,70,1,1,1.0,1000,7,1,true,54
729,1335,4936,992,4936,19744.0,27058,70,1,1,1.0,1000,7,1,true,54
729,1336,4940,992,4940,19760.0,27082,70,1,1,1.0,1000,6,1,true,54
729,1337,4944,992,4944,19776.0,27104,70,1,1,1.0,1000,7,1,true,54
729,1338,4948,992,4948,19792.0,27133,70,1,1,1.0,1000,7,1,true,54
729,1339,4952,992,4952,19808.0,27151,70,1,1,1.0,1000,7,1,true,54
729,1340,4956,992,4956,19824.0,27173,70,1,1,1.0,1000,7,1,true,54
729,1341,4960,992,4960,19840.0,27200,70,1,1,1.0,1000,7,1,true,54
729,1342,4963,992,4963,19852.0,27222,70,1,1,1.0,1000,7,1,true,54
729,1343,4967,992,4967,19868.0,27244,70,1,1,1.0,1000,7,1,true,54
729,1344,4971,992,4971,19884.0,27263,70,1,1,1.0,1000,7,1,true,54
729,1345,4975,992,4975,19900.0,27282,70,1,1,1.0,1000,7,1,true,54
729,1346,4979,992,4979,19916.0,27304,70,1,1,1.0,1000,7,1,true,54
729,1347,4983,992,4983,19932.0,27327,70,1,1,1.0,1000,7,1,true,54
729,1348,4986,992,4986,19944.0,27351,70,1,1,1.0,1000,7,1,true,54
729,1349,4989,992,4989,19956.0,27372,70,1,1,1.0,1000,6,1,true,54
729,1350,4993,992,4993,19972.0,27400,70,1,1,1.0,1000,7,1,true,54
729,1351,4997,992,4997,19988.0,27420,70,1,1,1.0,1000,7,1,true,54
729,1352,5001,992,5001,20004.0,27443,70,1,1,1.0,1000,7,1,true,54
729,1353,5004,992,5004,20016.0,27455,70,1,1,1.0,1000,7,1,true,54
729,1354,5008,992,5008,20032.0,27479,70,1,1,1.0,1000,7,1,true,54
729,1355,5012,992,5012,20048.0,27502,70,1,1,1.0,1000,7,1,true,54
729,1356,5015,992,5015,20060.0,27522,70,1,1,1.0,1000,7,1,true,54
729,1357,5019,992,5019,20076.0,27540,70,1,1,1.0,1000,7,1,true,54
729,1358,5022,992,5022,20088.0,27560,70,1,1,1.0,1000,6,1,true,54
729,1359,5026,992,5026,20104.0,27589,70,1,1,1.0,1000,6,1,true,54
729,1360,5030,992,5030,20120.0,27616,70,1,1,1.0,1000,7,1,true,54
729,1361,5033,992,5033,20132.0,27628,70,1,1,1.0,1000,6,1,true,54
729,1362,5036,992,5036,20144.0,27641,70,1,1,1.0,1000,6,1,true,54
729,1363,5039,992,5039,20156.0,27654,70,1,1,1.0,1000,6,1,true,54
729,1364,5042,992,5042,20168.0,27671,70,1,1,1.0,1000,6,1,true,54
729,1365,5046,992,5046,20184.0,27694,70,1,1,1.0,1000,7,1,true,54
729,1366,5049,992,5049,20196.0,27713,70,1,1,1.0,1000,6,1,true,54
729,1367,5053,992,5053,20212.0,27735,70,1,1,1.0,1000,7,1,true,54
729,1368,5056,992,5056,20224.0,27753,70,1,1,1.0,1000,6,1,true,54
729,1369,5060,992,5060,20240.0,27778,70,1,1,1.0,1000,7,1,true,54
729,1370,5064,992,5064,20256.0,27803,70,1,1,1.0,1000,7,1,true,54
729,1371,5066,992,5066,20264.0,27821,70,1,1,1.0,1000,7,1,true,54
729,1372,5070,992,5070,20280.0,27839,70,1,1,1.0,1000,7,1,true,54
729,1373,5074,992,5074,20296.0,27852,70,1,1,1.0,1000,7,1,true,54
729,1374,5077,992,5077,20308.0,27863,70,1,1,1.0,1000,6,1,true,54
729,1375,5080,992,5080,20320.0,27884,70,1,1,1.0,1000,6,1,true,54
729,1376,5084,992,5084,20336.0,27912,70,1,1,1.0,1000,7,1,true,54
729,1377,5087,992,5087,20348.0,27929,70,1,1,1.0,1000,6,1,true,54
729,1378,5090,992,5090,20360.0,27946,70,1,1,1.0,1000,6,1,true,54
729,1379,5094,992,5094,20376.0,27965,70,1,1,1.0,1000,7,1,true,54
729,1380,5098,992,5098,20392.0,27984,70,1,1,1.0,1000,7,1,true,54
729,1381,5102,992,5102,20408.0,28003,70,1,1,1.0,1000,7,1,true,54
729,1382,5105,992,5105,20420.0,28020,70,1,1,1.0,1000,6,1,true,54
729,1383,5108,992,5108,20432.0,28024,70,1,1,1.0,1000,6,1,true,54
729,1384,5112,992,5112,20448.0,28045,70,1,1,1.0,1000,7,1,true,54
729,1385,5116,992,5116,20464.0,28071,70,1,1,1.0,1000,7,1,true,54
729,1386,5119,992,5119,20476.0,28083,70,1,1,1.0,1000,6,1,true,54
729,1387,5123,992,5123,20492.0,28103,70,1,1,1.0,1000,7,1,true,54
729,1388,5127,992,5127,20508.0,28128,70,1,1,1.0,1000,7,1,true,54
729,1389,5131,992,5131,20524.0,28143,70,1,1,1.0,1000,7,1,true,54
729,1390,5135,992,5135,20540.0,28168,70,1,1,1.0,1000,6,1,true,54
729,1391,5139,992,5139,20556.0,28194,70,1,1,1.0,1000,7,1,true,54
729,1392,5143,992,5143,20572.0,28214,70,1,1,1.0,1000,7,1,true,54
729,1393,5146,992,5146,20584.0,28230,70,1,1,1.0,1000,6,1,true,54
729,1394,5150,992,5150,20600.0,28250,70,1,1,1.0,1000,7,1,true,54
729,1395,5154,992,5154,20616.0,28274,70,1,1,1.0,1000,7,1,true,54
729,1396,5158,992,5158,20632.0,28291,70,1,1,1.0,1000,7,1,true,54
729,1397,5162,992,5162,20648.0,28321,70,1,1,1.0,1000,7,1,true,54
729,1398,5166,992,5166,20664.0,28336,70,1,1,1.0,1000,7,1,true,54
729,1399,5170,992,5170,20680.0,28363,70,1,1,1.0,1000,6,1,true,54
729,1400,5173,992,5173,20692.0,28377,70,1,1,1.0,1000,6,1,true,54
729,1401,5176,992,5176,20704.0,28396,70,1,1,1.0,1000,7,1,true,54
729,1402,5180,992,5180,20720.0,28415,70,1,1,1.0,1000,7,1,true,54
729,1403,5183,992,5183,20732.0,28431,70,1,1,1.0,1000,6,1,true,54
729,1404,5187,992,5187,20748.0,28450,70,1,1,1.0,1000,6,1,true,54
729,1405,5190,992,5190,20760.0,28469,70,1,1,1.0,1000,7,1,true,54
729,1406,5194,992,5194,20776.0,28490,70,1,1,1.0,1000,7,1,true,54
729,1407,5198,992,5198,20792.0,28509,70,1,1,1.0,1000,7,1,true,54
729,1408,5202,993,5202,20808.0,28534,70,1,1,1.0,1000,7,1,true,54
729,1409,5205,993,5205,20820.0,28548,70,1,1,1.0,1000,6,1,true,54
729,1410,5209,993,5209,20836.0,28566,70,1,1,1.0,1000,7,1,true,54
729,1411,5213,993,5213,20852.0,28587,70,1,1,1.0,1000,7,1,true,54
729,1412,5217,993,5217,20868.0,28606,70,1,1,1.0,1000,7,1,true,54
729,1413,5221,993,5221,20884.0,28621,70,1,1,1.0,1000,7,1,true,54
729,1414,5225,993,5225,20900.0,28640,70,1,1,1.0,1000,7,1,true,54
729,1415,5228,993,5228,20912.0,28658,70,1,1,1.0,1000,6,1,true,54
729,1416,5231,993,5231,20924.0,28669,70,1,1,1.0,1000,6,1,true,54
729,1417,5235,993,5235,20940.0,28695,70,1,1,1.0,1000,7,1,true,54
729,1418,5238,993,5238,20952.0,28721,70,1,1,1.0,1000,6,1,true,54
729,1419,5241,993,5241,20964.0,28731,70,1,1,1.0,1000,6,1,true,54
729,1420,5245,993,5245,20980.0,28752,70,1,1,1.0,1000,7,1,true,54
729,1421,5248,993,5248,20992.0,28764,70,1,1,1.0,1000,6,1,true,54
729,1422,5251,993,5251,21004.0,28780,70,1,1,1.0,1000,6,1,true,54
729,1423,5255,993,5255,21020.0,28810,70,1,1,1.0,1000,7,1,true,54
729,1424,5259,993,5259,21036.0,28834,70,1,1,1.0,1000,6,1,true,54
729,1425,5263,993,5263,21052.0,28855,70,1,1,1.0,1000,7,1,true,54
729,1426,5266,993,5266,21064.0,28874,70,1,1,1.0,1000,6,1,true,54
729,1427,5269,993,5269,21076.0,28887,70,1,1,1.0,1000,6,1,true,54
729,1428,5273,993,5273,21092.0,28906,70,1,1,1.0,1000,6,1,true,54
729,1429,5277,993,5277,21108.0,28926,70,1,1,1.0,1000,7,1,true,54
729,1430,5281,993,5281,21124.0,28944,70,1,1,1.0,1000,7,1,true,54
729,1431,5285,993,5285,21140.0,28963,70,1,1,1.0,1000,7,1,true,54
729,1432,5288,993,5288,21152.0,28975,70,1,1,1.0,1000,7,1,true,54
729,1433,5292,993,5292,21168.0,29001,70,1,1,1.0,1000,7,1,true,54
729,1434,5296,993,5296,21184.0,29024,70,1,1,1.0,1000,7,1,true,54
729,1435,5299,993,5299,21196.0,29045,70,1,1,1.0,1000,7,1,true,54
729,1436,5302,993,5302,21208.0,29067,70,1,1,1.0,1000,6,1,true,54
729,1437,5306,993,5306,21224.0,29086,70,1,1,1.0,1000,7,1,true,54
729,1438,5310,993,5310,21240.0,29106,70,1,1,1.0,1000,7,1,true,54
729,1439,5314,993,5314,21256.0,29129,70,1,1,1.0,1000,7,1,true,54
729,1440,5317,993,5317,21268.0,29142,70,1,1,1.0,1000,7,1,true,54
729,1441,5320,993,5320,21280.0,29158,70,1,1,1.0,1000,6,1,true,54
729,1442,5324,993,5324,21296.0,29185,70,1,1,1.0,1000,7,1,true,54
729,1443,5327,993,5327,21308.0,29200,70,1,1,1.0,1000,6,1,true,54
729,1444,5331,993,5331,21324.0,29220,70,1,1,1.0,1000,7,1,true,54
729,1445,5334,993,5334,21336.0,29235,70,1,1,1.0,1000,7,1,true,54
729,1446,5338,993,5338,21352.0,29255,70,1,1,1.0,1000,7,1,true,54
729,1447,5341,993,5341,21364.0,29273,70,1,1,1.0,1000,6,1,true,54
729,1448,5345,993,5345,21380.0,29296,70,1,1,1.0,1000,7,1,true,54
729,1449,5349,993,5349,21396.0,29318,70,1,1,1.0,1000,7,1,true,54
729,1450,5352,993,5352,21408.0,29335,70,1,1,1.0,1000,6,1,true,54
729,1451,5355,993,5355,21420.0,29354,70,1,1,1.0,1000,6,1,true,54
729,1452,5358,993,5358,21432.0,29368,70,1,1,1.0,1000,6,1,true,54
729,1453,5361,993,5361,21444.0,29383,70,1,1,1.0,1000,6,1,true,54
729,1454,5365,993,5365,21460.0,29401,70,1,1,1.0,1000,7,1,true,54
729,1455,5369,993,5369,21476.0,29425,70,1,1,1.0,1000,7,1,true,54
729,1456,5372,993,5372,21488.0,29443,70,1,1,1.0,1000,6,1,true,54
729,1457,5376,993,5376,21504.0,29461,70,1,1,1.0,1000,7,1,true,54
729,1458,5379,993,5379,21516.0,29479,70,1,1,1.0,1000,7,1,true,54
729,1459,5383,993,5383,21532.0,29507,70,1,1,1.0,1000,7,1,true,54
729,1460,5386,993,5386,21544.0,29524,70,1,1,1.0,1000,6,1,true,54
729,1461,5390,993,5390,21560.0,29541,70,1,1,1.0,1000,7,1,true,54
729,1462,5394,993,5394,21576.0,29570,70,1,1,1.0,1000,7,1,true,54
729,1463,5397,993,5397,21588.0,29576,70,1,1,1.0,1000,6,1,true,54
729,1464,5400,993,5400,21600.0,29590,70,1,1,1.0,1000,6,1,true,54
729,1465,5404,993,5404,21616.0,29612,70,1,1,1.0,1000,7,1,true,54
729,1466,5408,993,5408,21632.0,29643,70,1,1,1.0,1000,7,1,true,54
729,1467,5412,993,5412,21648.0,29664,70,1,1,1.0,1000,6,1,true,54
729,1468,5415,993,5415,21660.0,29677,70,1,1,1.0,1000,6,1,true,54
729,1469,5419,993,5419,21676.0,29695,70,1,1,1.0,1000,7,1,true,54
729,1470,5422,993,5422,21688.0,29715,70,1,1,1.0,1000,6,1,true,54
729,1471,5425,993,5425,21700.0,29734,70,1,1,1.0,1000,6,1,true,54
729,1472,5428,993,5428,21712.0,29754,70,1,1,1.0,1000,6,1,true,54
729,1473,5432,993,5432,21728.0,29771,70,1,1,1.0,1000,7,1,true,54
729,1474,5436,993,5436,21744.0,29797,70,1,1,1.0,1000,7,1,true,54
729,1475,5440,993,5440,21760.0,29820,70,1,1,1.0,1000,7,1,true,54
729,1476,5444,993,5444,21776.0,29848,70,1,1,1.0,1000,7,1,true,54
729,1477,5448,993,5448,21792.0,29879,70,1,1,1.0,1000,7,1,true,54
729,1478,5452,993,5452,21808.0,29898,70,1,1,1.0,1000,7,1,true,54
729,1479,5455,993,5455,21820.0,29915,70,1,1,1.0,1000,6,1,true,54
729,1480,5459,993,5459,21836.0,29948,70,1,1,1.0,1000,7,1,true,54
729,1481,5463,993,5463,21852.0,29974,70,1,1,1.0,1000,7,1,true,54
729,1482,5467,993,5467,21868.0,30003,70,1,1,1.0,1000,7,1,true,54
729,1483,5471,993,5471,21884.0,30025,70,1,1,1.0,1000,7,1,true,54
729,1484,5475,993,5475,21900.0,30044,70,1,1,1.0,1000,6,1,true,54
729,1485,5479,993,5479,21916.0,30061,70,1,1,1.0,1000,7,1,true,54
729,1486,5483,993,5483,21932.0,30080,70,1,1,1.0,1000,7,1,true,54
729,1487,5487,993,5487,21948.0,30100,70,1,1,1.0,1000,7,1,true,54
729,1488,5490,993,5490,21960.0,30117,70,1,1,1.0,1000,6,1,true,54
729,1489,5494,993,5494,21976.0,30143,70,1,1,1.0,1000,7,1,true,54
729,1490,5498,993,5498,21992.0,30162,70,1,1,1.0,1000,7,1,true,54
729,1491,5502,993,5502,22008.0,30182,70,1,1,1.0,1000,7,1,true,54
729,1492,5505,993,5505,22020.0,30203,70,1,1,1.0,1000,6,1,true,54
729,1493,5509,993,5509,22036.0,30214,70,1,1,1.0,1000,7,1,true,54
729,1494,5513,993,5513,22052.0,30238,70,1,1,1.0,1000,7,1,true,54
729,1495,5517,993,5517,22068.0,30261,70,1,1,1.0,1000,7,1,true,54
729,1496,5520,993,5520,22080.0,30281,70,1,1,1.0,1000,6,1,true,54
729,1497,5524,993,5524,22096.0,30300,70,1,1,1.0,1000,7,1,true,54
729,1498,5528,993,5528,22112.0,30320,70,1,1,1.0,1000,6,1,true,54
729,1499,5532,993,5532,22128.0,30343,70,1,1,1.0,1000,7,1,true,54
729,1500,5536,993,5536,22144.0,30360,70,1,1,1.0,1000,7,1,true,54
729,1501,5540,993,5540,22160.0,30377,70,1,1,1.0,1000,7,1,true,54
729,1502,5544,993,5544,22176.0,30393,70,1,1,1.0,1000,7,1,true,54
729,1503,5547,993,5547,22188.0,30410,70,1,1,1.0,1000,6,1,true,54
729,1504,5551,993,5551,22204.0,30436,70,1,1,1.0,1000,7,1,true,54
729,1505,5555,993,5555,22220.0,30458,70,1,1,1.0,1000,7,1,true,54
729,1506,5559,993,5559,22236.0,30480,70,1,1,1.0,1000,7,1,true,54
729,1507,5563,993,5563,22252.0,30503,70,1,1,1.0,1000,7,1,true,54
729,1508,5567,993,5567,22268.0,30521,70,1,1,1.0,1000,7,1,true,54
729,1509,5570,993,5570,22280.0,30536,70,1,1,1.0,1000,6,1,true,54
729,1510,5573,993,5573,22292.0,30554,70,1,1,1.0,1000,6,1,true,54
729,1511,5576,993,5576,22304.0,30572,70,1,1,1.0,1000,7,1,true,54
729,1512,5580,993,5580,22320.0,30593,70,1,1,1.0,1000,7,1,true,54
729,1513,5583,993,5583,22332.0,30606,70,1,1,1.0,1000,6,1,true,54
729,1514,5587,993,5587,22348.0,30623,70,1,1,1.0,1000,7,1,true,54
729,1515,5591,993,5591,22364.0,30650,70,1,1,1.0,1000,7,1,true,54
729,1516,5594,993,5594,22376.0,30667,70,1,1,1.0,1000,6,1,true,54
729,1518,5602,993,5602,22408.0,30712,70,1,1,1.0,1000,7,1,true,54
729,1518,5602,993,5602,22408.0,30712,70,1,1,1.0,1000,7,1,true,54
729,1519,5606,993,5606,22424.0,30734,70,1,1,1.0,1000,7,1,true,54
729,1520,5610,993,5610,22440.0,30755,70,1,1,1.0,1000,7,1,true,54
729,1521,5614,993,5614,22456.0,30774,70,1,1,1.0,1000,6,1,true,54
729,1522,5618,993,5618,22472.0,30798,70,1,1,1.0,1000,7,1,true,54
729,1523,5622,993,5622,22488.0,30815,70,1,1,1.0,1000,6,1,true,54
729,1524,5625,993,5625,22500.0,30831,70,1,1,1.0,1000,7,1,true,54
729,1525,5629,993,5629,22516.0,30853,70,1,1,1.0,1000,7,1,true,54
729,1526,5633,993,5633,22532.0,30876,70,1,1,1.0,1000,7,1,true,54
729,1527,5637,993,5637,22548.0,30897,70,1,1,1.0,1000,7,1,true,54
729,1528,5640,993,5640,22560.0,30914,70,1,1,1.0,1000,7,1,true,54
729,1529,5643,993,5643,22572.0,30923,70,1,1,1.0,1000,7,1,true,54
729,1530,5647,993,5647,22588.0,30943,70,1,1,1.0,1000,7,1,true,54
729,1531,5651,993,5651,22604.0,30968,70,1,1,1.0,1000,7,1,true,54
729,1532,5654,993,5654,22616.0,30984,70,1,1,1.0,1000,6,1,true,54
729,1533,5658,993,5658,22632.0,31012,70,1,1,1.0,1000,7,1,true,54
729,1534,5662,993,5662,22648.0,31036,70,1,1,1.0,1000,7,1,true,54
729,1535,5665,993,5665,22660.0,31051,70,1,1,1.0,1000,6,1,true,54
729,1536,5669,993,5669,22676.0,31074,70,1,1,1.0,1000,6,1,true,54
729,1537,5673,993,5673,22692.0,31092,70,1,1,1.0,1000,7,1,true,54
729,1538,5677,993,5677,22708.0,31117,70,1,1,1.0,1000,7,1,true,54
729,1539,5680,993,5680,22720.0,31134,70,1,1,1.0,1000,7,1,true,54
729,1540,5684,993,5684,22736.0,31157,70,1,1,1.0,1000,7,1,true,54
729,1541,5686,993,5686,22744.0,31170,70,1,1,1.0,1000,6,1,true,54
729,1543,5694,993,5694,22776.0,31205,70,1,1,1.0,1000,7,1,true,54
729,1543,5694,993,5694,22776.0,31205,70,1,1,1.0,1000,7,1,true,54
729,1544,5698,993,5698,22792.0,31225,70,1,1,1.0,1000,7,1,true,54
729,1545,5701,993,5701,22804.0,31238,70,1,1,1.0,1000,6,1,true,54
729,1546,5705,993,5705,22820.0,31263,70,1,1,1.0,1000,7,1,true,54
729,1547,5708,993,5708,22832.0,31282,70,1,1,1.0,1000,6,1,true,54
729,1548,5712,993,5712,22848.0,31304,70,1,1,1.0,1000,6,1,true,54
729,1549,5715,993,5715,22860.0,31322,70,1,1,1.0,1000,6,1,true,54
729,1550,5719,993,5719,22876.0,31350,70,1,1,1.0,1000,7,1,true,54
729,1551,5723,993,5723,22892.0,31374,70,1,1,1.0,1000,7,1,true,54
729,1552,5726,993,5726,22904.0,31390,70,1,1,1.0,1000,6,1,true,54
729,1553,5729,993,5729,22916.0,31405,70,1,1,1.0,1000,6,1,true,54
729,1554,5733,993,5733,22932.0,31420,70,1,1,1.0,1000,7,1,true,54
729,1555,5736,993,5736,22944.0,31437,70,1,1,1.0,1000,6,1,true,54
729,1556,5739,993,5739,22956.0,31458,70,1,1,1.0,1000,6,1,true,54
729,1557,5743,993,5743,22972.0,31481,70,1,1,1.0,1000,7,1,true,54
729,1558,5747,993,5747,22988.0,31500,70,1,1,1.0,1000,7,1,true,54
729,1559,5751,993,5751,23004.0,31516,70,1,1,1.0,1000,7,1,true,54
729,1560,5755,993,5755,23020.0,31538,70,1,1,1.0,1000,7,1,true,54
729,1561,5759,993,5759,23036.0,31555,70,1,1,1.0,1000,7,1,true,54
729,1562,5762,993,5762,23048.0,31571,70,1,1,1.0,1000,6,1,true,54
729,1563,5766,993,5766,23064.0,31597,70,1,1,1.0,1000,7,1,true,54
729,1564,5770,993,5770,23080.0,31617,70,1,1,1.0,1000,7,1,true,54
729,1565,5774,993,5774,23096.0,31631,70,1,1,1.0,1000,7,1,true,54
729,1566,5778,993,5778,23112.0,31646,70,1,1,1.0,1000,7,1,true,54
729,1567,5782,993,5782,23128.0,31668,70,1,1,1.0,1000,7,1,true,54
729,1568,5786,993,5786,23144.0,31691,70,1,1,1.0,1000,7,1,true,54
729,1569,5790,993,5790,23160.0,31710,70,1,1,1.0,1000,7,1,true,54
729,1570,5794,993,5794,23176.0,31739,70,1,1,1.0,1000,7,1,true,54
729,1572,5801,993,5801,23204.0,31774,70,1,1,1.0,1000,6,1,true,54
729,1572,5801,993,5801,23204.0,31774,70,1,1,1.0,1000,6,1,true,54
729,1573,5805,993,5805,23220.0,31798,70,1,1,1.0,1000,6,1,true,54
729,1574,5809,993,5809,23236.0,31818,70,1,1,1.0,1000,7,1,true,54
729,1575,5812,994,5812,23248.0,31831,70,1,1,1.0,1000,7,1,true,54
729,1576,5815,995,5815,23260.0,31847,70,1,1,1.0,1000,6,1,true,54
729,1577,5818,995,5818,23272.0,31860,70,1,1,1.0,1000,6,1,true,54
729,1578,5822,995,5822,23288.0,31888,70,1,1,1.0,1000,7,1,true,54
729,1579,5826,995,5826,23304.0,31907,70,1,1,1.0,1000,7,1,true,54
729,1580,5829,995,5829,23316.0,31928,70,1,1,1.0,1000,6,1,true,54
729,1581,5833,995,5833,23332.0,31957,70,1,1,1.0,1000,7,1,true,54
729,1582,5837,995,5837,23348.0,31985,70,1,1,1.0,1000,7,1,true,54
729,1583,5841,995,5841,23364.0,32003,70,1,1,1.0,1000,7,1,true,54
729,1584,5845,996,5845,23380.0,32026,70,1,1,1.0,1000,7,1,true,54
729,1585,5848,996,5848,23392.0,32046,70,1,1,1.0,1000,6,1,true,54
729,1586,5852,996,5852,23408.0,32075,70,1,1,1.0,1000,7,1,true,54
729,1587,5855,996,5855,23420.0,32088,70,1,1,1.0,1000,6,1,true,54
729,1588,5859,997,5859,23436.0,32120,70,1,1,1.0,1000,7,1,true,54
729,1589,5863,997,5863,23452.0,32149,70,1,1,1.0,1000,7,1,true,54
729,1590,5867,997,5867,23468.0,32177,70,1,1,1.0,1000,6,1,true,54
729,1591,5871,997,5871,23484.0,32190,70,1,1,1.0,1000,7,1,true,54
729,1592,5875,997,5875,23500.0,32207,70,1,1,1.0,1000,7,1,true,54
729,1593,5878,997,5878,23512.0,32225,70,1,1,1.0,1000,6,1,true,54
729,1594,5882,997,5882,23528.0,32244,70,1,1,1.0,1000,7,1,true,54
729,1595,5886,997,5886,23544.0,32268,70,1,1,1.0,1000,7,1,true,54
729,1596,5889,997,5889,23556.0,32286,70,1,1,1.0,1000,6,1,true,54
729,1597,5893,997,5893,23572.0,32312,70,1,1,1.0,1000,7,1,true,54
729,1598,5896,997,5896,23584.0,32330,70,1,1,1.0,1000,6,1,true,54
729,1599,5900,997,5900,23600.0,32352,70,1,1,1.0,1000,7,1,true,54
729,1600,5904,997,5904,23616.0,32368,70,1,1,1.0,1000,7,1,true,54
729,1601,5908,997,5908,23632.0,32383,70,1,1,1.0,1000,7,1,true,54
729,1602,5912,997,5912,23648.0,32401,70,1,1,1.0,1000,7,1,true,54
729,1603,5916,997,5916,23664.0,32419,70,1,1,1.0,1000,6,1,true,54
729,1604,5920,997,5920,23680.0,32434,70,1,1,1.0,1000,7,1,true,54
729,1605,5924,997,5924,23696.0,32452,70,1,1,1.0,1000,7,1,true,54
729,1606,5928,997,5928,23712.0,32472,70,1,1,1.0,1000,7,1,true,54
729,1607,5931,997,5931,23724.0,32485,70,1,1,1.0,1000,6,1,true,54
729,1608,5934,997,5934,23736.0,32500,70,1,1,1.0,1000,6,1,true,54
729,1609,5937,997,5937,23748.0,32520,70,1,1,1.0,1000,6,1,true,54
729,1610,5940,997,5940,23760.0,32542,70,1,1,1.0,1000,6,1,true,54
729,1611,5944,997,5944,23776.0,32562,70,1,1,1.0,1000,7,1,true,54
729,1612,5948,997,5948,23792.0,32589,70,1,1,1.0,1000,7,1,true,54
729,1613,5952,997,5952,23808.0,32614,70,1,1,1.0,1000,6,1,true,54
729,1614,5955,997,5955,23820.0,32630,70,1,1,1.0,1000,6,1,true,54
729,1615,5958,997,5958,23832.0,32647,70,1,1,1.0,1000,6,1,true,54
729,1616,5961,997,5961,23844.0,32667,70,1,1,1.0,1000,6,1,true,54
729,1617,5964,997,5964,23856.0,32686,70,1,1,1.0,1000,6,1,true,54
729,1618,5968,997,5968,23872.0,32717,70,1,1,1.0,1000,7,1,true,54
729,1619,5972,997,5972,23888.0,32735,70,1,1,1.0,1000,7,1,true,54
729,1620,5976,997,5976,23904.0,32765,70,1,1,1.0,1000,7,1,true,54
729,1621,5979,997,5979,23916.0,32780,70,1,1,1.0,1000,6,1,true,54
729,1622,5983,997,5983,23932.0,32795,70,1,1,1.0,1000,7,1,true,54
729,1623,5986,997,5986,23944.0,32814,70,1,1,1.0,1000,6,1,true,54
729,1624,5989,997,5989,23956.0,32839,70,1,1,1.0,1000,6,1,true,54
729,1625,5993,997,5993,23972.0,32858,70,1,1,1.0,1000,7,1,true,54
729,1626,5997,997,5997,23988.0,32874,70,1,1,1.0,1000,6,1,true,54
729,1627,6001,997,6001,24004.0,32897,70,1,1,1.0,1000,7,1,true,54
729,1628,6005,997,6005,24020.0,32921,70,1,1,1.0,1000,7,1,true,54
729,1629,6009,997,6009,24036.0,32946,70,1,1,1.0,1000,6,1,true,54
729,1630,6013,997,6013,24052.0,32973,70,1,1,1.0,1000,7,1,true,54
729,1631,6017,997,6017,24068.0,32998,70,1,1,1.0,1000,6,1,true,54
729,1632,6021,997,6021,24084.0,33027,70,1,1,1.0,1000,7,1,true,54
729,1633,6025,997,6025,24100.0,33048,70,1,1,1.0,1000,7,1,true,54
729,1634,6028,997,6028,24112.0,33066,70,1,1,1.0,1000,7,1,true,54
729,1635,6032,997,6032,24128.0,33086,70,1,1,1.0,1000,7,1,true,54
729,1636,6035,997,6035,24140.0,33104,70,1,1,1.0,1000,7,1,true,54
729,1637,6039,997,6039,24156.0,33120,70,1,1,1.0,1000,7,1,true,54
729,1638,6043,997,6043,24172.0,33141,70,1,1,1.0,1000,7,1,true,54
729,1639,6047,997,6047,24188.0,33162,70,1,1,1.0,1000,7,1,true,54
729,1640,6050,997,6050,24200.0,33181,70,1,1,1.0,1000,6,1,true,54
729,1641,6054,997,6054,24216.0,33206,70,1,1,1.0,1000,6,1,true,54
729,1642,6058,997,6058,24232.0,33231,70,1,1,1.0,1000,7,1,true,54
729,1643,6062,997,6062,24248.0,33259,70,1,1,1.0,1000,6,1,true,54
729,1644,6066,997,6066,24264.0,33284,70,1,1,1.0,1000,7,1,true,54
729,1645,6069,997,6069,24276.0,33296,70,1,1,1.0,1000,6,1,true,54
729,1646,6073,997,6073,24292.0,33317,70,1,1,1.0,1000,7,1,true,54
729,1647,6076,997,6076,24304.0,33338,70,1,1,1.0,1000,7,1,true,54
729,1648,6080,997,6080,24320.0,33360,70,1,1,1.0,1000,7,1,true,54
729,1649,6084,997,6084,24336.0,33381,70,1,1,1.0,1000,7,1,true,54
729,1650,6087,997,6087,24348.0,33390,70,1,1,1.0,1000,7,1,true,54
729,1651,6090,997,6090,24360.0,33403,70,1,1,1.0,1000,6,1,true,54
729,1652,6094,997,6094,24376.0,33423,70,1,1,1.0,1000,7,1,true,54
729,1653,6097,997,6097,24388.0,33437,70,1,1,1.0,1000,6,1,true,54
729,1654,6101,997,6101,24404.0,33456,70,1,1,1.0,1000,7,1,true,54
729,1655,6105,997,6105,24420.0,33484,70,1,1,1.0,1000,7,1,true,54
729,1656,6108,997,6108,24432.0,33501,70,1,1,1.0,1000,6,1,true,54
729,1657,6112,997,6112,24448.0,33521,70,1,1,1.0,1000,7,1,true,54
729,1658,6116,997,6116,24464.0,33539,70,1,1,1.0,1000,7,1,true,54
729,1659,6120,997,6120,24480.0,33563,70,1,1,1.0,1000,7,1,true,54
729,1660,6124,997,6124,24496.0,33600,70,1,1,1.0,1000,7,1,true,54
729,1661,6127,997,6127,24508.0,33613,70,1,1,1.0,1000,7,1,true,54
729,1662,6131,997,6131,24524.0,33624,70,1,1,1.0,1000,7,1,true,54
729,1663,6135,997,6135,24540.0,33642,70,1,1,1.0,1000,6,1,true,54
729,1664,6138,997,6138,24552.0,33663,70,1,1,1.0,1000,6,1,true,54
729,1666,6145,997,6145,24580.0,33705,70,1,1,1.0,1000,7,1,true,54
729,1666,6145,997,6145,24580.0,33705,70,1,1,1.0,1000,7,1,true,54
729,1667,6149,997,6149,24596.0,33728,70,1,1,1.0,1000,7,1,true,54
729,1668,6153,997,6153,24612.0,33750,70,1,1,1.0,1000,6,1,true,54
729,1669,6157,997,6157,24628.0,33773,70,1,1,1.0,1000,7,1,true,54
729,1671,6164,997,6164,24656.0,33808,70,1,1,1.0,1000,7,1,true,54
729,1671,6164,997,6164,24656.0,33808,70,1,1,1.0,1000,7,1,true,54
729,1672,6168,997,6168,24672.0,33838,70,1,1,1.0,1000,7,1,true,54
729,1673,6171,997,6171,24684.0,33859,70,1,1,1.0,1000,6,1,true,54
729,1674,6175,997,6175,24700.0,33877,70,1,1,1.0,1000,7,1,true,54
729,1675,6178,997,6178,24712.0,33894,70,1,1,1.0,1000,6,1,true,54
729,1676,6182,997,6182,24728.0,33920,70,1,1,1.0,1000,7,1,true,54
729,1677,6186,997,6186,24744.0,33941,70,1,1,1.0,1000,7,1,true,54
729,1678,6190,997,6190,24760.0,33963,70,1,1,1.0,1000,7,1,true,54
729,1679,6193,997,6193,24772.0,33975,70,1,1,1.0,1000,6,1,true,54
729,1680,6196,997,6196,24784.0,33990,70,1,1,1.0,1000,6,1,true,54
729,1681,6200,997,6200,24800.0,34011,70,1,1,1.0,1000,7,1,true,54
729,1682,6204,997,6204,24816.0,34028,70,1,1,1.0,1000,7,1,true,54
729,1683,6207,997,6207,24828.0,34041,70,1,1,1.0,1000,7,1,true,54
729,1684,6210,997,6210,24840.0,34053,70,1,1,1.0,1000,6,1,true,54
729,1685,6213,997,6213,24852.0,34068,70,1,1,1.0,1000,7,1,true,54
729,1686,6217,997,6217,24868.0,34092,70,1,1,1.0,1000,7,1,true,54
729,1687,6221,997,6221,24884.0,34115,70,1,1,1.0,1000,7,1,true,54
729,1688,6224,997,6224,24896.0,34131,70,1,1,1.0,1000,6,1,true,54
729,1689,6228,997,6228,24912.0,34164,70,1,1,1.0,1000,7,1,true,54
729,1690,6232,997,6232,24928.0,34193,70,1,1,1.0,1000,7,1,true,54
729,1691,6236,997,6236,24944.0,34214,70,1,1,1.0,1000,7,1,true,54
729,1692,6239,997,6239,24956.0,34229,70,1,1,1.0,1000,7,1,true,54
729,1693,6243,997,6243,24972.0,34246,70,1,1,1.0,1000,7,1,true,54
729,1694,6246,997,6246,24984.0,34257,70,1,1,1.0,1000,6,1,true,54
729,1695,6250,997,6250,25000.0,34287,70,1,1,1.0,1000,7,1,true,54
729,1696,6253,997,6253,25012.0,34300,70,1,1,1.0,1000,6,1,true,54
729,1697,6256,997,6256,25024.0,34314,70,1,1,1.0,1000,6,1,true,54
729,1698,6259,997,6259,25036.0,34328,70,1,1,1.0,1000,6,1,true,54
729,1699,6262,997,6262,25048.0,34352,70,1,1,1.0,1000,6,1,true,54
729,1700,6265,997,6265,25060.0,34378,70,1,1,1.0,1000,6,1,true,54
729,1701,6268,997,6268,25072.0,34393,70,1,1,1.0,1000,6,1,true,54
729,1702,6272,997,6272,25088.0,34415,70,1,1,1.0,1000,7,1,true,54
729,1703,6276,997,6276,25104.0,34438,70,1,1,1.0,1000,6,1,true,54
729,1704,6279,997,6279,25116.0,34453,70,1,1,1.0,1000,6,1,true,54
729,1705,6283,997,6283,25132.0,34466,70,1,1,1.0,1000,7,1,true,54
729,1706,6286,997,6286,25144.0,34483,70,1,1,1.0,1000,6,1,true,54
729,1707,6290,997,6290,25160.0,34505,70,1,1,1.0,1000,6,1,true,54
729,1708,6294,997,6294,25176.0,34527,70,1,1,1.0,1000,7,1,true,54
729,1709,6297,997,6297,25188.0,34546,70,1,1,1.0,1000,7,1,true,54
729,1710,6301,997,6301,25204.0,34566,70,1,1,1.0,1000,7,1,true,54
729,1711,6304,997,6304,25216.0,34581,70,1,1,1.0,1000,7,1,true,54
729,1712,6307,997,6307,25228.0,34591,70,1,1,1.0,1000,6,1,true,54
729,1713,6310,997,6310,25240.0,34612,70,1,1,1.0,1000,6,1,true,54
729,1714,6315,997,6315,25260.0,34637,70,1,1,1.0,1000,7,1,true,54
729,1715,6319,997,6319,25276.0,34653,70,1,1,1.0,1000,7,1,true,54
729,1716,6323,997,6323,25292.0,34674,70,1,1,1.0,1000,7,1,true,54
729,1717,6327,997,6327,25308.0,34691,70,1,1,1.0,1000,7,1,true,54
729,1718,6331,997,6331,25324.0,34715,70,1,1,1.0,1000,7,1,true,54
729,1719,6335,997,6335,25340.0,34731,70,1,1,1.0,1000,6,1,true,54
729,1720,6339,997,6339,25356.0,34759,70,1,1,1.0,1000,7,1,true,54
729,1721,6343,997,6343,25372.0,34779,70,1,1,1.0,1000,7,1,true,54
729,1722,6347,997,6347,25388.0,34805,70,1,1,1.0,1000,7,1,true,54
729,1723,6351,997,6351,25404.0,34826,70,1,1,1.0,1000,7,1,true,54
729,1724,6355,997,6355,25420.0,34850,70,1,1,1.0,1000,7,1,true,54
729,1725,6359,997,6359,25436.0,34874,70,1,1,1.0,1000,7,1,true,54
729,1726,6362,997,6362,25448.0,34891,70,1,1,1.0,1000,6,1,true,54
729,1727,6365,997,6365,25460.0,34905,70,1,1,1.0,1000,6,1,true,54
729,1728,6369,997,6369,25476.0,34930,70,1,1,1.0,1000,7,1,true,54
729,1729,6373,997,6373,25492.0,34945,70,1,1,1.0,1000,7,1,true,54
729,1730,6377,997,6377,25508.0,34963,70,1,1,1.0,1000,6,1,true,54
729,1731,6381,997,6381,25524.0,34980,70,1,1,1.0,1000,7,1,true,54
729,1732,6385,997,6385,25540.0,35015,70,1,1,1.0,1000,7,1,true,54
729,1733,6388,997,6388,25552.0,35029,70,1,1,1.0,1000,6,1,true,54
729,1734,6392,997,6392,25568.0,35043,70,1,1,1.0,1000,7,1,true,54
729,1735,6396,997,6396,25584.0,35060,70,1,1,1.0,1000,7,1,true,54
729,1736,6399,997,6399,25596.0,35074,70,1,1,1.0,1000,6,1,true,54
729,1737,6403,997,6403,25612.0,35093,70,1,1,1.0,1000,7,1,true,54
729,1738,6405,997,6405,25620.0,35104,70,1,1,1.0,1000,6,1,true,54
729,1739,6408,997,6408,25632.0,35114,70,1,1,1.0,1000,7,1,true,54
729,1740,6411,997,6411,25644.0,35132,70,1,1,1.0,1000,6,1,true,54
729,1741,6415,997,6415,25660.0,35150,70,1,1,1.0,1000,7,1,true,54
729,1742,6419,997,6419,25676.0,35165,70,1,1,1.0,1000,6,1,true,54
729,1743,6422,997,6422,25688.0,35180,70,1,1,1.0,1000,6,1,true,54
729,1744,6426,997,6426,25704.0,35200,70,1,1,1.0,1000,6,1,true,54
729,1745,6430,997,6430,25720.0,35227,70,1,1,1.0,1000,7,1,true,54
729,1746,6434,997,6434,25736.0,35249,70,1,1,1.0,1000,7,1,true,54
729,1747,6438,997,6438,25752.0,35269,70,1,1,1.0,1000,7,1,true,54
729,1748,6442,997,6442,25768.0,35295,70,1,1,1.0,1000,7,1,true,54
729,1749,6446,997,6446,25784.0,35319,70,1,1,1.0,1000,7,1,true,54
729,1751,6453,997,6453,25812.0,35356,70,1,1,1.0,1000,7,1,true,54
729,1751,6453,997,6453,25812.0,35356,70,1,1,1.0,1000,7,1,true,54
729,1752,6456,997,6456,25824.0,35377,70,1,1,1.0,1000,6,1,true,54
729,1753,6460,997,6460,25840.0,35405,70,1,1,1.0,1000,7,1,true,54
729,1754,6464,997,6464,25856.0,35422,70,1,1,1.0,1000,7,1,true,54
729,1755,6467,997,6467,25868.0,35437,70,1,1,1.0,1000,6,1,true,54
729,1756,6471,997,6471,25884.0,35460,70,1,1,1.0,1000,7,1,true,54
729,1757,6475,997,6475,25900.0,35489,70,1,1,1.0,1000,7,1,true,54
729,1758,6479,997,6479,25916.0,35511,70,1,1,1.0,1000,7,1,true,54
729,1759,6483,997,6483,25932.0,35533,70,1,1,1.0,1000,7,1,true,54
729,1760,6486,997,6486,25944.0,35544,70,1,1,1.0,1000,6,1,true,54
729,1761,6490,997,6490,25960.0,35560,70,1,1,1.0,1000,7,1,true,54
729,1762,6494,997,6494,25976.0,35591,70,1,1,1.0,1000,7,1,true,54
729,1763,6497,997,6497,25988.0,35607,70,1,1,1.0,1000,6,1,true,54
729,1764,6501,997,6501,26004.0,35634,70,1,1,1.0,1000,6,1,true,54
729,1765,6505,997,6505,26020.0,35653,70,1,1,1.0,1000,6,1,true,54
729,1766,6509,997,6509,26036.0,35669,70,1,1,1.0,1000,7,1,true,54
729,1767,6513,997,6513,26052.0,35697,70,1,1,1.0,1000,7,1,true,54
729,1768,6517,998,6517,26068.0,35718,70,1,1,1.0,1000,7,1,true,54
729,1769,6520,998,6520,26080.0,35735,70,1,1,1.0,1000,7,1,true,54
729,1770,6523,999,6523,26092.0,35748,70,1,1,1.0,1000,6,1,true,54
729,1771,6527,999,6527,26108.0,35773,70,1,1,1.0,1000,6,1,true,54
729,1772,6530,999,6530,26120.0,35792,70,1,1,1.0,1000,6,1,true,54
729,1773,6534,999,6534,26136.0,35813,70,1,1,1.0,1000,7,1,true,54
729,1774,6538,999,6538,26152.0,35838,70,1,1,1.0,1000,7,1,true,54
729,1775,6542,999,6542,26168.0,35863,70,1,1,1.0,1000,7,1,true,54
729,1776,6546,999,6546,26184.0,35893,70,1,1,1.0,1000,7,1,true,54
729,1777,6549,999,6549,26196.0,35904,70,1,1,1.0,1000,7,1,true,54
729,1778,6553,999,6553,26212.0,35934,70,1,1,1.0,1000,7,1,true,54
729,1779,6557,999,6557,26228.0,35955,70,1,1,1.0,1000,7,1,true,54
729,1780,6561,999,6561,26244.0,35972,70,1,1,1.0,1000,7,1,true,54
729,1781,6565,999,6565,26260.0,36003,70,1,1,1.0,1000,7,1,true,54
729,1782,6568,999,6568,26272.0,36021,70,1,1,1.0,1000,6,1,true,54
729,1783,6572,999,6572,26288.0,36053,70,1,1,1.0,1000,7,1,true,54
729,1784,6575,999,6575,26300.0,36073,70,1,1,1.0,1000,7,1,true,54
729,1785,6579,999,6579,26316.0,36099,70,1,1,1.0,1000,7,1,true,54
729,1786,6582,999,6582,26328.0,36118,70,1,1,1.0,1000,6,1,true,54
729,1787,6585,999,6585,26340.0,36131,70,1,1,1.0,1000,6,1,true,54
729,1788,6588,999,6588,26352.0,36144,70,1,1,1.0,1000,6,1,true,54
729,1789,6592,999,6592,26368.0,36164,70,1,1,1.0,1000,7,1,true,54
729,1790,6595,999,6595,26380.0,36177,70,1,1,1.0,1000,6,1,true,54
729,1791,6598,999,6598,26392.0,36194,70,1,1,1.0,1000,6,1,true,54
729,1792,6602,999,6602,26408.0,36219,70,1,1,1.0,1000,7,1,true,54
729,1793,6606,999,6606,26424.0,36238,70,1,1,1.0,1000,7,1,true,54
729,1794,6610,999,6610,26440.0,36259,70,1,1,1.0,1000,7,1,true,54
729,1795,6614,999,6614,26456.0,36282,70,1,1,1.0,1000,7,1,true,54
729,1796,6618,999,6618,26472.0,36306,70,1,1,1.0,1000,7,1,true,54
729,1797,6622,999,6622,26488.0,36324,70,1,1,1.0,1000,7,1,true,54
729,1798,6625,999,6625,26500.0,36339,70,1,1,1.0,1000,7,1,true,54
729,1799,6628,999,6628,26512.0,36357,70,1,1,1.0,1000,6,1,true,54
729,1800,6632,999,6632,26528.0,36379,70,1,1,1.0,1000,7,1,true,54
729,1801,6636,999,6636,26544.0,36402,70,1,1,1.0,1000,7,1,true,54
729,1802,6640,999,6640,26560.0,36430,70,1,1,1.0,1000,7,1,true,54
729,1803,6643,999,6643,26572.0,36444,70,1,1,1.0,1000,6,1,true,54
729,1804,6647,999,6647,26588.0,36468,70,1,1,1.0,1000,7,1,true,54
729,1805,6651,999,6651,26604.0,36492,70,1,1,1.0,1000,7,1,true,54
729,1806,6655,999,6655,26620.0,36514,70,1,1,1.0,1000,7,1,true,54
729,1807,6659,999,6659,26636.0,36536,70,1,1,1.0,1000,6,1,true,54
729,1808,6663,999,6663,26652.0,36564,70,1,1,1.0,1000,7,1,true,54
729,1809,6667,999,6667,26668.0,36591,70,1,1,1.0,1000,7,1,true,54
729,1810,6671,999,6671,26684.0,36615,70,1,1,1.0,1000,7,1,true,54
729,1811,6675,999,6675,26700.0,36634,70,1,1,1.0,1000,7,1,true,54
729,1812,6678,999,6678,26712.0,36644,70,1,1,1.0,1000,6,1,true,54
729,1813,6681,999,6681,26724.0,36660,70,1,1,1.0,1000,7,1,true,54
729,1814,6685,999,6685,26740.0,36682,70,1,1,1.0,1000,7,1,true,54
729,1815,6689,999,6689,26756.0,36709,70,1,1,1.0,1000,7,1,true,54
729,1816,6693,999,6693,26772.0,36732,70,1,1,1.0,1000,7,1,true,54
729,1817,6697,999,6697,26788.0,36756,70,1,1,1.0,1000,7,1,true,54
729,1818,6700,999,6700,26800.0,36779,70,1,1,1.0,1000,6,1,true,54
729,1819,6704,999,6704,26816.0,36797,70,1,1,1.0,1000,7,1,true,54
729,1820,6708,999,6708,26832.0,36820,70,1,1,1.0,1000,6,1,true,54
729,1821,6712,999,6712,26848.0,36841,70,1,1,1.0,1000,6,1,true,54
729,1822,6717,999,6717,26868.0,36879,70,1,1,1.0,1000,7,1,true,54
729,1823,6721,999,6721,26884.0,36901,70,1,1,1.0,1000,7,1,true,54
729,1824,6725,999,6725,26900.0,36924,70,1,1,1.0,1000,7,1,true,54
729,1825,6727,999,6727,26908.0,36937,70,1,1,1.0,1000,7,1,true,54
729,1826,6730,999,6730,26920.0,36953,70,1,1,1.0,1000,6,1,true,54
729,1827,6734,999,6734,26936.0,36973,70,1,1,1.0,1000,7,1,true,54
729,1828,6737,999,6737,26948.0,36995,70,1,1,1.0,1000,6,1,true,54
729,1829,6740,999,6740,26960.0,37009,70,1,1,1.0,1000,7,1,true,54
729,1830,6743,999,6743,26972.0,37027,70,1,1,1.0,1000,7,1,true,54
729,1831,6747,999,6747,26988.0,37049,70,1,1,1.0,1000,7,1,true,54
729,1832,6750,999,6750,27000.0,37066,70,1,1,1.0,1000,6,1,true,54
729,1833,6754,999,6754,27016.0,37090,70,1,1,1.0,1000,7,1,true,54
729,1834,6758,999,6758,27032.0,37111,70,1,1,1.0,1000,7,1,true,54
729,1835,6762,999,6762,27048.0,37128,70,1,1,1.0,1000,7,1,true,54
729,1836,6765,999,6765,27060.0,37145,70,1,1,1.0,1000,6,1,true,54
729,1837,6768,999,6768,27072.0,37164,70,1,1,1.0,1000,6,1,true,54
729,1838,6772,999,6772,27088.0,37182,70,1,1,1.0,1000,6,1,true,54
729,1839,6775,999,6775,27100.0,37194,70,1,1,1.0,1000,6,1,true,54
729,1840,6779,999,6779,27116.0,37217,70,1,1,1.0,1000,7,1,true,54
729,1841,6783,999,6783,27132.0,37239,70,1,1,1.0,1000,7,1,true,54
729,1842,6787,999,6787,27148.0,37261,70,1,1,1.0,1000,7,1,true,54
729,1843,6791,999,6791,27164.0,37285,70,1,1,1.0,1000,7,1,true,54
729,1844,6794,999,6794,27176.0,37300,70,1,1,1.0,1000,7,1,true,54
729,1845,6798,999,6798,27192.0,37326,70,1,1,1.0,1000,7,1,true,54
729,1846,6802,999,6802,27208.0,37348,70,1,1,1.0,1000,7,1,true,54
729,1847,6806,999,6806,27224.0,37368,70,1,1,1.0,1000,7,1,true,54
729,1848,6810,999,6810,27240.0,37387,70,1,1,1.0,1000,7,1,true,54
729,1849,6813,999,6813,27252.0,37394,70,1,1,1.0,1000,6,1,true,54
729,1850,6816,999,6816,27264.0,37408,70,1,1,1.0,1000,6,1,true,54
729,1851,6820,999,6820,27280.0,37432,70,1,1,1.0,1000,7,1,true,54
729,1852,6823,999,6823,27292.0,37445,70,1,1,1.0,1000,6,1,true,54
729,1853,6826,999,6826,27304.0,37462,70,1,1,1.0,1000,7,1,true,54
729,1854,6830,999,6830,27320.0,37480,70,1,1,1.0,1000,7,1,true,54
729,1855,6833,999,6833,27332.0,37499,70,1,1,1.0,1000,7,1,true,54
729,1856,6837,999,6837,27348.0,37517,70,1,1,1.0,1000,7,1,true,54
729,1857,6841,999,6841,27364.0,37536,70,1,1,1.0,1000,7,1,true,54
729,1858,6845,999,6845,27380.0,37557,70,1,1,1.0,1000,7,1,true,54
729,1859,6849,999,6849,27396.0,37584,70,1,1,1.0,1000,7,1,true,54
729,1860,6853,999,6853,27412.0,37608,70,1,1,1.0,1000,6,1,true,54
729,1861,6857,999,6857,27428.0,37622,70,1,1,1.0,1000,7,1,true,54
729,1862,6860,999,6860,27440.0,37641,70,1,1,1.0,1000,7,1,true,54
729,1863,6864,999,6864,27456.0,37659,70,1,1,1.0,1000,7,1,true,54
729,1864,6868,999,6868,27472.0,37676,70,1,1,1.0,1000,7,1,true,54
729,1865,6871,999,6871,27484.0,37697,70,1,1,1.0,1000,6,1,true,54
729,1866,6875,999,6875,27500.0,37714,70,1,1,1.0,1000,7,1,true,54
729,1867,6879,999,6879,27516.0,37738,70,1,1,1.0,1000,7,1,true,54
729,1868,6883,999,6883,27532.0,37756,70,1,1,1.0,1000,7,1,true,54
729,1869,6887,999,6887,27548.0,37785,70,1,1,1.0,1000,7,1,true,54
729,1870,6891,999,6891,27564.0,37804,70,1,1,1.0,1000,7,1,true,54
729,1871,6894,999,6894,27576.0,37822,70,1,1,1.0,1000,7,1,true,54
729,1872,6898,999,6898,27592.0,37845,70,1,1,1.0,1000,7,1,true,54
729,1873,6902,999,6902,27608.0,37873,70,1,1,1.0,1000,6,1,true,54
729,1874,6906,999,6906,27624.0,37900,70,1,1,1.0,1000,7,1,true,54
729,1875,6910,999,6910,27640.0,37928,70,1,1,1.0,1000,6,1,true,54
729,1876,6914,999,6914,27656.0,37958,70,1,1,1.0,1000,7,1,true,54
729,1877,6917,999,6917,27668.0,37975,70,1,1,1.0,1000,7,1,true,54
729,1878,6920,999,6920,27680.0,37988,70,1,1,1.0,1000,7,1,true,54
729,1879,6924,999,6924,27696.0,38010,70,1,1,1.0,1000,7,1,true,54
729,1880,6928,999,6928,27712.0,38040,70,1,1,1.0,1000,7,1,true,54
729,1881,6932,999,6932,27728.0,38065,70,1,1,1.0,1000,7,1,true,54
729,1882,6936,999,6936,27744.0,38081,70,1,1,1.0,1000,7,1,true,54
729,1883,6940,999,6940,27760.0,38098,70,1,1,1.0,1000,7,1,true,54
729,1884,6944,999,6944,27776.0,38129,70,1,1,1.0,1000,7,1,true,54
729,1885,6948,999,6948,27792.0,38146,70,1,1,1.0,1000,7,1,true,54
729,1886,6952,999,6952,27808.0,38165,70,1,1,1.0,1000,7,1,true,54
729,1887,6956,999,6956,27824.0,38184,70,1,1,1.0,1000,7,1,true,54
729,1888,6959,999,6959,27836.0,38202,70,1,1,1.0,1000,7,1,true,54
729,1889,6962,999,6962,27848.0,38213,70,1,1,1.0,1000,7,1,true,54
729,1890,6965,999,6965,27860.0,38231,70,1,1,1.0,1000,6,1,true,54
729,1891,6969,999,6969,27876.0,38245,70,1,1,1.0,1000,7,1,true,54
729,1892,6973,999,6973,27892.0,38267,70,1,1,1.0,1000,7,1,true,54
729,1893,6976,999,6976,27904.0,38286,70,1,1,1.0,1000,6,1,true,54
729,1894,6980,999,6980,27920.0,38305,70,1,1,1.0,1000,7,1,true,54
729,1895,6983,999,6983,27932.0,38326,70,1,1,1.0,1000,6,1,true,54
729,1896,6987,999,6987,27948.0,38345,70,1,1,1.0,1000,7,1,true,54
729,1897,6990,999,6990,27960.0,38359,70,1,1,1.0,1000,6,1,true,54
729,1898,6993,999,6993,27972.0,38372,70,1,1,1.0,1000,6,1,true,54
729,1899,6996,999,6996,27984.0,38380,70,1,1,1.0,1000,6,1,true,54
729,1900,7000,999,7000,28000.0,38403,70,1,1,1.0,1000,7,1,true,54
729,1901,7004,999,7004,28016.0,38431,70,1,1,1.0,1000,7,1,true,54
729,1902,7008,999,7008,28032.0,38454,70,1,1,1.0,1000,7,1,true,54
729,1903,7012,999,7012,28048.0,38471,70,1,1,1.0,1000,7,1,true,54
729,1904,7016,999,7016,28064.0,38499,70,1,1,1.0,1000,7,1,true,54
729,1905,7019,999,7019,28076.0,38511,70,1,1,1.0,1000,7,1,true,54
729,1906,7022,999,7022,28088.0,38530,70,1,1,1.0,1000,7,1,true,54
729,1907,7026,999,7026,28104.0,38554,70,1,1,1.0,1000,6,1,true,54
729,1908,7030,999,7030,28120.0,38579,70,1,1,1.0,1000,7,1,true,54
729,1909,7033,999,7033,28132.0,38597,70,1,1,1.0,1000,7,1,true,54
729,1910,7037,999,7037,28148.0,38619,70,1,1,1.0,1000,7,1,true,54
729,1911,7040,999,7040,28160.0,38634,70,1,1,1.0,1000,6,1,true,54
729,1912,7044,999,7044,28176.0,38655,70,1,1,1.0,1000,7,1,true,54
729,1913,7048,999,7048,28192.0,38680,70,1,1,1.0,1000,7,1,true,54
729,1914,7051,999,7051,28204.0,38695,70,1,1,1.0,1000,7,1,true,54
729,1915,7055,999,7055,28220.0,38707,70,1,1,1.0,1000,7,1,true,54
729,1916,7059,999,7059,28236.0,38728,70,1,1,1.0,1000,6,1,true,54
729,1917,7063,999,7063,28252.0,38751,70,1,1,1.0,1000,7,1,true,54
729,1918,7067,999,7067,28268.0,38775,70,1,1,1.0,1000,7,1,true,54
729,1919,7070,999,7070,28280.0,38788,70,1,1,1.0,1000,6,1,true,54
729,1920,7074,999,7074,28296.0,38809,70,1,1,1.0,1000,6,1,true,54
729,1921,7077,999,7077,28308.0,38820,70,1,1,1.0,1000,6,1,true,54
729,1922,7081,999,7081,28324.0,38841,70,1,1,1.0,1000,7,1,true,54
729,1923,7084,999,7084,28336.0,38855,70,1,1,1.0,1000,6,1,true,54
729,1924,7088,999,7088,28352.0,38877,70,1,1,1.0,1000,7,1,true,54
729,1925,7092,999,7092,28368.0,38907,70,1,1,1.0,1000,7,1,true,54
729,1926,7096,999,7096,28384.0,38924,70,1,1,1.0,1000,6,1,true,54
729,1927,7100,999,7100,28400.0,38947,70,1,1,1.0,1000,7,1,true,54
729,1928,7103,999,7103,28412.0,38964,70,1,1,1.0,1000,6,1,true,54
729,1929,7107,999,7107,28428.0,38986,70,1,1,1.0,1000,7,1,true,54
729,1930,7111,999,7111,28444.0,39011,70,1,1,1.0,1000,6,1,true,54
729,1931,7115,999,7115,28460.0,39043,70,1,1,1.0,1000,7,1,true,54
729,1932,7119,999,7119,28476.0,39062,70,1,1,1.0,1000,7,1,true,54
729,1933,7123,999,7123,28492.0,39087,70,1,1,1.0,1000,7,1,true,54
729,1934,7127,999,7127,28508.0,39106,70,1,1,1.0,1000,7,1,true,54
729,1935,7131,999,7131,28524.0,39131,70,1,1,1.0,1000,7,1,true,54
729,1936,7134,999,7134,28536.0,39142,70,1,1,1.0,1000,7,1,true,54
729,1937,7138,999,7138,28552.0,39160,70,1,1,1.0,1000,7,1,true,54
729,1938,7141,999,7141,28564.0,39177,70,1,1,1.0,1000,7,1,true,54
729,1939,7145,999,7145,28580.0,39206,70,1,1,1.0,1000,7,1,true,54
729,1940,7149,999,7149,28596.0,39221,70,1,1,1.0,1000,7,1,true,54
729,1941,7153,999,7153,28612.0,39243,70,1,1,1.0,1000,6,1,true,54
729,1942,7157,999,7157,28628.0,39260,70,1,1,1.0,1000,7,1,true,54
729,1943,7161,999,7161,28644.0,39279,70,1,1,1.0,1000,6,1,true,54
729,1944,7164,999,7164,28656.0,39298,70,1,1,1.0,1000,7,1,true,54
729,1945,7168,999,7168,28672.0,39319,70,1,1,1.0,1000,7,1,true,54
729,1946,7172,999,7172,28688.0,39332,70,1,1,1.0,1000,7,1,true,54
729,1947,7176,999,7176,28704.0,39351,70,1,1,1.0,1000,7,1,true,54
729,1948,7179,999,7179,28716.0,39364,70,1,1,1.0,1000,7,1,true,54
729,1949,7183,999,7183,28732.0,39384,70,1,1,1.0,1000,7,1,true,54
729,1950,7187,999,7187,28748.0,39403,70,1,1,1.0,1000,7,1,true,54
729,1951,7190,999,7190,28760.0,39417,70,1,1,1.0,1000,6,1,true,54
729,1952,7193,999,7193,28772.0,39426,70,1,1,1.0,1000,7,1,true,54
729,1953,7197,999,7197,28788.0,39444,70,1,1,1.0,1000,7,1,true,54
729,1954,7201,999,7201,28804.0,39467,70,1,1,1.0,1000,7,1,true,54
729,1955,7205,999,7205,28820.0,39490,70,1,1,1.0,1000,7,1,true,54
729,1956,7209,999,7209,28836.0,39518,70,1,1,1.0,1000,7,1,true,54
729,1957,7212,999,7212,28848.0,39532,70,1,1,1.0,1000,7,1,true,54
729,1958,7216,999,7216,28864.0,39557,70,1,1,1.0,1000,7,1,true,54
729,1959,7220,999,7220,28880.0,39579,70,1,1,1.0,1000,7,1,true,54
729,1960,7224,999,7224,28896.0,39597,70,1,1,1.0,1000,7,1,true,54
729,1961,7228,999,7228,28912.0,39622,70,1,1,1.0,1000,7,1,true,54
729,1962,7232,999,7232,28928.0,39647,70,1,1,1.0,1000,7,1,true,54
729,1963,7236,999,7236,28944.0,39671,70,1,1,1.0,1000,6,1,true,54
729,1964,7240,999,7240,28960.0,39696,70,1,1,1.0,1000,7,1,true,54
729,1965,7243,999,7243,28972.0,39717,70,1,1,1.0,1000,7,1,true,54
729,1966,7247,999,7247,28988.0,39747,70,1,1,1.0,1000,7,1,true,54
729,1967,7251,999,7251,29004.0,39772,70,1,1,1.0,1000,7,1,true,54
729,1968,7254,999,7254,29016.0,39789,70,1,1,1.0,1000,7,1,true,54
729,1969,7258,999,7258,29032.0,39810,70,1,1,1.0,1000,7,1,true,54
729,1970,7262,999,7262,29048.0,39824,70,1,1,1.0,1000,7,1,true,54
729,1971,7265,999,7265,29060.0,39835,70,1,1,1.0,1000,6,1,true,54
729,1972,7268,999,7268,29072.0,39854,70,1,1,1.0,1000,6,1,true,54
729,1973,7272,999,7272,29088.0,39868,70,1,1,1.0,1000,7,1,true,54
729,1974,7276,999,7276,29104.0,39890,70,1,1,1.0,1000,7,1,true,54
729,1975,7280,999,7280,29120.0,39905,70,1,1,1.0,1000,6,1,true,54
729,1976,7284,999,7284,29136.0,39927,70,1,1,1.0,1000,7,1,true,54
729,1977,7288,999,7288,29152.0,39949,70,1,1,1.0,1000,7,1,true,54
729,1978,7292,999,7292,29168.0,39975,70,1,1,1.0,1000,7,1,true,54
729,1979,7295,999,7295,29180.0,39987,70,1,1,1.0,1000,6,1,true,54
729,1980,7299,999,7299,29196.0,40007,70,1,1,1.0,1000,7,1,true,54
729,1981,7303,999,7303,29212.0,40032,70,1,1,1.0,1000,7,1,true,54
729,1982,7307,999,7307,29228.0,40053,70,1,1,1.0,1000,6,1,true,54
729,1983,7310,999,7310,29240.0,40065,70,1,1,1.0,1000,6,1,true,54
729,1984,7314,999,7314,29256.0,40086,70,1,1,1.0,1000,7,1,true,54
729,1985,7318,999,7318,29272.0,40116,70,1,1,1.0,1000,7,1,true,54
729,1986,7321,999,7321,29284.0,40132,70,1,1,1.0,1000,6,1,true,54
729,1987,7324,999,7324,29296.0,40147,70,1,1,1.0,1000,7,1,true,54
729,1988,7327,999,7327,29308.0,40159,70,1,1,1.0,1000,6,1,true,54
729,1989,7331,999,7331,29324.0,40182,70,1,1,1.0,1000,7,1,true,54
729,1990,7334,999,7334,29336.0,40195,70,1,1,1.0,1000,6,1,true,54
729,1991,7338,999,7338,29352.0,40219,70,1,1,1.0,1000,6,1,true,54
729,1992,7342,999,7342,29368.0,40240,70,1,1,1.0,1000,7,1,true,54
729,1993,7345,999,7345,29380.0,40262,70,1,1,1.0,1000,6,1,true,54
729,1994,7349,999,7349,29396.0,40289,70,1,1,1.0,1000,7,1,true,54
729,1995,7353,999,7353,29412.0,40310,70,1,1,1.0,1000,7,1,true,54
729,1996,7356,999,7356,29424.0,40328,70,1,1,1.0,1000,6,1,true,54
729,1997,7360,999,7360,29440.0,40353,70,1,1,1.0,1000,7,1,true,54
729,1998,7364,999,7364,29456.0,40377,70,1,1,1.0,1000,7,1,true,54
729,1999,7368,999,7368,29472.0,40399,70,1,1,1.0,1000,7,1,true,54
729,2000,7372,999,7372,29488.0,40415,70,1,1,1.0,1000,7,1,true,54
729,2001,7376,999,7376,29504.0,40432,70,1,1,1.0,1000,7,1,true,54
729,2002,7379,999,7379,29516.0,40448,70,1,1,1.0,1000,7,1,true,54
729,2003,7383,999,7383,29532.0,40470,70,1,1,1.0,1000,7,1,true,54
729,2004,7387,999,7387,29548.0,40492,70,1,1,1.0,1000,7,1,true,54
729,2005,7391,999,7391,29564.0,40519,70,1,1,1.0,1000,7,1,true,54
729,2006,7395,999,7395,29580.0,40543,70,1,1,1.0,1000,7,1,true,54
729,2007,7398,999,7398,29592.0,40560,70,1,1,1.0,1000,6,1,true,54
729,2008,7402,999,7402,29608.0,40589,70,1,1,1.0,1000,7,1,true,54
729,2009,7406,999,7406,29624.0,40608,70,1,1,1.0,1000,7,1,true,54
729,2010,7410,999,7410,29640.0,40626,70,1,1,1.0,1000,7,1,true,54
729,2011,7413,999,7413,29652.0,40645,70,1,1,1.0,1000,6,1,true,54
729,2012,7416,999,7416,29664.0,40659,70,1,1,1.0,1000,6,1,true,54
729,2013,7419,999,7419,29676.0,40681,70,1,1,1.0,1000,6,1,true,54
729,2014,7422,999,7422,29688.0,40692,70,1,1,1.0,1000,6,1,true,54
729,2015,7426,999,7426,29704.0,40716,70,1,1,1.0,1000,7,1,true,54
729,2016,7430,999,7430,29720.0,40736,70,1,1,1.0,1000,7,1,true,54
729,2017,7434,999,7434,29736.0,40752,70,1,1,1.0,1000,7,1,true,54
729,2018,7438,999,7438,29752.0,40777,70,1,1,1.0,1000,7,1,true,54
729,2019,7442,999,7442,29768.0,40795,70,1,1,1.0,1000,7,1,true,54
729,2020,7446,999,7446,29784.0,40816,70,1,1,1.0,1000,7,1,true,54
729,2021,7450,999,7450,29800.0,40834,70,1,1,1.0,1000,7,1,true,54
729,2022,7454,999,7454,29816.0,40849,70,1,1,1.0,1000,7,1,true,54
729,2023,7458,999,7458,29832.0,40873,70,1,1,1.0,1000,6,1,true,54
729,2024,7462,999,7462,29848.0,40892,70,1,1,1.0,1000,6,1,true,54
729,2025,7465,999,7465,29860.0,40902,70,1,1,1.0,1000,7,1,true,54
729,2026,7469,999,7469,29876.0,40924,70,1,1,1.0,1000,7,1,true,54
729,2027,7473,999,7473,29892.0,40944,70,1,1,1.0,1000,6,1,true,54
729,2028,7477,999,7477,29908.0,40963,70,1,1,1.0,1000,7,1,true,54
729,2029,7481,999,7481,29924.0,40980,70,1,1,1.0,1000,7,1,true,54
729,2030,7485,999,7485,29940.0,41003,70,1,1,1.0,1000,6,1,true,54
729,2031,7489,999,7489,29956.0,41021,70,1,1,1.0,1000,7,1,true,54
729,2032,7492,999,7492,29968.0,41041,70,1,1,1.0,1000,6,1,true,54
729,2033,7496,999,7496,29984.0,41066,70,1,1,1.0,1000,7,1,true,54
729,2034,7500,999,7500,30000.0,41089,70,1,1,1.0,1000,7,1,true,54
729,2035,7504,999,7504,30016.0,41108,70,1,1,1.0,1000,6,1,true,54
729,2036,7508,999,7508,30032.0,41126,70,1,1,1.0,1000,7,1,true,54
729,2037,7512,999,7512,30048.0,41145,70,1,1,1.0,1000,7,1,true,54
729,2038,7516,999,7516,30064.0,41169,70,1,1,1.0,1000,7,1,true,54
729,2039,7520,999,7520,30080.0,41191,70,1,1,1.0,1000,7,1,true,54
729,2040,7523,999,7523,30092.0,41208,70,1,1,1.0,1000,6,1,true,54
729,2041,7527,999,7527,30108.0,41221,70,1,1,1.0,1000,7,1,true,54
729,2042,7531,999,7531,30124.0,41242,70,1,1,1.0,1000,7,1,true,54
729,2043,7535,999,7535,30140.0,41261,70,1,1,1.0,1000,7,1,true,54
729,2044,7539,999,7539,30156.0,41294,70,1,1,1.0,1000,7,1,true,54
729,2045,7543,999,7543,30172.0,41314,70,1,1,1.0,1000,7,1,true,54
729,2046,7546,999,7546,30184.0,41338,70,1,1,1.0,1000,6,1,true,54
729,2047,7549,999,7549,30196.0,41354,70,1,1,1.0,1000,7,1,true,54
729,2048,7552,999,7552,30208.0,41374,70,1,1,1.0,1000,6,1,true,54
729,2049,7556,999,7556,30224.0,41393,70,1,1,1.0,1000,7,1,true,54
729,2050,7560,999,7560,30240.0,41417,70,1,1,1.0,1000,7,1,true,54
729,2051,7563,999,7563,30252.0,41428,70,1,1,1.0,1000,6,1,true,54
729,2052,7567,999,7567,30268.0,41453,70,1,1,1.0,1000,7,1,true,54
729,2053,7571,999,7571,30284.0,41482,70,1,1,1.0,1000,7,1,true,54
729,2054,7575,999,7575,30300.0,41513,70,1,1,1.0,1000,7,1,true,54
729,2055,7578,999,7578,30312.0,41526,70,1,1,1.0,1000,6,1,true,54
729,2056,7581,999,7581,30324.0,41543,70,1,1,1.0,1000,6,1,true,54
729,2057,7585,999,7585,30340.0,41568,70,1,1,1.0,1000,7,1,true,54
729,2058,7589,999,7589,30356.0,41588,70,1,1,1.0,1000,7,1,true,54
729,2059,7593,999,7593,30372.0,41613,70,1,1,1.0,1000,7,1,true,54
729,2060,7597,999,7597,30388.0,41632,70,1,1,1.0,1000,7,1,true,54
729,2061,7600,999,7600,30400.0,41654,70,1,1,1.0,1000,6,1,true,54
729,2062,7603,999,7603,30412.0,41670,70,1,1,1.0,1000,6,1,true,54
729,2063,7606,999,7606,30424.0,41686,70,1,1,1.0,1000,6,1,true,54
729,2064,7609,999,7609,30436.0,41700,70,1,1,1.0,1000,6,1,true,54
729,2065,7613,999,7613,30452.0,41723,70,1,1,1.0,1000,7,1,true,54
729,2066,7617,999,7617,30468.0,41745,70,1,1,1.0,1000,7,1,true,54
729,2067,7620,999,7620,30480.0,41759,70,1,1,1.0,1000,6,1,true,54
729,2068,7624,999,7624,30496.0,41784,70,1,1,1.0,1000,6,1,true,54
729,2069,7628,999,7628,30512.0,41813,70,1,1,1.0,1000,6,1,true,54
729,2070,7632,999,7632,30528.0,41839,70,1,1,1.0,1000,7,1,true,54
729,2071,7637,999,7637,30548.0,41874,70,1,1,1.0,1000,7,1,true,54
729,2072,7641,999,7641,30564.0,41895,70,1,1,1.0,1000,7,1,true,54
729,2073,7645,999,7645,30580.0,41923,70,1,1,1.0,1000,7,1,true,54
729,2074,7649,999,7649,30596.0,41942,70,1,1,1.0,1000,7,1,true,54
729,2075,7653,999,7653,30612.0,41963,70,1,1,1.0,1000,7,1,true,54
729,2076,7657,999,7657,30628.0,41987,70,1,1,1.0,1000,7,1,true,54
729,2077,7661,999,7661,30644.0,42009,70,1,1,1.0,1000,7,1,true,54
729,2078,7664,999,7664,30656.0,42026,70,1,1,1.0,1000,6,1,true,54
729,2079,7667,999,7667,30668.0,42052,70,1,1,1.0,1000,6,1,true,54
729,2080,7671,999,7671,30684.0,42069,70,1,1,1.0,1000,7,1,true,54
729,2081,7675,999,7675,30700.0,42090,70,1,1,1.0,1000,7,1,true,54
729,2082,7678,999,7678,30712.0,42109,70,1,1,1.0,1000,6,1,true,54
729,2083,7682,999,7682,30728.0,42132,70,1,1,1.0,1000,7,1,true,54
729,2084,7686,999,7686,30744.0,42153,70,1,1,1.0,1000,7,1,true,54
729,2085,7690,999,7690,30760.0,42172,70,1,1,1.0,1000,7,1,true,54
729,2086,7694,999,7694,30776.0,42194,70,1,1,1.0,1000,6,1,true,54
729,2087,7698,999,7698,30792.0,42208,70,1,1,1.0,1000,7,1,true,54
729,2088,7702,999,7702,30808.0,42233,70,1,1,1.0,1000,7,1,true,54
729,2089,7705,999,7705,30820.0,42256,70,1,1,1.0,1000,7,1,true,54
729,2090,7709,999,7709,30836.0,42282,70,1,1,1.0,1000,7,1,true,54
729,2091,7713,999,7713,30852.0,42307,70,1,1,1.0,1000,7,1,true,54
729,2092,7717,999,7717,30868.0,42324,70,1,1,1.0,1000,7,1,true,54
729,2093,7721,999,7721,30884.0,42347,70,1,1,1.0,1000,7,1,true,54
729,2094,7724,999,7724,30896.0,42369,70,1,1,1.0,1000,6,1,true,54
729,2095,7727,999,7727,30908.0,42379,70,1,1,1.0,1000,6,1,true,54
729,2096,7730,999,7730,30920.0,42398,70,1,1,1.0,1000,6,1,true,54
729,2097,7733,999,7733,30932.0,42413,70,1,1,1.0,1000,6,1,true,54
729,2098,7737,999,7737,30948.0,42439,70,1,1,1.0,1000,7,1,true,54
729,2099,7741,999,7741,30964.0,42455,70,1,1,1.0,1000,7,1,true,54
729,2100,7745,999,7745,30980.0,42482,70,1,1,1.0,1000,7,1,true,54
729,2101,7748,999,7748,30992.0,42499,70,1,1,1.0,1000,6,1,true,54
729,2102,7752,999,7752,31008.0,42521,70,1,1,1.0,1000,7,1,true,54
729,2103,7756,999,7756,31024.0,42543,70,1,1,1.0,1000,7,1,true,54
729,2104,7759,999,7759,31036.0,42557,70,1,1,1.0,1000,7,1,true,54
729,2105,7762,999,7762,31048.0,42582,70,1,1,1.0,1000,6,1,true,54
729,2106,7766,999,7766,31064.0,42601,70,1,1,1.0,1000,6,1,true,54
729,2107,7769,999,7769,31076.0,42614,70,1,1,1.0,1000,7,1,true,54
729,2108,7773,999,7773,31092.0,42632,70,1,1,1.0,1000,6,1,true,54
729,2109,7777,999,7777,31108.0,42644,70,1,1,1.0,1000,7,1,true,54
729,2110,7781,999,7781,31124.0,42670,70,1,1,1.0,1000,7,1,true,54
729,2111,7785,999,7785,31140.0,42689,70,1,1,1.0,1000,7,1,true,54
729,2112,7789,999,7789,31156.0,42715,70,1,1,1.0,1000,7,1,true,54
729,2113,7793,999,7793,31172.0,42738,70,1,1,1.0,1000,7,1,true,54
729,2114,7797,999,7797,31188.0,42752,70,1,1,1.0,1000,7,1,true,54
729,2115,7800,999,7800,31200.0,42775,70,1,1,1.0,1000,6,1,true,54
729,2116,7803,999,7803,31212.0,42789,70,1,1,1.0,1000,7,1,true,54
729,2117,7806,999,7806,31224.0,42800,70,1,1,1.0,1000,6,1,true,54
729,2118,7810,999,7810,31240.0,42815,70,1,1,1.0,1000,7,1,true,54
729,2119,7813,999,7813,31252.0,42828,70,1,1,1.0,1000,6,1,true,54
729,2120,7817,999,7817,31268.0,42857,70,1,1,1.0,1000,7,1,true,54
729,2122,7825,999,7825,31300.0,42903,70,1,1,1.0,1000,7,1,true,54
729,2122,7825,999,7825,31300.0,42903,70,1,1,1.0,1000,7,1,true,54
729,2123,7829,999,7829,31316.0,42927,70,1,1,1.0,1000,7,1,true,54
729,2124,7832,999,7832,31328.0,42947,70,1,1,1.0,1000,7,1,true,54
729,2125,7836,999,7836,31344.0,42963,70,1,1,1.0,1000,7,1,true,54
729,2126,7840,999,7840,31360.0,42983,70,1,1,1.0,1000,7,1,true,54
729,2127,7843,999,7843,31372.0,42999,70,1,1,1.0,1000,6,1,true,54
729,2128,7846,999,7846,31384.0,43013,70,1,1,1.0,1000,6,1,true,54
729,2129,7849,999,7849,31396.0,43025,70,1,1,1.0,1000,6,1,true,54
729,2130,7853,999,7853,31412.0,43042,70,1,1,1.0,1000,7,1,true,54
729,2131,7857,999,7857,31428.0,43071,70,1,1,1.0,1000,7,1,true,54
729,2132,7860,999,7860,31440.0,43084,70,1,1,1.0,1000,7,1,true,54
729,2133,7864,999,7864,31456.0,43106,70,1,1,1.0,1000,7,1,true,54
729,2134,7867,999,7867,31468.0,43120,70,1,1,1.0,1000,6,1,true,54
729,2135,7871,999,7871,31484.0,43141,70,1,1,1.0,1000,7,1,true,54
729,2136,7874,999,7874,31496.0,43164,70,1,1,1.0,1000,6,1,true,54
729,2137,7878,999,7878,31512.0,43185,70,1,1,1.0,1000,7,1,true,54
729,2138,7882,999,7882,31528.0,43198,70,1,1,1.0,1000,7,1,true,54
729,2139,7886,999,7886,31544.0,43224,70,1,1,1.0,1000,7,1,true,54
729,2140,7890,999,7890,31560.0,43253,70,1,1,1.0,1000,7,1,true,54
729,2141,7894,999,7894,31576.0,43272,70,1,1,1.0,1000,7,1,true,54
729,2142,7898,999,7898,31592.0,43288,70,1,1,1.0,1000,7,1,true,54
729,2143,7901,999,7901,31604.0,43306,70,1,1,1.0,1000,6,1,true,54
729,2144,7905,999,7905,31620.0,43331,70,1,1,1.0,1000,7,1,true,54
729,2145,7909,999,7909,31636.0,43360,70,1,1,1.0,1000,7,1,true,54
729,2146,7912,999,7912,31648.0,43379,70,1,1,1.0,1000,6,1,true,54
729,2147,7915,999,7915,31660.0,43394,70,1,1,1.0,1000,7,1,true,54
729,2148,7919,999,7919,31676.0,43413,70,1,1,1.0,1000,7,1,true,54
729,2149,7923,999,7923,31692.0,43429,70,1,1,1.0,1000,7,1,true,54
729,2150,7927,999,7927,31708.0,43448,70,1,1,1.0,1000,7,1,true,54
729,2151,7931,999,7931,31724.0,43465,70,1,1,1.0,1000,7,1,true,54
729,2152,7936,999,7936,31744.0,43481,70,1,1,1.0,1000,7,1,true,54
729,2153,7939,999,7939,31756.0,43499,70,1,1,1.0,1000,7,1,true,54
729,2154,7942,999,7942,31768.0,43511,70,1,1,1.0,1000,7,1,true,54
729,2155,7946,999,7946,31784.0,43534,70,1,1,1.0,1000,7,1,true,54
729,2156,7950,999,7950,31800.0,43556,70,1,1,1.0,1000,7,1,true,54
729,2157,7953,999,7953,31812.0,43576,70,1,1,1.0,1000,7,1,true,54
729,2158,7957,999,7957,31828.0,43597,70,1,1,1.0,1000,6,1,true,54
729,2159,7961,999,7961,31844.0,43611,70,1,1,1.0,1000,7,1,true,54
729,2160,7964,999,7964,31856.0,43629,70,1,1,1.0,1000,7,1,true,54
729,2161,7968,999,7968,31872.0,43647,70,1,1,1.0,1000,6,1,true,54
729,2162,7971,999,7971,31884.0,43663,70,1,1,1.0,1000,6,1,true,54
729,2163,7975,999,7975,31900.0,43684,70,1,1,1.0,1000,7,1,true,54
729,2164,7979,999,7979,31916.0,43700,70,1,1,1.0,1000,6,1,true,54
729,2165,7983,999,7983,31932.0,43718,70,1,1,1.0,1000,7,1,true,54
729,2166,7987,999,7987,31948.0,43738,70,1,1,1.0,1000,7,1,true,54
729,2167,7991,999,7991,31964.0,43761,70,1,1,1.0,1000,7,1,true,54
729,2168,7994,999,7994,31976.0,43780,70,1,1,1.0,1000,6,1,true,54
729,2169,7998,999,7998,31992.0,43799,70,1,1,1.0,1000,7,1,true,54
729,2170,8001,999,8001,32004.0,43814,70,1,1,1.0,1000,6,1,true,54
729,2171,8005,999,8005,32020.0,43840,70,1,1,1.0,1000,6,1,true,54
729,2172,8009,999,8009,32036.0,43870,70,1,1,1.0,1000,6,1,true,54
729,2173,8013,999,8013,32052.0,43895,70,1,1,1.0,1000,7,1,true,54
729,2174,8016,999,8016,32064.0,43912,70,1,1,1.0,1000,7,1,true,54
729,2175,8019,999,8019,32076.0,43927,70,1,1,1.0,1000,6,1,true,54
729,2176,8023,999,8023,32092.0,43952,70,1,1,1.0,1000,7,1,true,54
729,2177,8027,999,8027,32108.0,43971,70,1,1,1.0,1000,7,1,true,54
729,2178,8030,999,8030,32120.0,43986,70,1,1,1.0,1000,6,1,true,54
729,2179,8033,999,8033,32132.0,44007,70,1,1,1.0,1000,7,1,true,54
729,2180,8036,999,8036,32144.0,44023,70,1,1,1.0,1000,6,1,true,54
729,2181,8039,999,8039,32156.0,44038,70,1,1,1.0,1000,6,1,true,54
729,2182,8043,999,8043,32172.0,44064,70,1,1,1.0,1000,7,1,true,54
729,2183,8047,999,8047,32188.0,44090,70,1,1,1.0,1000,7,1,true,54
729,2184,8052,999,8052,32208.0,44117,70,1,1,1.0,1000,7,1,true,54
729,2185,8056,999,8056,32224.0,44147,70,1,1,1.0,1000,6,1,true,54
729,2186,8059,999,8059,32236.0,44163,70,1,1,1.0,1000,6,1,true,54
729,2187,8062,999,8062,32248.0,44171,70,1,1,1.0,1000,6,1,true,54
729,2188,8066,999,8066,32264.0,44189,70,1,1,1.0,1000,7,1,true,54
729,2189,8069,999,8069,32276.0,44205,70,1,1,1.0,1000,6,1,true,54
729,2190,8073,999,8073,32292.0,44240,70,1,1,1.0,1000,7,1,true,54
729,2191,8077,999,8077,32308.0,44266,70,1,1,1.0,1000,6,1,true,54
729,2192,8081,999,8081,32324.0,44293,70,1,1,1.0,1000,6,1,true,54
729,2193,8085,999,8085,32340.0,44324,70,1,1,1.0,1000,7,1,true,54
729,2194,8089,999,8089,32356.0,44343,70,1,1,1.0,1000,7,1,true,54
729,2195,8092,999,8092,32368.0,44357,70,1,1,1.0,1000,6,1,true,54
729,2196,8095,999,8095,32380.0,44380,70,1,1,1.0,1000,6,1,true,54
729,2197,8099,999,8099,32396.0,44410,70,1,1,1.0,1000,7,1,true,54
729,2198,8103,999,8103,32412.0,44437,70,1,1,1.0,1000,7,1,true,54
729,2199,8107,999,8107,32428.0,44457,70,1,1,1.0,1000,6,1,true,54
729,2200,8109,999,8109,32436.0,44466,70,1,1,1.0,1000,6,1,true,54
729,2201,8113,999,8113,32452.0,44488,70,1,1,1.0,1000,7,1,true,54
729,2202,8117,999,8117,32468.0,44506,70,1,1,1.0,1000,6,1,true,54
729,2203,8121,999,8121,32484.0,44527,70,1,1,1.0,1000,7,1,true,54
729,2204,8125,999,8125,32500.0,44549,70,1,1,1.0,1000,7,1,true,54
729,2205,8129,999,8129,32516.0,44563,70,1,1,1.0,1000,7,1,true,54
729,2206,8133,999,8133,32532.0,44583,70,1,1,1.0,1000,7,1,true,54
729,2207,8137,999,8137,32548.0,44600,70,1,1,1.0,1000,7,1,true,54
729,2208,8141,999,8141,32564.0,44625,70,1,1,1.0,1000,7,1,true,54
729,2209,8145,999,8145,32580.0,44642,70,1,1,1.0,1000,7,1,true,54
729,2210,8149,999,8149,32596.0,44654,70,1,1,1.0,1000,6,1,true,54
729,2211,8153,999,8153,32612.0,44680,70,1,1,1.0,1000,7,1,true,54
729,2212,8157,999,8157,32628.0,44698,70,1,1,1.0,1000,7,1,true,54
729,2213,8161,999,8161,32644.0,44717,70,1,1,1.0,1000,7,1,true,54
729,2214,8165,999,8165,32660.0,44738,70,1,1,1.0,1000,7,1,true,54
729,2215,8168,999,8168,32672.0,44755,70,1,1,1.0,1000,6,1,true,54
729,2216,8172,999,8172,32688.0,44783,70,1,1,1.0,1000,7,1,true,54
729,2217,8176,999,8176,32704.0,44804,70,1,1,1.0,1000,7,1,true,54
729,2218,8179,999,8179,32716.0,44817,70,1,1,1.0,1000,6,1,true,54
729,2219,8182,999,8182,32728.0,44831,70,1,1,1.0,1000,6,1,true,54
729,2220,8186,999,8186,32744.0,44853,70,1,1,1.0,1000,7,1,true,54
729,2221,8189,999,8189,32756.0,44865,70,1,1,1.0,1000,6,1,true,54
729,2222,8193,999,8193,32772.0,44894,70,1,1,1.0,1000,7,1,true,54
729,2223,8197,999,8197,32788.0,44909,70,1,1,1.0,1000,6,1,true,54
729,2224,8201,999,8201,32804.0,44926,70,1,1,1.0,1000,7,1,true,54
729,2225,8204,999,8204,32816.0,44945,70,1,1,1.0,1000,6,1,true,54
729,2226,8208,999,8208,32832.0,44972,70,1,1,1.0,1000,7,1,true,54
729,2227,8212,999,8212,32848.0,44982,70,1,1,1.0,1000,7,1,true,54
729,2228,8216,999,8216,32864.0,45002,70,1,1,1.0,1000,7,1,true,54
729,2229,8220,999,8220,32880.0,45027,70,1,1,1.0,1000,7,1,true,54
729,2230,8224,999,8224,32896.0,45049,70,1,1,1.0,1000,7,1,true,54
729,2231,8228,999,8228,32912.0,45071,70,1,1,1.0,1000,7,1,true,54
729,2232,8231,999,8231,32924.0,45090,70,1,1,1.0,1000,6,1,true,54
729,2233,8235,999,8235,32940.0,45116,70,1,1,1.0,1000,7,1,true,54
729,2234,8239,999,8239,32956.0,45136,70,1,1,1.0,1000,7,1,true,54
729,2235,8243,999,8243,32972.0,45157,70,1,1,1.0,1000,7,1,true,54
729,2236,8246,999,8246,32984.0,45166,70,1,1,1.0,1000,6,1,true,54
729,2237,8249,999,8249,32996.0,45180,70,1,1,1.0,1000,6,1,true,54
729,2238,8252,999,8252,33008.0,45197,70,1,1,1.0,1000,6,1,true,54
729,2239,8255,999,8255,33020.0,45206,70,1,1,1.0,1000,6,1,true,54
729,2240,8259,999,8259,33036.0,45235,70,1,1,1.0,1000,7,1,true,54
729,2241,8263,999,8263,33052.0,45257,70,1,1,1.0,1000,7,1,true,54
729,2242,8266,999,8266,33064.0,45275,70,1,1,1.0,1000,7,1,true,54
729,2243,8269,999,8269,33076.0,45301,70,1,1,1.0,1000,7,1,true,54
729,2245,8277,999,8277,33108.0,45347,70,1,1,1.0,1000,7,1,true,54
729,2245,8277,999,8277,33108.0,45347,70,1,1,1.0,1000,7,1,true,54
729,2246,8280,999,8280,33120.0,45365,70,1,1,1.0,1000,6,1,true,54
729,2247,8284,999,8284,33136.0,45385,70,1,1,1.0,1000,7,1,true,54
729,2248,8287,999,8287,33148.0,45408,70,1,1,1.0,1000,6,1,true,54
729,2249,8291,999,8291,33164.0,45433,70,1,1,1.0,1000,7,1,true,54
729,2250,8294,999,8294,33176.0,45446,70,1,1,1.0,1000,7,1,true,54
729,2251,8297,999,8297,33188.0,45467,70,1,1,1.0,1000,6,1,true,54
729,2252,8301,999,8301,33204.0,45489,70,1,1,1.0,1000,7,1,true,54
729,2253,8305,999,8305,33220.0,45511,70,1,1,1.0,1000,7,1,true,54
729,2254,8309,999,8309,33236.0,45535,70,1,1,1.0,1000,7,1,true,54
729,2255,8313,999,8313,33252.0,45552,70,1,1,1.0,1000,7,1,true,54
729,2256,8317,999,8317,33268.0,45577,70,1,1,1.0,1000,6,1,true,54
729,2257,8320,999,8320,33280.0,45597,70,1,1,1.0,1000,6,1,true,54
729,2258,8324,999,8324,33296.0,45614,70,1,1,1.0,1000,7,1,true,54
729,2259,8328,999,8328,33312.0,45632,70,1,1,1.0,1000,7,1,true,54
729,2260,8332,999,8332,33328.0,45657,70,1,1,1.0,1000,7,1,true,54
729,2261,8336,999,8336,33344.0,45688,70,1,1,1.0,1000,7,1,true,54
729,2262,8340,999,8340,33360.0,45712,70,1,1,1.0,1000,7,1,true,54
729,2263,8343,999,8343,33372.0,45726,70,1,1,1.0,1000,6,1,true,54
729,2264,8347,999,8347,33388.0,45749,70,1,1,1.0,1000,7,1,true,54
729,2265,8350,999,8350,33400.0,45763,70,1,1,1.0,1000,6,1,true,54
729,2266,8354,999,8354,33416.0,45779,70,1,1,1.0,1000,7,1,true,54
729,2267,8357,999,8357,33428.0,45796,70,1,1,1.0,1000,6,1,true,54
729,2268,8361,999,8361,33444.0,45826,70,1,1,1.0,1000,6,1,true,54
729,2269,8365,999,8365,33460.0,45847,70,1,1,1.0,1000,7,1,true,54
729,2270,8368,999,8368,33472.0,45860,70,1,1,1.0,1000,6,1,true,54
729,2271,8372,999,8372,33488.0,45882,70,1,1,1.0,1000,7,1,true,54
729,2272,8376,999,8376,33504.0,45898,70,1,1,1.0,1000,7,1,true,54
729,2273,8380,999,8380,33520.0,45922,70,1,1,1.0,1000,7,1,true,54
729,2274,8383,999,8383,33532.0,45940,70,1,1,1.0,1000,7,1,true,54
729,2275,8387,999,8387,33548.0,45957,70,1,1,1.0,1000,7,1,true,54
729,2276,8390,999,8390,33560.0,45972,70,1,1,1.0,1000,6,1,true,54
729,2277,8393,999,8393,33572.0,45989,70,1,1,1.0,1000,7,1,true,54
729,2278,8396,999,8396,33584.0,46006,70,1,1,1.0,1000,6,1,true,54
729,2279,8399,999,8399,33596.0,46022,70,1,1,1.0,1000,7,1,true,54
729,2280,8402,999,8402,33608.0,46041,70,1,1,1.0,1000,6,1,true,54
729,2281,8406,999,8406,33624.0,46060,70,1,1,1.0,1000,7,1,true,54
729,2282,8409,999,8409,33636.0,46074,70,1,1,1.0,1000,7,1,true,54
729,2283,8413,999,8413,33652.0,46095,70,1,1,1.0,1000,7,1,true,54
729,2284,8416,999,8416,33664.0,46112,70,1,1,1.0,1000,6,1,true,54
729,2285,8420,999,8420,33680.0,46139,70,1,1,1.0,1000,7,1,true,54
729,2286,8424,999,8424,33696.0,46160,70,1,1,1.0,1000,7,1,true,54
729,2287,8427,999,8427,33708.0,46177,70,1,1,1.0,1000,7,1,true,54
729,2288,8431,999,8431,33724.0,46197,70,1,1,1.0,1000,7,1,true,54
729,2289,8435,999,8435,33740.0,46214,70,1,1,1.0,1000,6,1,true,54
729,2290,8438,999,8438,33752.0,46231,70,1,1,1.0,1000,7,1,true,54
729,2291,8441,999,8441,33764.0,46245,70,1,1,1.0,1000,6,1,true,54
729,2292,8444,999,8444,33776.0,46260,70,1,1,1.0,1000,7,1,true,54
729,2293,8447,999,8447,33788.0,46277,70,1,1,1.0,1000,6,1,true,54
729,2294,8451,999,8451,33804.0,46299,70,1,1,1.0,1000,6,1,true,54
729,2295,8455,999,8455,33820.0,46321,70,1,1,1.0,1000,7,1,true,54
729,2296,8459,999,8459,33836.0,46342,70,1,1,1.0,1000,6,1,true,54
729,2297,8463,999,8463,33852.0,46363,70,1,1,1.0,1000,7,1,true,54
729,2298,8466,999,8466,33864.0,46373,70,1,1,1.0,1000,6,1,true,54
729,2299,8469,999,8469,33876.0,46383,70,1,1,1.0,1000,6,1,true,54
729,2300,8473,999,8473,33892.0,46408,70,1,1,1.0,1000,7,1,true,54
729,2301,8477,999,8477,33908.0,46431,70,1,1,1.0,1000,7,1,true,54
729,2302,8481,999,8481,33924.0,46458,70,1,1,1.0,1000,7,1,true,54
729,2303,8485,999,8485,33940.0,46474,70,1,1,1.0,1000,7,1,true,54
729,2304,8488,999,8488,33952.0,46489,70,1,1,1.0,1000,7,1,true,54
729,2305,8492,999,8492,33968.0,46509,70,1,1,1.0,1000,7,1,true,54
729,2306,8496,999,8496,33984.0,46534,70,1,1,1.0,1000,7,1,true,54
729,2307,8500,999,8500,34000.0,46562,70,1,1,1.0,1000,7,1,true,54
729,2308,8503,999,8503,34012.0,46576,70,1,1,1.0,1000,6,1,true,54
729,2309,8507,999,8507,34028.0,46592,70,1,1,1.0,1000,6,1,true,54
729,2310,8510,999,8510,34040.0,46605,70,1,1,1.0,1000,6,1,true,54
729,2311,8514,999,8514,34056.0,46634,70,1,1,1.0,1000,6,1,true,54
729,2312,8517,999,8517,34068.0,46651,70,1,1,1.0,1000,7,1,true,54
729,2313,8520,999,8520,34080.0,46670,70,1,1,1.0,1000,6,1,true,54
729,2314,8524,999,8524,34096.0,46692,70,1,1,1.0,1000,7,1,true,54
729,2315,8528,999,8528,34112.0,46722,70,1,1,1.0,1000,7,1,true,54
729,2316,8532,999,8532,34128.0,46743,70,1,1,1.0,1000,7,1,true,54
729,2317,8536,999,8536,34144.0,46765,70,1,1,1.0,1000,7,1,true,54
729,2318,8539,999,8539,34156.0,46790,70,1,1,1.0,1000,7,1,true,54
729,2319,8542,999,8542,34168.0,46803,70,1,1,1.0,1000,6,1,true,54
729,2320,8546,999,8546,34184.0,46830,70,1,1,1.0,1000,7,1,true,54
729,2321,8549,999,8549,34196.0,46843,70,1,1,1.0,1000,6,1,true,54
729,2322,8552,999,8552,34208.0,46851,70,1,1,1.0,1000,6,1,true,54
729,2323,8556,999,8556,34224.0,46873,70,1,1,1.0,1000,7,1,true,54
729,2324,8560,999,8560,34240.0,46894,70,1,1,1.0,1000,7,1,true,54
729,2325,8563,999,8563,34252.0,46913,70,1,1,1.0,1000,6,1,true,54
729,2326,8567,999,8567,34268.0,46928,70,1,1,1.0,1000,7,1,true,54
729,2327,8570,999,8570,34280.0,46942,70,1,1,1.0,1000,6,1,true,54
729,2328,8573,999,8573,34292.0,46963,70,1,1,1.0,1000,7,1,true,54
729,2329,8577,999,8577,34308.0,46978,70,1,1,1.0,1000,7,1,true,54
729,2330,8581,999,8581,34324.0,46998,70,1,1,1.0,1000,7,1,true,54
729,2331,8585,999,8585,34340.0,47016,70,1,1,1.0,1000,7,1,true,54
729,2332,8589,999,8589,34356.0,47040,70,1,1,1.0,1000,7,1,true,54
729,2333,8593,999,8593,34372.0,47059,70,1,1,1.0,1000,7,1,true,54
729,2334,8597,999,8597,34388.0,47079,70,1,1,1.0,1000,7,1,true,54
729,2335,8601,999,8601,34404.0,47093,70,1,1,1.0,1000,7,1,true,54
729,2336,8605,999,8605,34420.0,47117,70,1,1,1.0,1000,7,1,true,54
729,2337,8608,999,8608,34432.0,47133,70,1,1,1.0,1000,7,1,true,54
729,2338,8612,999,8612,34448.0,47152,70,1,1,1.0,1000,7,1,true,54
729,2339,8616,999,8616,34464.0,47169,70,1,1,1.0,1000,6,1,true,54
729,2340,8620,999,8620,34480.0,47193,70,1,1,1.0,1000,7,1,true,54
729,2341,8624,999,8624,34496.0,47224,70,1,1,1.0,1000,7,1,true,54
729,2342,8628,999,8628,34512.0,47253,70,1,1,1.0,1000,7,1,true,54
729,2343,8631,999,8631,34524.0,47268,70,1,1,1.0,1000,6,1,true,54
729,2344,8635,999,8635,34540.0,47288,70,1,1,1.0,1000,7,1,true,54
729,2345,8639,999,8639,34556.0,47312,70,1,1,1.0,1000,7,1,true,54
729,2346,8642,999,8642,34568.0,47327,70,1,1,1.0,1000,6,1,true,54
729,2347,8646,999,8646,34584.0,47345,70,1,1,1.0,1000,7,1,true,54
729,2348,8649,999,8649,34596.0,47364,70,1,1,1.0,1000,6,1,true,54
729,2349,8652,999,8652,34608.0,47378,70,1,1,1.0,1000,6,1,true,54
729,2350,8655,999,8655,34620.0,47401,70,1,1,1.0,1000,7,1,true,54
729,2351,8658,999,8658,34632.0,47420,70,1,1,1.0,1000,6,1,true,54
729,2352,8662,999,8662,34648.0,47440,70,1,1,1.0,1000,7,1,true,54
729,2353,8666,999,8666,34664.0,47461,70,1,1,1.0,1000,7,1,true,54
729,2354,8670,999,8670,34680.0,47487,70,1,1,1.0,1000,7,1,true,54
729,2355,8674,999,8674,34696.0,47506,70,1,1,1.0,1000,7,1,true,54
729,2356,8678,999,8678,34712.0,47531,70,1,1,1.0,1000,7,1,true,54
729,2357,8682,999,8682,34728.0,47554,70,1,1,1.0,1000,7,1,true,54
729,2358,8685,999,8685,34740.0,47563,70,1,1,1.0,1000,6,1,true,54
729,2359,8688,999,8688,34752.0,47577,70,1,1,1.0,1000,6,1,true,54
729,2360,8691,999,8691,34764.0,47593,70,1,1,1.0,1000,6,1,true,54
729,2361,8695,999,8695,34780.0,47610,70,1,1,1.0,1000,7,1,true,54
729,2362,8699,999,8699,34796.0,47632,70,1,1,1.0,1000,7,1,true,54
729,2363,8703,999,8703,34812.0,47640,70,1,1,1.0,1000,6,1,true,54
729,2364,8706,999,8706,34824.0,47660,70,1,1,1.0,1000,6,1,true,54
729,2365,8710,999,8710,34840.0,47676,70,1,1,1.0,1000,7,1,true,54
729,2366,8714,999,8714,34856.0,47696,70,1,1,1.0,1000,7,1,true,54
729,2367,8717,999,8717,34868.0,47714,70,1,1,1.0,1000,6,1,true,54
729,2368,8721,999,8721,34884.0,47740,70,1,1,1.0,1000,7,1,true,54
729,2369,8725,999,8725,34900.0,47764,70,1,1,1.0,1000,7,1,true,54
729,2370,8729,999,8729,34916.0,47791,70,1,1,1.0,1000,7,1,true,54
729,2371,8733,999,8733,34932.0,47815,70,1,1,1.0,1000,7,1,true,54
729,2372,8737,999,8737,34948.0,47841,70,1,1,1.0,1000,7,1,true,54
729,2373,8740,999,8740,34960.0,47859,70,1,1,1.0,1000,6,1,true,54
729,2374,8743,999,8743,34972.0,47875,70,1,1,1.0,1000,6,1,true,54
729,2375,8747,999,8747,34988.0,47899,70,1,1,1.0,1000,7,1,true,54
729,2376,8751,999,8751,35004.0,47919,70,1,1,1.0,1000,7,1,true,54
729,2377,8755,999,8755,35020.0,47938,70,1,1,1.0,1000,7,1,true,54
729,2378,8758,999,8758,35032.0,47954,70,1,1,1.0,1000,6,1,true,54
729,2379,8762,999,8762,35048.0,47982,70,1,1,1.0,1000,6,1,true,54
729,2380,8766,999,8766,35064.0,48009,70,1,1,1.0,1000,7,1,true,54
729,2381,8770,999,8770,35080.0,48033,70,1,1,1.0,1000,7,1,true,54
729,2382,8774,999,8774,35096.0,48057,70,1,1,1.0,1000,7,1,true,54
729,2383,8778,999,8778,35112.0,48082,70,1,1,1.0,1000,7,1,true,54
729,2384,8782,999,8782,35128.0,48099,70,1,1,1.0,1000,7,1,true,54
729,2385,8785,999,8785,35140.0,48115,70,1,1,1.0,1000,6,1,true,54
729,2386,8788,999,8788,35152.0,48127,70,1,1,1.0,1000,6,1,true,54
729,2387,8792,999,8792,35168.0,48148,70,1,1,1.0,1000,7,1,true,54
729,2388,8796,999,8796,35184.0,48177,70,1,1,1.0,1000,7,1,true,54
729,2389,8800,999,8800,35200.0,48201,70,1,1,1.0,1000,7,1,true,54
729,2390,8803,999,8803,35212.0,48210,70,1,1,1.0,1000,6,1,true,54
729,2391,8807,999,8807,35228.0,48231,70,1,1,1.0,1000,7,1,true,54
729,2392,8809,999,8809,35236.0,48241,70,1,1,1.0,1000,6,1,true,54
729,2393,8812,999,8812,35248.0,48263,70,1,1,1.0,1000,6,1,true,54
729,2394,8816,999,8816,35264.0,48284,70,1,1,1.0,1000,7,1,true,54
729,2395,8820,999,8820,35280.0,48304,70,1,1,1.0,1000,6,1,true,54
729,2396,8824,999,8824,35296.0,48332,70,1,1,1.0,1000,6,1,true,54
729,2397,8828,999,8828,35312.0,48356,70,1,1,1.0,1000,7,1,true,54
729,2398,8832,999,8832,35328.0,48376,70,1,1,1.0,1000,7,1,true,54
729,2399,8835,999,8835,35340.0,48388,70,1,1,1.0,1000,6,1,true,54
729,2400,8838,999,8838,35352.0,48400,70,1,1,1.0,1000,6,1,true,54
729,2401,8841,999,8841,35364.0,48410,70,1,1,1.0,1000,7,1,true,54
729,2402,8844,999,8844,35376.0,48429,70,1,1,1.0,1000,7,1,true,54
729,2403,8848,999,8848,35392.0,48444,70,1,1,1.0,1000,7,1,true,54
729,2404,8851,999,8851,35404.0,48459,70,1,1,1.0,1000,7,1,true,54
729,2405,8855,999,8855,35420.0,48478,70,1,1,1.0,1000,7,1,true,54
729,2406,8859,999,8859,35436.0,48501,70,1,1,1.0,1000,7,1,true,54
729,2407,8863,999,8863,35452.0,48519,70,1,1,1.0,1000,7,1,true,54
729,2408,8867,999,8867,35468.0,48541,70,1,1,1.0,1000,7,1,true,54
729,2409,8871,999,8871,35484.0,48563,70,1,1,1.0,1000,7,1,true,54
729,2410,8875,999,8875,35500.0,48589,70,1,1,1.0,1000,7,1,true,54
729,2411,8878,999,8878,35512.0,48606,70,1,1,1.0,1000,6,1,true,54
729,2412,8881,999,8881,35524.0,48618,70,1,1,1.0,1000,6,1,true,54
729,2413,8885,999,8885,35540.0,48640,70,1,1,1.0,1000,7,1,true,54
729,2414,8889,999,8889,35556.0,48662,70,1,1,1.0,1000,6,1,true,54
729,2415,8893,999,8893,35572.0,48683,70,1,1,1.0,1000,7,1,true,54
729,2416,8897,999,8897,35588.0,48695,70,1,1,1.0,1000,6,1,true,54
729,2417,8901,999,8901,35604.0,48723,70,1,1,1.0,1000,7,1,true,54
729,2418,8905,999,8905,35620.0,48751,70,1,1,1.0,1000,7,1,true,54
729,2419,8909,999,8909,35636.0,48767,70,1,1,1.0,1000,7,1,true,54
729,2420,8912,999,8912,35648.0,48786,70,1,1,1.0,1000,6,1,true,54
729,2421,8916,999,8916,35664.0,48814,70,1,1,1.0,1000,7,1,true,54
729,2422,8920,999,8920,35680.0,48833,70,1,1,1.0,1000,7,1,true,54
729,2423,8924,999,8924,35696.0,48857,70,1,1,1.0,1000,7,1,true,54
729,2424,8928,999,8928,35712.0,48876,70,1,1,1.0,1000,6,1,true,54
729,2425,8931,999,8931,35724.0,48892,70,1,1,1.0,1000,6,1,true,54
729,2426,8935,999,8935,35740.0,48913,70,1,1,1.0,1000,7,1,true,54
729,2427,8939,999,8939,35756.0,48938,70,1,1,1.0,1000,7,1,true,54
729,2428,8943,999,8943,35772.0,48957,70,1,1,1.0,1000,7,1,true,54
729,2429,8947,999,8947,35788.0,48978,70,1,1,1.0,1000,7,1,true,54
729,2430,8951,999,8951,35804.0,49003,70,1,1,1.0,1000,7,1,true,54
729,2431,8955,999,8955,35820.0,49022,70,1,1,1.0,1000,7,1,true,54
729,2432,8958,999,8958,35832.0,49039,70,1,1,1.0,1000,7,1,true,54
729,2433,8962,999,8962,35848.0,49061,70,1,1,1.0,1000,7,1,true,54
729,2434,8965,999,8965,35860.0,49078,70,1,1,1.0,1000,7,1,true,54
729,2435,8969,999,8969,35876.0,49100,70,1,1,1.0,1000,7,1,true,54
729,2436,8972,999,8972,35888.0,49119,70,1,1,1.0,1000,6,1,true,54
729,2437,8976,999,8976,35904.0,49151,70,1,1,1.0,1000,7,1,true,54
729,2438,8980,999,8980,35920.0,49166,70,1,1,1.0,1000,7,1,true,54
729,2439,8984,999,8984,35936.0,49184,70,1,1,1.0,1000,7,1,true,54
729,2440,8988,999,8988,35952.0,49210,70,1,1,1.0,1000,7,1,true,54
729,2441,8992,999,8992,35968.0,49235,70,1,1,1.0,1000,7,1,true,54
729,2442,8996,999,8996,35984.0,49259,70,1,1,1.0,1000,7,1,true,54
729,2443,9000,999,9000,36000.0,49283,70,1,1,1.0,1000,7,1,true,54
729,2444,9004,999,9004,36016.0,49301,70,1,1,1.0,1000,7,1,true,54
729,2445,9008,999,9008,36032.0,49321,70,1,1,1.0,1000,7,1,true,54
729,2446,9011,999,9011,36044.0,49339,70,1,1,1.0,1000,6,1,true,54
729,2447,9015,999,9015,36060.0,49367,70,1,1,1.0,1000,7,1,true,54
729,2448,9019,999,9019,36076.0,49385,70,1,1,1.0,1000,7,1,true,54
729,2449,9023,999,9023,36092.0,49407,70,1,1,1.0,1000,7,1,true,54
729,2450,9026,999,9026,36104.0,49428,70,1,1,1.0,1000,7,1,true,54
729,2451,9029,999,9029,36116.0,49441,70,1,1,1.0,1000,7,1,true,54
729,2452,9032,999,9032,36128.0,49462,70,1,1,1.0,1000,7,1,true,54
729,2453,9036,999,9036,36144.0,49481,70,1,1,1.0,1000,7,1,true,54
729,2454,9039,999,9039,36156.0,49502,70,1,1,1.0,1000,7,1,true,54
729,2455,9042,999,9042,36168.0,49520,70,1,1,1.0,1000,6,1,true,54
729,2456,9046,999,9046,36184.0,49533,70,1,1,1.0,1000,6,1,true,54
729,2457,9049,999,9049,36196.0,49555,70,1,1,1.0,1000,6,1,true,54
729,2458,9052,999,9052,36208.0,49577,70,1,1,1.0,1000,6,1,true,54
729,2459,9056,999,9056,36224.0,49603,70,1,1,1.0,1000,7,1,true,54
729,2460,9060,999,9060,36240.0,49626,70,1,1,1.0,1000,7,1,true,54
729,2461,9064,999,9064,36256.0,49648,70,1,1,1.0,1000,7,1,true,54
729,2462,9068,999,9068,36272.0,49671,70,1,1,1.0,1000,7,1,true,54
729,2463,9072,999,9072,36288.0,49696,70,1,1,1.0,1000,7,1,true,54
729,2464,9075,999,9075,36300.0,49710,70,1,1,1.0,1000,6,1,true,54
729,2465,9078,999,9078,36312.0,49721,70,1,1,1.0,1000,6,1,true,54
729,2466,9082,999,9082,36328.0,49736,70,1,1,1.0,1000,7,1,true,54
729,2467,9084,999,9084,36336.0,49745,70,1,1,1.0,1000,6,1,true,54
729,2468,9088,999,9088,36352.0,49774,70,1,1,1.0,1000,7,1,true,54
729,2469,9092,999,9092,36368.0,49798,70,1,1,1.0,1000,6,1,true,54
729,2470,9095,999,9095,36380.0,49815,70,1,1,1.0,1000,7,1,true,54
729,2471,9099,999,9099,36396.0,49833,70,1,1,1.0,1000,6,1,true,54
729,2472,9102,999,9102,36408.0,49853,70,1,1,1.0,1000,6,1,true,54
729,2473,9106,999,9106,36424.0,49880,70,1,1,1.0,1000,6,1,true,54
729,2474,9110,999,9110,36440.0,49899,70,1,1,1.0,1000,7,1,true,54
729,2475,9114,999,9114,36456.0,49921,70,1,1,1.0,1000,7,1,true,54
729,2476,9118,999,9118,36472.0,49942,70,1,1,1.0,1000,7,1,true,54
729,2477,9120,999,9120,36480.0,49957,70,1,1,1.0,1000,6,1,true,54
729,2478,9123,999,9123,36492.0,49977,70,1,1,1.0,1000,6,1,true,54
729,2479,9127,999,9127,36508.0,49997,70,1,1,1.0,1000,7,1,true,54
729,2480,9131,999,9131,36524.0,50018,70,1,1,1.0,1000,7,1,true,54
729,2481,9135,999,9135,36540.0,50046,70,1,1,1.0,1000,7,1,true,54
729,2482,9139,999,9139,36556.0,50064,70,1,1,1.0,1000,7,1,true,54
729,2483,9142,999,9142,36568.0,50082,70,1,1,1.0,1000,7,1,true,54
729,2484,9145,999,9145,36580.0,50097,70,1,1,1.0,1000,7,1,true,54
729,2485,9149,999,9149,36596.0,50121,70,1,1,1.0,1000,7,1,true,54
729,2486,9152,999,9152,36608.0,50133,70,1,1,1.0,1000,6,1,true,54
729,2487,9156,999,9156,36624.0,50154,70,1,1,1.0,1000,7,1,true,54
729,2488,9159,999,9159,36636.0,50167,70,1,1,1.0,1000,7,1,true,54
729,2489,9163,999,9163,36652.0,50186,70,1,1,1.0,1000,7,1,true,54
729,2490,9167,999,9167,36668.0,50206,70,1,1,1.0,1000,7,1,true,54
729,2491,9170,999,9170,36680.0,50223,70,1,1,1.0,1000,7,1,true,54
729,2492,9174,999,9174,36696.0,50250,70,1,1,1.0,1000,7,1,true,54
729,2493,9178,999,9178,36712.0,50276,70,1,1,1.0,1000,7,1,true,54
729,2494,9182,999,9182,36728.0,50290,70,1,1,1.0,1000,6,1,true,54
729,2495,9186,999,9186,36744.0,50315,70,1,1,1.0,1000,7,1,true,54
729,2496,9190,999,9190,36760.0,50334,70,1,1,1.0,1000,6,1,true,54
729,2497,9193,999,9193,36772.0,50349,70,1,1,1.0,1000,7,1,true,54
729,2498,9196,999,9196,36784.0,50364,70,1,1,1.0,1000,6,1,true,54
729,2499,9200,999,9200,36800.0,50386,70,1,1,1.0,1000,7,1,true,54
729,2500,9204,999,9204,36816.0,50409,70,1,1,1.0,1000,7,1,true,54
729,2501,9208,999,9208,36832.0,50428,70,1,1,1.0,1000,7,1,true,54
729,2502,9212,999,9212,36848.0,50446,70,1,1,1.0,1000,7,1,true,54
729,2503,9215,999,9215,36860.0,50462,70,1,1,1.0,1000,6,1,true,54
729,2504,9218,999,9218,36872.0,50474,70,1,1,1.0,1000,6,1,true,54
729,2505,9222,999,9222,36888.0,50499,70,1,1,1.0,1000,7,1,true,54
729,2506,9226,999,9226,36904.0,50518,70,1,1,1.0,1000,6,1,true,54
729,2507,9229,999,9229,36916.0,50534,70,1,1,1.0,1000,7,1,true,54
729,2508,9233,999,9233,36932.0,50559,70,1,1,1.0,1000,7,1,true,54
729,2509,9237,999,9237,36948.0,50578,70,1,1,1.0,1000,7,1,true,54
729,2510,9241,999,9241,36964.0,50601,70,1,1,1.0,1000,7,1,true,54
729,2511,9245,999,9245,36980.0,50619,70,1,1,1.0,1000,7,1,true,54
729,2512,9249,999,9249,36996.0,50645,70,1,1,1.0,1000,7,1,true,54
729,2513,9253,999,9253,37012.0,50676,70,1,1,1.0,1000,6,1,true,54
729,2514,9257,999,9257,37028.0,50695,70,1,1,1.0,1000,7,1,true,54
729,2515,9261,999,9261,37044.0,50724,70,1,1,1.0,1000,7,1,true,54
729,2516,9264,999,9264,37056.0,50740,70,1,1,1.0,1000,7,1,true,54
729,2517,9268,999,9268,37072.0,50761,70,1,1,1.0,1000,7,1,true,54
729,2518,9271,999,9271,37084.0,50783,70,1,1,1.0,1000,6,1,true,54
729,2519,9275,999,9275,37100.0,50806,70,1,1,1.0,1000,6,1,true,54
729,2520,9278,999,9278,37112.0,50828,70,1,1,1.0,1000,6,1,true,54
729,2521,9281,999,9281,37124.0,50837,70,1,1,1.0,1000,7,1,true,54
729,2522,9285,999,9285,37140.0,50857,70,1,1,1.0,1000,7,1,true,54
729,2523,9289,999,9289,37156.0,50876,70,1,1,1.0,1000,7,1,true,54
729,2524,9293,999,9293,37172.0,50899,70,1,1,1.0,1000,7,1,true,54
729,2525,9297,999,9297,37188.0,50921,70,1,1,1.0,1000,7,1,true,54
729,2526,9300,999,9300,37200.0,50931,70,1,1,1.0,1000,7,1,true,54
729,2527,9304,999,9304,37216.0,50959,70,1,1,1.0,1000,7,1,true,54
729,2528,9308,999,9308,37232.0,50990,70,1,1,1.0,1000,7,1,true,54
729,2529,9312,999,9312,37248.0,51008,70,1,1,1.0,1000,7,1,true,54
729,2530,9316,999,9316,37264.0,51032,70,1,1,1.0,1000,7,1,true,54
729,2531,9319,999,9319,37276.0,51052,70,1,1,1.0,1000,6,1,true,54
729,2532,9323,999,9323,37292.0,51081,70,1,1,1.0,1000,7,1,true,54
729,2533,9327,999,9327,37308.0,51107,70,1,1,1.0,1000,7,1,true,54
729,2534,9330,999,9330,37320.0,51126,70,1,1,1.0,1000,7,1,true,54
729,2535,9334,999,9334,37336.0,51148,70,1,1,1.0,1000,7,1,true,54
729,2536,9338,999,9338,37352.0,51184,70,1,1,1.0,1000,7,1,true,54
729,2537,9342,999,9342,37368.0,51198,70,1,1,1.0,1000,7,1,true,54
729,2538,9346,999,9346,37384.0,51217,70,1,1,1.0,1000,7,1,true,54
729,2539,9350,999,9350,37400.0,51242,70,1,1,1.0,1000,7,1,true,54
729,2540,9353,999,9353,37412.0,51260,70,1,1,1.0,1000,6,1,true,54
729,2541,9357,999,9357,37428.0,51285,70,1,1,1.0,1000,6,1,true,54
729,2542,9360,999,9360,37440.0,51299,70,1,1,1.0,1000,6,1,true,54
729,2543,9364,999,9364,37456.0,51323,70,1,1,1.0,1000,7,1,true,54
729,2544,9368,999,9368,37472.0,51352,70,1,1,1.0,1000,7,1,true,54
729,2545,9372,999,9372,37488.0,51379,70,1,1,1.0,1000,7,1,true,54
729,2546,9376,999,9376,37504.0,51401,70,1,1,1.0,1000,7,1,true,54
729,2547,9379,999,9379,37516.0,51420,70,1,1,1.0,1000,6,1,true,54
729,2548,9382,999,9382,37528.0,51434,70,1,1,1.0,1000,6,1,true,54
729,2549,9386,999,9386,37544.0,51458,70,1,1,1.0,1000,7,1,true,54
729,2550,9390,999,9390,37560.0,51474,70,1,1,1.0,1000,7,1,true,54
729,2551,9393,999,9393,37572.0,51497,70,1,1,1.0,1000,7,1,true,54
729,2552,9397,999,9397,37588.0,51512,70,1,1,1.0,1000,7,1,true,54
729,2553,9400,999,9400,37600.0,51529,70,1,1,1.0,1000,6,1,true,54
729,2554,9404,999,9404,37616.0,51547,70,1,1,1.0,1000,7,1,true,54
729,2555,9408,999,9408,37632.0,51568,70,1,1,1.0,1000,7,1,true,54
729,2556,9412,999,9412,37648.0,51587,70,1,1,1.0,1000,7,1,true,54
729,2557,9416,999,9416,37664.0,51614,70,1,1,1.0,1000,7,1,true,54
729,2558,9420,999,9420,37680.0,51641,70,1,1,1.0,1000,7,1,true,54
729,2559,9424,999,9424,37696.0,51661,70,1,1,1.0,1000,7,1,true,54
729,2560,9428,999,9428,37712.0,51675,70,1,1,1.0,1000,7,1,true,54
729,2561,9433,999,9433,37732.0,51696,70,1,1,1.0,1000,7,1,true,54
729,2562,9436,999,9436,37744.0,51713,70,1,1,1.0,1000,6,1,true,54
729,2563,9440,999,9440,37760.0,51736,70,1,1,1.0,1000,6,1,true,54
729,2564,9444,999,9444,37776.0,51760,70,1,1,1.0,1000,7,1,true,54
729,2565,9448,999,9448,37792.0,51783,70,1,1,1.0,1000,7,1,true,54
729,2566,9452,999,9452,37808.0,51809,70,1,1,1.0,1000,7,1,true,54
729,2567,9455,999,9455,37820.0,51825,70,1,1,1.0,1000,6,1,true,54
729,2568,9459,999,9459,37836.0,51845,70,1,1,1.0,1000,7,1,true,54
729,2569,9463,999,9463,37852.0,51870,70,1,1,1.0,1000,7,1,true,54
729,2570,9467,999,9467,37868.0,51896,70,1,1,1.0,1000,7,1,true,54
729,2571,9471,999,9471,37884.0,51919,70,1,1,1.0,1000,7,1,true,54
729,2572,9475,999,9475,37900.0,51947,70,1,1,1.0,1000,6,1,true,54
729,2573,9479,999,9479,37916.0,51974,70,1,1,1.0,1000,7,1,true,54
729,2574,9483,999,9483,37932.0,51987,70,1,1,1.0,1000,7,1,true,54
729,2575,9486,999,9486,37944.0,52006,70,1,1,1.0,1000,7,1,true,54
729,2576,9489,999,9489,37956.0,52023,70,1,1,1.0,1000,6,1,true,54
729,2577,9493,999,9493,37972.0,52047,70,1,1,1.0,1000,7,1,true,54
729,2578,9497,999,9497,37988.0,52069,70,1,1,1.0,1000,7,1,true,54
729,2579,9500,999,9500,38000.0,52089,70,1,1,1.0,1000,6,1,true,54
729,2580,9504,999,9504,38016.0,52104,70,1,1,1.0,1000,7,1,true,54
729,2582,9511,999,9511,38044.0,52137,70,1,1,1.0,1000,7,1,true,54
729,2582,9511,999,9511,38044.0,52137,70,1,1,1.0,1000,7,1,true,54
729,2583,9515,999,9515,38060.0,52156,70,1,1,1.0,1000,6,1,true,54
729,2584,9518,999,9518,38072.0,52176,70,1,1,1.0,1000,6,1,true,54
729,2585,9521,999,9521,38084.0,52192,70,1,1,1.0,1000,6,1,true,54
729,2586,9525,999,9525,38100.0,52209,70,1,1,1.0,1000,7,1,true,54
729,2587,9529,999,9529,38116.0,52241,70,1,1,1.0,1000,7,1,true,54
729,2589,9535,999,9535,38140.0,52269,70,1,1,1.0,1000,6,1,true,54
729,2589,9535,999,9535,38140.0,52269,70,1,1,1.0,1000,6,1,true,54
729,2590,9539,999,9539,38156.0,52293,70,1,1,1.0,1000,7,1,true,54
729,2591,9542,999,9542,38168.0,52309,70,1,1,1.0,1000,7,1,true,54
729,2592,9546,1000,9546,38184.0,52321,70,1,1,1.0,1000,7,1,true,54
729,2593,9550,1000,9550,38200.0,52341,70,1,1,1.0,1000,7,1,true,54
729,2594,9554,1000,9554,38216.0,52361,70,1,1,1.0,1000,6,1,true,54
729,2595,9558,1000,9558,38232.0,52383,70,1,1,1.0,1000,7,1,true,54
729,2596,9562,1000,9562,38248.0,52403,70,1,1,1.0,1000,7,1,true,54
729,2597,9566,1000,9566,38264.0,52420,70,1,1,1.0,1000,7,1,true,54
729,2598,9569,1000,9569,38276.0,52433,70,1,1,1.0,1000,7,1,true,54
729,2599,9572,1000,9572,38288.0,52449,70,1,1,1.0,1000,6,1,true,54
729,2600,9575,1000,9575,38300.0,52465,70,1,1,1.0,1000,6,1,true,54
729,2601,9579,1000,9579,38316.0,52494,70,1,1,1.0,1000,6,1,true,54
729,2602,9583,1000,9583,38332.0,52512,70,1,1,1.0,1000,6,1,true,54
729,2603,9587,1000,9587,38348.0,52534,70,1,1,1.0,1000,7,1,true,54
729,2604,9590,1000,9590,38360.0,52551,70,1,1,1.0,1000,6,1,true,54
729,2605,9594,1000,9594,38376.0,52562,70,1,1,1.0,1000,7,1,true,54
729,2606,9598,1000,9598,38392.0,52582,70,1,1,1.0,1000,7,1,true,54
729,2607,9602,1000,9602,38408.0,52606,70,1,1,1.0,1000,6,1,true,54
729,2608,9606,1000,9606,38424.0,52628,70,1,1,1.0,1000,7,1,true,54
729,2609,9609,1000,9609,38436.0,52647,70,1,1,1.0,1000,6,1,true,54
729,2610,9612,1000,9612,38448.0,52671,70,1,1,1.0,1000,7,1,true,54
729,2611,9615,1000,9615,38460.0,52686,70,1,1,1.0,1000,6,1,true,54
729,2612,9619,1000,9619,38476.0,52707,70,1,1,1.0,1000,7,1,true,54
729,2613,9622,1000,9622,38488.0,52727,70,1,1,1.0,1000,6,1,true,54
729,2614,9626,1000,9626,38504.0,52746,70,1,1,1.0,1000,7,1,true,54
729,2615,9629,1000,9629,38516.0,52761,70,1,1,1.0,1000,7,1,true,54
729,2616,9633,1000,9633,38532.0,52786,70,1,1,1.0,1000,7,1,true,54
729,2617,9636,1000,9636,38544.0,52805,70,1,1,1.0,1000,6,1,true,54
729,2619,9644,1000,9644,38576.0,52847,70,1,1,1.0,1000,7,1,true,54
729,2619,9644,1000,9644,38576.0,52847,70,1,1,1.0,1000,7,1,true,54
729,2620,9648,1000,9648,38592.0,52874,70,1,1,1.0,1000,7,1,true,54
729,2621,9652,1000,9652,38608.0,52893,70,1,1,1.0,1000,7,1,true,54
729,2622,9655,1000,9655,38620.0,52911,70,1,1,1.0,1000,7,1,true,54
729,2623,9659,1000,9659,38636.0,52928,70,1,1,1.0,1000,7,1,true,54
729,2624,9663,1000,9663,38652.0,52950,70,1,1,1.0,1000,7,1,true,54
729,2625,9667,1000,9667,38668.0,52976,70,1,1,1.0,1000,7,1,true,54
729,2626,9671,1000,9671,38684.0,52991,70,1,1,1.0,1000,7,1,true,54
729,2627,9674,1000,9674,38696.0,53011,70,1,1,1.0,1000,7,1,true,54
729,2628,9678,1000,9678,38712.0,53027,70,1,1,1.0,1000,7,1,true,54
729,2629,9682,1000,9682,38728.0,53046,70,1,1,1.0,1000,7,1,true,54
729,2630,9686,1000,9686,38744.0,53069,70,1,1,1.0,1000,7,1,true,54
729,2631,9689,1000,9689,38756.0,53078,70,1,1,1.0,1000,6,1,true,54
729,2632,9692,1000,9692,38768.0,53095,70,1,1,1.0,1000,6,1,true,54
729,2633,9696,1000,9696,38784.0,53121,70,1,1,1.0,1000,7,1,true,54
729,2634,9700,1000,9700,38800.0,53144,70,1,1,1.0,1000,7,1,true,54
729,2635,9704,1000,9704,38816.0,53180,70,1,1,1.0,1000,7,1,true,54
729,2636,9708,1000,9708,38832.0,53199,70,1,1,1.0,1000,7,1,true,54
729,2637,9712,1000,9712,38848.0,53224,70,1,1,1.0,1000,6,1,true,54
729,2638,9716,1000,9716,38864.0,53241,70,1,1,1.0,1000,6,1,true,54
729,2639,9720,1000,9720,38880.0,53262,70,1,1,1.0,1000,7,1,true,54
729,2640,9724,1000,9724,38896.0,53291,70,1,1,1.0,1000,7,1,true,54
729,2641,9728,1000,9728,38912.0,53312,70,1,1,1.0,1000,7,1,true,54
729,2642,9731,1000,9731,38924.0,53337,70,1,1,1.0,1000,6,1,true,54
729,2643,9734,1000,9734,38936.0,53355,70,1,1,1.0,1000,6,1,true,54
729,2644,9738,1000,9738,38952.0,53369,70,1,1,1.0,1000,7,1,true,54
729,2645,9742,1000,9742,38968.0,53395,70,1,1,1.0,1000,7,1,true,54
729,2646,9746,1000,9746,38984.0,53412,70,1,1,1.0,1000,6,1,true,54
729,2647,9749,1000,9749,38996.0,53428,70,1,1,1.0,1000,6,1,true,54
729,2648,9752,1000,9752,39008.0,53447,70,1,1,1.0,1000,6,1,true,54
729,2649,9755,1000,9755,39020.0,53455,70,1,1,1.0,1000,6,1,true,54
729,2650,9758,1000,9758,39032.0,53475,70,1,1,1.0,1000,7,1,true,54
729,2651,9762,1000,9762,39048.0,53497,70,1,1,1.0,1000,7,1,true,54
729,2652,9766,1000,9766,39064.0,53516,70,1,1,1.0,1000,7,1,true,54
729,2653,9770,1000,9770,39080.0,53540,70,1,1,1.0,1000,7,1,true,54
729,2654,9773,1000,9773,39092.0,53557,70,1,1,1.0,1000,6,1,true,54
729,2655,9776,1000,9776,39104.0,53573,70,1,1,1.0,1000,6,1,true,54
729,2656,9779,1000,9779,39116.0,53584,70,1,1,1.0,1000,6,1,true,54
729,2657,9782,1000,9782,39128.0,53592,70,1,1,1.0,1000,6,1,true,54
729,2658,9786,1000,9786,39144.0,53615,70,1,1,1.0,1000,7,1,true,54
729,2659,9790,1000,9790,39160.0,53636,70,1,1,1.0,1000,7,1,true,54
729,2660,9794,1000,9794,39176.0,53652,70,1,1,1.0,1000,7,1,true,54
729,2661,9798,1000,9798,39192.0,53666,70,1,1,1.0,1000,7,1,true,54
729,2662,9801,1000,9801,39204.0,53678,70,1,1,1.0,1000,6,1,true,54
729,2663,9804,1000,9804,39216.0,53694,70,1,1,1.0,1000,6,1,true,54
729,2664,9808,1000,9808,39232.0,53713,70,1,1,1.0,1000,7,1,true,54
729,2665,9811,1000,9811,39244.0,53727,70,1,1,1.0,1000,6,1,true,54
729,2666,9815,1000,9815,39260.0,53750,70,1,1,1.0,1000,7,1,true,54
729,2667,9819,1000,9819,39276.0,53771,70,1,1,1.0,1000,7,1,true,54
729,2668,9823,1000,9823,39292.0,53793,70,1,1,1.0,1000,6,1,true,54
729,2669,9827,1000,9827,39308.0,53813,70,1,1,1.0,1000,7,1,true,54
729,2670,9831,1000,9831,39324.0,53838,70,1,1,1.0,1000,7,1,true,54
729,2671,9834,1000,9834,39336.0,53853,70,1,1,1.0,1000,7,1,true,54
729,2672,9838,1000,9838,39352.0,53881,70,1,1,1.0,1000,7,1,true,54
729,2673,9843,1000,9843,39372.0,53905,70,1,1,1.0,1000,7,1,true,54
729,2674,9847,1000,9847,39388.0,53923,70,1,1,1.0,1000,7,1,true,54
729,2675,9851,1000,9851,39404.0,53945,70,1,1,1.0,1000,7,1,true,54
729,2676,9855,1000,9855,39420.0,53966,70,1,1,1.0,1000,7,1,true,54
729,2677,9858,1000,9858,39432.0,53986,70,1,1,1.0,1000,7,1,true,54
729,2678,9862,1000,9862,39448.0,54003,70,1,1,1.0,1000,7,1,true,54
729,2679,9866,1000,9866,39464.0,54024,70,1,1,1.0,1000,7,1,true,54
729,2680,9869,1000,9869,39476.0,54043,70,1,1,1.0,1000,6,1,true,54
729,2681,9873,1000,9873,39492.0,54063,70,1,1,1.0,1000,7,1,true,54
729,2682,9877,1000,9877,39508.0,54082,70,1,1,1.0,1000,7,1,true,54
729,2683,9880,1000,9880,39520.0,54099,70,1,1,1.0,1000,6,1,true,54
729,2684,9884,1000,9884,39536.0,54112,70,1,1,1.0,1000,7,1,true,54
729,2685,9887,1000,9887,39548.0,54131,70,1,1,1.0,1000,6,1,true,54
729,2686,9891,1000,9891,39564.0,54146,70,1,1,1.0,1000,7,1,true,54
729,2687,9894,1000,9894,39576.0,54159,70,1,1,1.0,1000,6,1,true,54
729,2688,9898,1000,9898,39592.0,54190,70,1,1,1.0,1000,7,1,true,54
729,2689,9902,1000,9902,39608.0,54213,70,1,1,1.0,1000,7,1,true,54
729,2690,9906,1000,9906,39624.0,54240,70,1,1,1.0,1000,7,1,true,54
729,2691,9910,1000,9910,39640.0,54260,70,1,1,1.0,1000,7,1,true,54
729,2692,9914,1000,9914,39656.0,54284,70,1,1,1.0,1000,6,1,true,54
729,2693,9918,1000,9918,39672.0,54312,70,1,1,1.0,1000,7,1,true,54
729,2694,9922,1000,9922,39688.0,54332,70,1,1,1.0,1000,7,1,true,54
729,2695,9926,1000,9926,39704.0,54360,70,1,1,1.0,1000,7,1,true,54
729,2696,9930,1000,9930,39720.0,54380,70,1,1,1.0,1000,7,1,true,54
729,2698,9937,1000,9937,39748.0,54425,70,1,1,1.0,1000,7,1,true,54
729,2698,9937,1000,9937,39748.0,54425,70,1,1,1.0,1000,7,1,true,54
729,2699,9941,1000,9941,39764.0,54451,70,1,1,1.0,1000,7,1,true,54
729,2700,9945,1000,9945,39780.0,54474,70,1,1,1.0,1000,7,1,true,54
729,2701,9948,1000,9948,39792.0,54484,70,1,1,1.0,1000,6,1,true,54
729,2702,9952,1000,9952,39808.0,54506,70,1,1,1.0,1000,7,1,true,54
729,2703,9956,1000,9956,39824.0,54535,70,1,1,1.0,1000,7,1,true,54
729,2704,9959,1000,9959,39836.0,54551,70,1,1,1.0,1000,6,1,true,54
729,2705,9963,1000,9963,39852.0,54573,70,1,1,1.0,1000,7,1,true,54
729,2706,9967,1000,9967,39868.0,54596,70,1,1,1.0,1000,6,1,true,54
729,2707,9971,1000,9971,39884.0,54624,70,1,1,1.0,1000,7,1,true,54
729,2708,9975,1000,9975,39900.0,54652,70,1,1,1.0,1000,7,1,true,54
729,2709,9979,1000,9979,39916.0,54671,70,1,1,1.0,1000,6,1,true,54
729,2710,9983,1000,9983,39932.0,54692,70,1,1,1.0,1000,7,1,true,54
729,2711,9986,1000,9986,39944.0,54706,70,1,1,1.0,1000,7,1,true,54
729,2712,9989,1000,9989,39956.0,54722,70,1,1,1.0,1000,7,1,true,54
729,2713,9993,1000,9993,39972.0,54742,70,1,1,1.0,1000,7,1,true,54
729,2714,9996,1000,9996,39984.0,54765,70,1,1,1.0,1000,6,1,true,54
729,2715,9999,1000,9999,39996.0,54781,70,1,1,1.0,1000,7,1,true,54
729,2716,10003,1000,10003,40012.0,54801,70,1,1,1.0,1000,7,1,true,54
729,2717,10007,1000,10007,40028.0,54827,70,1,1,1.0,1000,7,1,true,54
729,2718,10011,1000,10011,40044.0,54856,70,1,1,1.0,1000,7,1,true,54
729,2719,10015,1000,10015,40060.0,54882,70,1,1,1.0,1000,7,1,true,54
729,2720,10019,1000,10019,40076.0,54905,70,1,1,1.0,1000,7,1,true,54
729,2721,10023,1000,10023,40092.0,54922,70,1,1,1.0,1000,7,1,true,54
729,2722,10027,1000,10027,40108.0,54940,70,1,1,1.0,1000,7,1,true,54
729,2723,10031,1000,10031,40124.0,54965,70,1,1,1.0,1000,7,1,true,54
729,2724,10035,1000,10035,40140.0,54977,70,1,1,1.0,1000,7,1,true,54
729,2725,10039,1000,10039,40156.0,55007,70,1,1,1.0,1000,7,1,true,54
729,2726,10042,1000,10042,40168.0,55019,70,1,1,1.0,1000,6,1,true,54
729,2727,10046,1000,10046,40184.0,55040,70,1,1,1.0,1000,7,1,true,54
729,2728,10050,1000,10050,40200.0,55072,70,1,1,1.0,1000,7,1,true,54
729,2729,10053,1000,10053,40212.0,55094,70,1,1,1.0,1000,7,1,true,54
729,2730,10056,1000,10056,40224.0,55109,70,1,1,1.0,1000,7,1,true,54
729,2731,10060,1000,10060,40240.0,55123,70,1,1,1.0,1000,7,1,true,54
729,2732,10064,1000,10064,40256.0,55152,70,1,1,1.0,1000,7,1,true,54
729,2733,10068,1000,10068,40272.0,55171,70,1,1,1.0,1000,7,1,true,54
729,2734,10071,1000,10071,40284.0,55179,70,1,1,1.0,1000,7,1,true,54
729,2735,10074,1000,10074,40296.0,55203,70,1,1,1.0,1000,6,1,true,54
729,2736,10077,1000,10077,40308.0,55219,70,1,1,1.0,1000,6,1,true,54
729,2737,10081,1000,10081,40324.0,55252,70,1,1,1.0,1000,6,1,true,54
729,2738,10085,1000,10085,40340.0,55270,70,1,1,1.0,1000,7,1,true,54
729,2739,10089,1000,10089,40356.0,55292,70,1,1,1.0,1000,7,1,true,54
729,2740,10093,1000,10093,40372.0,55314,70,1,1,1.0,1000,7,1,true,54
729,2741,10097,1000,10097,40388.0,55329,70,1,1,1.0,1000,7,1,true,54
729,2742,10100,1000,10100,40400.0,55348,70,1,1,1.0,1000,6,1,true,54
729,2743,10103,1000,10103,40412.0,55362,70,1,1,1.0,1000,6,1,true,54
729,2744,10107,1000,10107,40428.0,55375,70,1,1,1.0,1000,7,1,true,54
729,2745,10110,1000,10110,40440.0,55391,70,1,1,1.0,1000,6,1,true,54
729,2746,10113,1000,10113,40452.0,55413,70,1,1,1.0,1000,6,1,true,54
729,2747,10116,1000,10116,40464.0,55431,70,1,1,1.0,1000,6,1,true,54
729,2748,10120,1000,10120,40480.0,55448,70,1,1,1.0,1000,7,1,true,54
729,2749,10123,1000,10123,40492.0,55466,70,1,1,1.0,1000,6,1,true,54
729,2750,10127,1000,10127,40508.0,55483,70,1,1,1.0,1000,6,1,true,54
729,2751,10131,1000,10131,40524.0,55516,70,1,1,1.0,1000,6,1,true,54
729,2752,10135,1000,10135,40540.0,55539,70,1,1,1.0,1000,7,1,true,54
729,2753,10138,1000,10138,40552.0,55554,70,1,1,1.0,1000,7,1,true,54
729,2754,10142,1000,10142,40568.0,55580,70,1,1,1.0,1000,7,1,true,54
729,2755,10146,1000,10146,40584.0,55600,70,1,1,1.0,1000,7,1,true,54
729,2756,10149,1000,10149,40596.0,55615,70,1,1,1.0,1000,6,1,true,54
729,2757,10153,1000,10153,40612.0,55643,70,1,1,1.0,1000,7,1,true,54
729,2758,10157,1000,10157,40628.0,55665,70,1,1,1.0,1000,7,1,true,54
729,2759,10161,1000,10161,40644.0,55684,70,1,1,1.0,1000,7,1,true,54
729,2760,10165,1000,10165,40660.0,55702,70,1,1,1.0,1000,7,1,true,54
729,2761,10169,1000,10169,40676.0,55722,70,1,1,1.0,1000,7,1,true,54
729,2762,10173,1000,10173,40692.0,55733,70,1,1,1.0,1000,7,1,true,54
729,2763,10177,1000,10177,40708.0,55753,70,1,1,1.0,1000,7,1,true,54
729,2764,10181,1000,10181,40724.0,55770,70,1,1,1.0,1000,7,1,true,54
729,2765,10184,1000,10184,40736.0,55780,70,1,1,1.0,1000,6,1,true,54
729,2766,10188,1000,10188,40752.0,55797,70,1,1,1.0,1000,7,1,true,54
729,2767,10192,1000,10192,40768.0,55811,70,1,1,1.0,1000,7,1,true,54
729,2768,10196,1000,10196,40784.0,55832,70,1,1,1.0,1000,6,1,true,54
729,2769,10199,1000,10199,40796.0,55848,70,1,1,1.0,1000,6,1,true,54
729,2770,10203,1000,10203,40812.0,55870,70,1,1,1.0,1000,7,1,true,54
729,2771,10207,1000,10207,40828.0,55886,70,1,1,1.0,1000,7,1,true,54
729,2772,10210,1000,10210,40840.0,55903,70,1,1,1.0,1000,6,1,true,54
729,2773,10214,1000,10214,40856.0,55932,70,1,1,1.0,1000,6,1,true,54
729,2774,10218,1000,10218,40872.0,55945,70,1,1,1.0,1000,7,1,true,54
729,2775,10221,1000,10221,40884.0,55960,70,1,1,1.0,1000,6,1,true,54
729,2776,10225,1000,10225,40900.0,55981,70,1,1,1.0,1000,7,1,true,54
729,2777,10229,1000,10229,40916.0,55999,70,1,1,1.0,1000,7,1,true,54
729,2778,10233,1000,10233,40932.0,56011,70,1,1,1.0,1000,7,1,true,54
729,2779,10236,1000,10236,40944.0,56028,70,1,1,1.0,1000,6,1,true,54
729,2780,10240,1000,10240,40960.0,56053,70,1,1,1.0,1000,6,1,true,54
729,2781,10244,1000,10244,40976.0,56079,70,1,1,1.0,1000,7,1,true,54
729,2782,10248,1000,10248,40992.0,56098,70,1,1,1.0,1000,7,1,true,54
729,2783,10252,1000,10252,41008.0,56118,70,1,1,1.0,1000,7,1,true,54
729,2784,10256,1000,10256,41024.0,56135,70,1,1,1.0,1000,7,1,true,54
729,2785,10259,1000,10259,41036.0,56149,70,1,1,1.0,1000,7,1,true,54
729,2786,10263,1000,10263,41052.0,56169,70,1,1,1.0,1000,7,1,true,54
729,2787,10267,1000,10267,41068.0,56189,70,1,1,1.0,1000,7,1,true,54
729,2788,10271,1000,10271,41084.0,56216,70,1,1,1.0,1000,7,1,true,54
729,2789,10275,1000,10275,41100.0,56228,70,1,1,1.0,1000,7,1,true,54
729,2790,10279,1000,10279,41116.0,56252,70,1,1,1.0,1000,6,1,true,54
729,2791,10282,1000,10282,41128.0,56263,70,1,1,1.0,1000,6,1,true,54
729,2792,10286,1000,10286,41144.0,56294,70,1,1,1.0,1000,7,1,true,54
729,2793,10289,1000,10289,41156.0,56315,70,1,1,1.0,1000,6,1,true,54
729,2794,10293,1000,10293,41172.0,56339,70,1,1,1.0,1000,7,1,true,54
729,2795,10297,1000,10297,41188.0,56362,70,1,1,1.0,1000,7,1,true,54
729,2797,10304,1000,10304,41216.0,56397,70,1,1,1.0,1000,6,1,true,54
729,2797,10304,1000,10304,41216.0,56397,70,1,1,1.0,1000,6,1,true,54
729,2798,10308,1000,10308,41232.0,56410,70,1,1,1.0,1000,7,1,true,54
729,2799,10311,1000,10311,41244.0,56433,70,1,1,1.0,1000,7,1,true,54
729,2800,10314,1000,10314,41256.0,56443,70,1,1,1.0,1000,7,1,true,54
729,2801,10318,1000,10318,41272.0,56466,70,1,1,1.0,1000,7,1,true,54
729,2802,10321,1000,10321,41284.0,56483,70,1,1,1.0,1000,6,1,true,54
729,2803,10325,1000,10325,41300.0,56509,70,1,1,1.0,1000,7,1,true,54
729,2804,10329,1000,10329,41316.0,56527,70,1,1,1.0,1000,7,1,true,54
729,2805,10333,1000,10333,41332.0,56550,70,1,1,1.0,1000,6,1,true,54
729,2806,10337,1000,10337,41348.0,56582,70,1,1,1.0,1000,7,1,true,54
729,2807,10341,1000,10341,41364.0,56603,70,1,1,1.0,1000,7,1,true,54
729,2808,10345,1000,10345,41380.0,56625,70,1,1,1.0,1000,7,1,true,54
729,2809,10348,1000,10348,41392.0,56637,70,1,1,1.0,1000,6,1,true,54
729,2810,10351,1000,10351,41404.0,56657,70,1,1,1.0,1000,6,1,true,54
729,2811,10355,1000,10355,41420.0,56680,70,1,1,1.0,1000,7,1,true,54
729,2812,10358,1000,10358,41432.0,56696,70,1,1,1.0,1000,6,1,true,54
729,2813,10361,1000,10361,41444.0,56720,70,1,1,1.0,1000,6,1,true,54
729,2814,10365,1000,10365,41460.0,56738,70,1,1,1.0,1000,7,1,true,54
729,2815,10369,1000,10369,41476.0,56759,70,1,1,1.0,1000,7,1,true,54
729,2816,10373,1000,10373,41492.0,56796,70,1,1,1.0,1000,7,1,true,54
729,2818,10381,1000,10381,41524.0,56837,70,1,1,1.0,1000,7,1,true,54
729,2818,10381,1000,10381,41524.0,56837,70,1,1,1.0,1000,7,1,true,54
729,2819,10384,1000,10384,41536.0,56848,70,1,1,1.0,1000,6,1,true,54
729,2820,10388,1000,10388,41552.0,56874,70,1,1,1.0,1000,7,1,true,54
729,2821,10392,1000,10392,41568.0,56897,70,1,1,1.0,1000,7,1,true,54
729,2822,10395,1000,10395,41580.0,56913,70,1,1,1.0,1000,7,1,true,54
729,2823,10398,1000,10398,41592.0,56931,70,1,1,1.0,1000,6,1,true,54
729,2824,10402,1000,10402,41608.0,56951,70,1,1,1.0,1000,7,1,true,54
729,2825,10405,1000,10405,41620.0,56967,70,1,1,1.0,1000,7,1,true,54
729,2826,10409,1000,10409,41636.0,56989,70,1,1,1.0,1000,6,1,true,54
729,2827,10413,1000,10413,41652.0,57007,70,1,1,1.0,1000,7,1,true,54
729,2828,10416,1000,10416,41664.0,57020,70,1,1,1.0,1000,6,1,true,54
729,2829,10421,1000,10421,41684.0,57044,70,1,1,1.0,1000,7,1,true,54
729,2830,10424,1000,10424,41696.0,57059,70,1,1,1.0,1000,6,1,true,54
729,2831,10428,1000,10428,41712.0,57076,70,1,1,1.0,1000,6,1,true,54
729,2832,10433,1000,10433,41732.0,57101,70,1,1,1.0,1000,7,1,true,54
729,2833,10437,1000,10437,41748.0,57130,70,1,1,1.0,1000,7,1,true,54
729,2834,10441,1000,10441,41764.0,57154,70,1,1,1.0,1000,7,1,true,54
729,2835,10444,1000,10444,41776.0,57171,70,1,1,1.0,1000,7,1,true,54
729,2836,10448,1000,10448,41792.0,57188,70,1,1,1.0,1000,7,1,true,54
729,2837,10452,1000,10452,41808.0,57216,70,1,1,1.0,1000,7,1,true,54
729,2838,10456,1000,10456,41824.0,57236,70,1,1,1.0,1000,7,1,true,54
729,2839,10460,1000,10460,41840.0,57270,70,1,1,1.0,1000,7,1,true,54
729,2840,10463,1000,10463,41852.0,57283,70,1,1,1.0,1000,6,1,true,54
729,2841,10466,1000,10466,41864.0,57300,70,1,1,1.0,1000,6,1,true,54
729,2842,10470,1000,10470,41880.0,57327,70,1,1,1.0,1000,6,1,true,54
729,2843,10474,1000,10474,41896.0,57346,70,1,1,1.0,1000,7,1,true,54
729,2844,10478,1000,10478,41912.0,57372,70,1,1,1.0,1000,7,1,true,54
729,2845,10482,1000,10482,41928.0,57398,70,1,1,1.0,1000,7,1,true,54
729,2846,10485,1000,10485,41940.0,57413,70,1,1,1.0,1000,6,1,true,54
729,2847,10489,1000,10489,41956.0,57433,70,1,1,1.0,1000,7,1,true,54
729,2848,10493,1000,10493,41972.0,57459,70,1,1,1.0,1000,7,1,true,54
729,2849,10497,1000,10497,41988.0,57484,70,1,1,1.0,1000,7,1,true,54
729,2850,10501,1000,10501,42004.0,57510,70,1,1,1.0,1000,7,1,true,54
729,2851,10505,1000,10505,42020.0,57537,70,1,1,1.0,1000,7,1,true,54
729,2852,10509,1000,10509,42036.0,57562,70,1,1,1.0,1000,7,1,true,54
729,2853,10512,1000,10512,42048.0,57578,70,1,1,1.0,1000,7,1,true,54
729,2854,10516,1000,10516,42064.0,57593,70,1,1,1.0,1000,7,1,true,54
729,2855,10520,1000,10520,42080.0,57613,70,1,1,1.0,1000,7,1,true,54
729,2856,10524,1000,10524,42096.0,57627,70,1,1,1.0,1000,7,1,true,54
729,2857,10528,1000,10528,42112.0,57646,70,1,1,1.0,1000,7,1,true,54
729,2858,10532,1000,10532,42128.0,57666,70,1,1,1.0,1000,7,1,true,54
729,2859,10536,1000,10536,42144.0,57681,70,1,1,1.0,1000,7,1,true,54
729,2860,10540,1000,10540,42160.0,57703,70,1,1,1.0,1000,7,1,true,54
729,2861,10544,1000,10544,42176.0,57722,70,1,1,1.0,1000,7,1,true,54
729,2862,10547,1000,10547,42188.0,57739,70,1,1,1.0,1000,6,1,true,54
729,2863,10551,1000,10551,42204.0,57762,70,1,1,1.0,1000,7,1,true,54
729,2864,10555,1000,10555,42220.0,57777,70,1,1,1.0,1000,7,1,true,54
729,2865,10559,1000,10559,42236.0,57799,70,1,1,1.0,1000,7,1,true,54
729,2866,10563,1000,10563,42252.0,57814,70,1,1,1.0,1000,7,1,true,54
729,2867,10567,1000,10567,42268.0,57839,70,1,1,1.0,1000,7,1,true,54
729,2868,10571,1000,10571,42284.0,57864,70,1,1,1.0,1000,7,1,true,54
729,2869,10575,1000,10575,42300.0,57892,70,1,1,1.0,1000,6,1,true,54
729,2870,10579,1000,10579,42316.0,57917,70,1,1,1.0,1000,7,1,true,54
729,2871,10583,1000,10583,42332.0,57941,70,1,1,1.0,1000,7,1,true,54
729,2872,10586,1000,10586,42344.0,57956,70,1,1,1.0,1000,6,1,true,54
729,2873,10590,1000,10590,42360.0,57977,70,1,1,1.0,1000,7,1,true,54
729,2874,10594,1000,10594,42376.0,58001,70,1,1,1.0,1000,7,1,true,54
729,2875,10597,1000,10597,42388.0,58018,70,1,1,1.0,1000,7,1,true,54
729,2876,10601,1000,10601,42404.0,58042,70,1,1,1.0,1000,6,1,true,54
729,2877,10604,1000,10604,42416.0,58056,70,1,1,1.0,1000,6,1,true,54
729,2878,10606,1000,10606,42424.0,58066,70,1,1,1.0,1000,6,1,true,54
729,2879,10610,1000,10610,42440.0,58083,70,1,1,1.0,1000,6,1,true,54
729,2880,10614,1000,10614,42456.0,58108,70,1,1,1.0,1000,7,1,true,54
729,2881,10618,1000,10618,42472.0,58133,70,1,1,1.0,1000,7,1,true,54
729,2882,10621,1000,10621,42484.0,58152,70,1,1,1.0,1000,6,1,true,54
729,2883,10624,1000,10624,42496.0,58161,70,1,1,1.0,1000,6,1,true,54
729,2884,10628,1000,10628,42512.0,58179,70,1,1,1.0,1000,7,1,true,54
729,2885,10632,1000,10632,42528.0,58200,70,1,1,1.0,1000,6,1,true,54
729,2886,10635,1000,10635,42540.0,58215,70,1,1,1.0,1000,6,1,true,54
729,2887,10638,1000,10638,42552.0,58226,70,1,1,1.0,1000,7,1,true,54
729,2888,10642,1000,10642,42568.0,58248,70,1,1,1.0,1000,7,1,true,54
729,2889,10646,1000,10646,42584.0,58270,70,1,1,1.0,1000,6,1,true,54
729,2890,10650,1000,10650,42600.0,58295,70,1,1,1.0,1000,7,1,true,54
729,2891,10654,1000,10654,42616.0,58314,70,1,1,1.0,1000,7,1,true,54
729,2892,10657,1000,10657,42628.0,58334,70,1,1,1.0,1000,6,1,true,54
729,2893,10661,1000,10661,42644.0,58350,70,1,1,1.0,1000,6,1,true,54
729,2894,10664,1000,10664,42656.0,58368,70,1,1,1.0,1000,6,1,true,54
729,2895,10668,1000,10668,42672.0,58387,70,1,1,1.0,1000,7,1,true,54
729,2896,10671,1000,10671,42684.0,58400,70,1,1,1.0,1000,6,1,true,54
729,2897,10675,1000,10675,42700.0,58418,70,1,1,1.0,1000,7,1,true,54
729,2898,10679,1000,10679,42716.0,58442,70,1,1,1.0,1000,7,1,true,54
729,2899,10682,1000,10682,42728.0,58451,70,1,1,1.0,1000,6,1,true,54
729,2900,10686,1000,10686,42744.0,58471,70,1,1,1.0,1000,7,1,true,54
729,2901,10689,1000,10689,42756.0,58487,70,1,1,1.0,1000,7,1,true,54
729,2902,10694,1000,10694,42776.0,58508,70,1,1,1.0,1000,7,1,true,54
729,2903,10697,1000,10697,42788.0,58519,70,1,1,1.0,1000,6,1,true,54
729,2904,10701,1000,10701,42804.0,58544,70,1,1,1.0,1000,7,1,true,54
729,2905,10704,1000,10704,42816.0,58558,70,1,1,1.0,1000,6,1,true,54
729,2906,10708,1000,10708,42832.0,58581,70,1,1,1.0,1000,7,1,true,54
729,2907,10712,1000,10712,42848.0,58606,70,1,1,1.0,1000,6,1,true,54
729,2908,10716,1000,10716,42864.0,58631,70,1,1,1.0,1000,7,1,true,54
729,2909,10720,1000,10720,42880.0,58648,70,1,1,1.0,1000,7,1,true,54
729,2910,10724,1000,10724,42896.0,58676,70,1,1,1.0,1000,6,1,true,54
729,2911,10728,1000,10728,42912.0,58686,70,1,1,1.0,1000,7,1,true,54
729,2912,10732,1000,10732,42928.0,58703,70,1,1,1.0,1000,7,1,true,54
729,2913,10736,1000,10736,42944.0,58727,70,1,1,1.0,1000,7,1,true,54
729,2914,10740,1000,10740,42960.0,58755,70,1,1,1.0,1000,7,1,true,54
729,2915,10744,1000,10744,42976.0,58781,70,1,1,1.0,1000,7,1,true,54
729,2916,10747,1000,10747,42988.0,58800,70,1,1,1.0,1000,7,1,true,54
729,2917,10750,1000,10750,43000.0,58819,70,1,1,1.0,1000,6,1,true,54
729,2918,10754,1000,10754,43016.0,58835,70,1,1,1.0,1000,7,1,true,54
729,2919,10758,1000,10758,43032.0,58857,70,1,1,1.0,1000,7,1,true,54
729,2920,10762,1000,10762,43048.0,58876,70,1,1,1.0,1000,7,1,true,54
729,2921,10766,1000,10766,43064.0,58893,70,1,1,1.0,1000,7,1,true,54
729,2922,10770,1000,10770,43080.0,58911,70,1,1,1.0,1000,7,1,true,54
729,2923,10774,1000,10774,43096.0,58932,70,1,1,1.0,1000,7,1,true,54
729,2924,10778,1000,10778,43112.0,58957,70,1,1,1.0,1000,7,1,true,54
729,2925,10781,1000,10781,43124.0,58968,70,1,1,1.0,1000,6,1,true,54
729,2926,10785,1000,10785,43140.0,58989,70,1,1,1.0,1000,7,1,true,54
729,2927,10788,1000,10788,43152.0,59006,70,1,1,1.0,1000,6,1,true,54
729,2928,10792,1000,10792,43168.0,59032,70,1,1,1.0,1000,7,1,true,54
729,2929,10794,1000,10794,43176.0,59044,70,1,1,1.0,1000,6,1,true,54
729,2930,10799,1000,10799,43196.0,59061,70,1,1,1.0,1000,7,1,true,54
729,2931,10803,1000,10803,43212.0,59090,70,1,1,1.0,1000,7,1,true,54
729,2932,10807,1000,10807,43228.0,59112,70,1,1,1.0,1000,6,1,true,54
729,2933,10811,1000,10811,43244.0,59141,70,1,1,1.0,1000,7,1,true,54
729,2934,10815,1000,10815,43260.0,59167,70,1,1,1.0,1000,7,1,true,54
729,2935,10819,1000,10819,43276.0,59181,70,1,1,1.0,1000,7,1,true,54
729,2936,10823,1000,10823,43292.0,59210,70,1,1,1.0,1000,6,1,true,54
729,2937,10826,1000,10826,43304.0,59228,70,1,1,1.0,1000,6,1,true,54
729,2938,10830,1000,10830,43320.0,59247,70,1,1,1.0,1000,7,1,true,54
729,2939,10834,1000,10834,43336.0,59270,70,1,1,1.0,1000,7,1,true,54
729,2940,10838,1000,10838,43352.0,59289,70,1,1,1.0,1000,7,1,true,54
729,2941,10841,1000,10841,43364.0,59310,70,1,1,1.0,1000,6,1,true,54
729,2942,10845,1000,10845,43380.0,59335,70,1,1,1.0,1000,7,1,true,54
729,2943,10849,1000,10849,43396.0,59355,70,1,1,1.0,1000,7,1,true,54
729,2944,10852,1000,10852,43408.0,59368,70,1,1,1.0,1000,7,1,true,54
729,2945,10856,1000,10856,43424.0,59391,70,1,1,1.0,1000,7,1,true,54
729,2946,10860,1000,10860,43440.0,59418,70,1,1,1.0,1000,7,1,true,54
729,2947,10863,1000,10863,43452.0,59435,70,1,1,1.0,1000,7,1,true,54
729,2948,10867,1000,10867,43468.0,59449,70,1,1,1.0,1000,7,1,true,54
729,2949,10871,1000,10871,43484.0,59471,70,1,1,1.0,1000,7,1,true,54
729,2950,10875,1000,10875,43500.0,59485,70,1,1,1.0,1000,7,1,true,54
729,2951,10879,1000,10879,43516.0,59500,70,1,1,1.0,1000,7,1,true,54
729,2952,10882,1000,10882,43528.0,59516,70,1,1,1.0,1000,6,1,true,54
729,2953,10885,1000,10885,43540.0,59543,70,1,1,1.0,1000,6,1,true,54
729,2954,10889,1000,10889,43556.0,59559,70,1,1,1.0,1000,7,1,true,54
729,2955,10893,1000,10893,43572.0,59587,70,1,1,1.0,1000,7,1,true,54
729,2956,10897,1000,10897,43588.0,59610,70,1,1,1.0,1000,7,1,true,54
729,2957,10901,1000,10901,43604.0,59641,70,1,1,1.0,1000,7,1,true,54
729,2958,10905,1000,10905,43620.0,59665,70,1,1,1.0,1000,7,1,true,54
729,2959,10909,1000,10909,43636.0,59690,70,1,1,1.0,1000,7,1,true,54
729,2960,10913,1000,10913,43652.0,59722,70,1,1,1.0,1000,7,1,true,54
729,2961,10917,1000,10917,43668.0,59740,70,1,1,1.0,1000,7,1,true,54
729,2962,10921,1000,10921,43684.0,59768,70,1,1,1.0,1000,7,1,true,54
729,2963,10924,1000,10924,43696.0,59788,70,1,1,1.0,1000,6,1,true,54
729,2964,10928,1000,10928,43712.0,59811,70,1,1,1.0,1000,7,1,true,54
729,2965,10932,1000,10932,43728.0,59844,70,1,1,1.0,1000,7,1,true,54
729,2966,10936,1000,10936,43744.0,59866,70,1,1,1.0,1000,7,1,true,54
729,2967,10939,1000,10939,43756.0,59883,70,1,1,1.0,1000,6,1,true,54
729,2968,10942,1000,10942,43768.0,59895,70,1,1,1.0,1000,7,1,true,54
729,2969,10946,1000,10946,43784.0,59910,70,1,1,1.0,1000,7,1,true,54
729,2970,10950,1000,10950,43800.0,59933,70,1,1,1.0,1000,7,1,true,54
729,2971,10953,1000,10953,43812.0,59948,70,1,1,1.0,1000,7,1,true,54
729,2972,10956,1000,10956,43824.0,59963,70,1,1,1.0,1000,6,1,true,54
729,2973,10960,1000,10960,43840.0,59996,70,1,1,1.0,1000,7,1,true,54
729,2974,10964,1000,10964,43856.0,60020,70,1,1,1.0,1000,7,1,true,54
729,2975,10968,1000,10968,43872.0,60043,70,1,1,1.0,1000,7,1,true,54
729,2976,10972,1000,10972,43888.0,60067,70,1,1,1.0,1000,7,1,true,54
729,2977,10975,1000,10975,43900.0,60087,70,1,1,1.0,1000,7,1,true,54
729,2978,10978,1000,10978,43912.0,60097,70,1,1,1.0,1000,6,1,true,54
729,2979,10982,1000,10982,43928.0,60114,70,1,1,1.0,1000,7,1,true,54
729,2980,10986,1000,10986,43944.0,60134,70,1,1,1.0,1000,7,1,true,54
729,2981,10990,1000,10990,43960.0,60154,70,1,1,1.0,1000,7,1,true,54
729,2982,10993,1000,10993,43972.0,60174,70,1,1,1.0,1000,6,1,true,54
729,2983,10996,1000,10996,43984.0,60182,70,1,1,1.0,1000,6,1,true,54
729,2984,11000,1000,11000,44000.0,60198,70,1,1,1.0,1000,7,1,true,54
729,2985,11003,1000,11003,44012.0,60207,70,1,1,1.0,1000,6,1,true,54
729,2986,11006,1000,11006,44024.0,60229,70,1,1,1.0,1000,6,1,true,54
729,2987,11010,1000,11010,44040.0,60248,70,1,1,1.0,1000,7,1,true,54
729,2988,11014,1000,11014,44056.0,60270,70,1,1,1.0,1000,7,1,true,54
729,2989,11018,1000,11018,44072.0,60291,70,1,1,1.0,1000,6,1,true,54
729,2990,11022,1000,11022,44088.0,60310,70,1,1,1.0,1000,7,1,true,54
729,2991,11025,1000,11025,44100.0,60323,70,1,1,1.0,1000,7,1,true,54
729,2992,11028,1000,11028,44112.0,60342,70,1,1,1.0,1000,6,1,true,54
729,2993,11031,1000,11031,44124.0,60364,70,1,1,1.0,1000,7,1,true,54
729,2994,11035,1000,11035,44140.0,60390,70,1,1,1.0,1000,7,1,true,54
729,2995,11039,1000,11039,44156.0,60415,70,1,1,1.0,1000,6,1,true,54
729,2996,11042,1000,11042,44168.0,60432,70,1,1,1.0,1000,7,1,true,54
729,2997,11046,1000,11046,44184.0,60454,70,1,1,1.0,1000,7,1,true,54
729,2998,11050,1000,11050,44200.0,60479,70,1,1,1.0,1000,6,1,true,54
729,2999,11054,1000,11054,44216.0,60502,70,1,1,1.0,1000,7,1,true,54
729,3000,11057,1000,11057,44228.0,60515,70,1,1,1.0,1000,6,1,true,54
729,3001,11060,1000,11060,44240.0,60524,70,1,1,1.0,1000,6,1,true,54
729,3002,11064,1000,11064,44256.0,60543,70,1,1,1.0,1000,7,1,true,54
729,3003,11068,1000,11068,44272.0,60566,70,1,1,1.0,1000,7,1,true,54
729,3004,11072,1000,11072,44288.0,60590,70,1,1,1.0,1000,7,1,true,54
729,3005,11076,1000,11076,44304.0,60608,70,1,1,1.0,1000,7,1,true,54
729,3006,11080,1000,11080,44320.0,60624,70,1,1,1.0,1000,7,1,true,54
729,3007,11084,1000,11084,44336.0,60651,70,1,1,1.0,1000,7,1,true,54
729,3008,11088,1000,11088,44352.0,60666,70,1,1,1.0,1000,7,1,true,54
729,3009,11092,1000,11092,44368.0,60677,70,1,1,1.0,1000,7,1,true,54
729,3010,11095,1000,11095,44380.0,60697,70,1,1,1.0,1000,7,1,true,54
729,3011,11099,1000,11099,44396.0,60726,70,1,1,1.0,1000,7,1,true,54
729,3012,11103,1000,11103,44412.0,60737,70,1,1,1.0,1000,7,1,true,54
729,3013,11107,1000,11107,44428.0,60755,70,1,1,1.0,1000,7,1,true,54
729,3014,11110,1000,11110,44440.0,60767,70,1,1,1.0,1000,6,1,true,54
729,3015,11114,1000,11114,44456.0,60787,70,1,1,1.0,1000,7,1,true,54
729,3016,11118,1000,11118,44472.0,60808,70,1,1,1.0,1000,7,1,true,54
729,3017,11122,1000,11122,44488.0,60830,70,1,1,1.0,1000,6,1,true,54
729,3018,11127,1000,11127,44508.0,60853,70,1,1,1.0,1000,7,1,true,54
729,3019,11130,1000,11130,44520.0,60866,70,1,1,1.0,1000,7,1,true,54
729,3020,11134,1000,11134,44536.0,60888,70,1,1,1.0,1000,7,1,true,54
729,3021,11138,1000,11138,44552.0,60904,70,1,1,1.0,1000,7,1,true,54
729,3022,11142,1000,11142,44568.0,60930,70,1,1,1.0,1000,7,1,true,54
729,3023,11146,1000,11146,44584.0,60950,70,1,1,1.0,1000,7,1,true,54
729,3024,11150,1000,11150,44600.0,60976,70,1,1,1.0,1000,7,1,true,54
729,3025,11154,1000,11154,44616.0,61006,70,1,1,1.0,1000,7,1,true,54
729,3026,11158,1000,11158,44632.0,61028,70,1,1,1.0,1000,7,1,true,54
729,3028,11165,1000,11165,44660.0,61059,70,1,1,1.0,1000,6,1,true,54
729,3028,11165,1000,11165,44660.0,61059,70,1,1,1.0,1000,7,1,true,54
729,3029,11169,1000,11169,44676.0,61079,70,1,1,1.0,1000,7,1,true,54
729,3030,11173,1000,11173,44692.0,61106,70,1,1,1.0,1000,7,1,true,54
729,3031,11177,1000,11177,44708.0,61130,70,1,1,1.0,1000,7,1,true,54
729,3032,11181,1000,11181,44724.0,61150,70,1,1,1.0,1000,7,1,true,54
729,3033,11184,1000,11184,44736.0,61157,70,1,1,1.0,1000,6,1,true,54
729,3034,11187,1000,11187,44748.0,61167,70,1,1,1.0,1000,6,1,true,54
729,3035,11190,1000,11190,44760.0,61187,70,1,1,1.0,1000,6,1,true,54
729,3036,11194,1000,11194,44776.0,61212,70,1,1,1.0,1000,6,1,true,54
729,3037,11198,1000,11198,44792.0,61228,70,1,1,1.0,1000,7,1,true,54
729,3038,11202,1000,11202,44808.0,61247,70,1,1,1.0,1000,7,1,true,54
729,3039,11205,1000,11205,44820.0,61269,70,1,1,1.0,1000,6,1,true,54
729,3040,11208,1000,11208,44832.0,61283,70,1,1,1.0,1000,7,1,true,54
729,3041,11212,1000,11212,44848.0,61301,70,1,1,1.0,1000,7,1,true,54
729,3042,11216,1000,11216,44864.0,61320,70,1,1,1.0,1000,7,1,true,54
729,3043,11219,1000,11219,44876.0,61344,70,1,1,1.0,1000,7,1,true,54
729,3044,11223,1000,11223,44892.0,61365,70,1,1,1.0,1000,7,1,true,54
729,3045,11227,1000,11227,44908.0,61382,70,1,1,1.0,1000,7,1,true,54
729,3046,11231,1000,11231,44924.0,61410,70,1,1,1.0,1000,7,1,true,54
729,3047,11234,1000,11234,44936.0,61431,70,1,1,1.0,1000,6,1,true,54
729,3048,11238,1000,11238,44952.0,61451,70,1,1,1.0,1000,7,1,true,54
729,3049,11242,1000,11242,44968.0,61480,70,1,1,1.0,1000,7,1,true,54
729,3050,11246,1000,11246,44984.0,61504,70,1,1,1.0,1000,7,1,true,54
729,3051,11250,1000,11250,45000.0,61523,70,1,1,1.0,1000,7,1,true,54
729,3052,11254,1000,11254,45016.0,61543,70,1,1,1.0,1000,7,1,true,54
729,3053,11257,1000,11257,45028.0,61561,70,1,1,1.0,1000,7,1,true,54
729,3054,11261,1000,11261,45044.0,61584,70,1,1,1.0,1000,7,1,true,54
729,3055,11264,1000,11264,45056.0,61602,70,1,1,1.0,1000,6,1,true,54
729,3056,11267,1000,11267,45068.0,61614,70,1,1,1.0,1000,6,1,true,54
729,3057,11270,1000,11270,45080.0,61633,70,1,1,1.0,1000,6,1,true,54
729,3058,11274,1000,11274,45096.0,61655,70,1,1,1.0,1000,7,1,true,54
729,3059,11277,1000,11277,45108.0,61677,70,1,1,1.0,1000,6,1,true,54
729,3060,11281,1000,11281,45124.0,61703,70,1,1,1.0,1000,7,1,true,54
729,3061,11285,1000,11285,45140.0,61723,70,1,1,1.0,1000,7,1,true,54
729,3062,11289,1000,11289,45156.0,61740,70,1,1,1.0,1000,7,1,true,54
729,3063,11293,1000,11293,45172.0,61761,70,1,1,1.0,1000,6,1,true,54
729,3064,11297,1000,11297,45188.0,61787,70,1,1,1.0,1000,7,1,true,54
729,3065,11301,1000,11301,45204.0,61809,70,1,1,1.0,1000,7,1,true,54
729,3066,11305,1000,11305,45220.0,61829,70,1,1,1.0,1000,7,1,true,54
729,3067,11309,1000,11309,45236.0,61857,70,1,1,1.0,1000,7,1,true,54
729,3068,11312,1000,11312,45248.0,61869,70,1,1,1.0,1000,6,1,true,54
729,3069,11316,1000,11316,45264.0,61888,70,1,1,1.0,1000,7,1,true,54
729,3070,11320,1000,11320,45280.0,61917,70,1,1,1.0,1000,7,1,true,54
729,3071,11324,1000,11324,45296.0,61939,70,1,1,1.0,1000,7,1,true,54
729,3072,11328,1000,11328,45312.0,61960,70,1,1,1.0,1000,7,1,true,54
729,3073,11332,1000,11332,45328.0,61986,70,1,1,1.0,1000,7,1,true,54
729,3074,11335,1000,11335,45340.0,62003,70,1,1,1.0,1000,6,1,true,54
729,3075,11338,1000,11338,45352.0,62023,70,1,1,1.0,1000,6,1,true,54
729,3076,11342,1000,11342,45368.0,62043,70,1,1,1.0,1000,7,1,true,54
729,3077,11346,1000,11346,45384.0,62064,70,1,1,1.0,1000,7,1,true,54
729,3078,11349,1000,11349,45396.0,62079,70,1,1,1.0,1000,7,1,true,54
729,3079,11353,1000,11353,45412.0,62098,70,1,1,1.0,1000,7,1,true,54
729,3080,11357,1000,11357,45428.0,62120,70,1,1,1.0,1000,7,1,true,54
729,3081,11361,1000,11361,45444.0,62151,70,1,1,1.0,1000,7,1,true,54
729,3082,11365,1000,11365,45460.0,62167,70,1,1,1.0,1000,7,1,true,54
729,3083,11368,1000,11368,45472.0,62189,70,1,1,1.0,1000,6,1,true,54
729,3084,11372,1000,11372,45488.0,62214,70,1,1,1.0,1000,7,1,true,54
729,3085,11376,1000,11376,45504.0,62240,70,1,1,1.0,1000,7,1,true,54
729,3086,11380,1000,11380,45520.0,62261,70,1,1,1.0,1000,7,1,true,54
729,3087,11383,1000,11383,45532.0,62282,70,1,1,1.0,1000,6,1,true,54
729,3088,11387,1000,11387,45548.0,62314,70,1,1,1.0,1000,7,1,true,54
729,3089,11391,1000,11391,45564.0,62344,70,1,1,1.0,1000,7,1,true,54
729,3090,11395,1000,11395,45580.0,62364,70,1,1,1.0,1000,7,1,true,54
729,3091,11399,1000,11399,45596.0,62380,70,1,1,1.0,1000,7,1,true,54
729,3092,11402,1000,11402,45608.0,62399,70,1,1,1.0,1000,7,1,true,54
729,3093,11406,1000,11406,45624.0,62423,70,1,1,1.0,1000,6,1,true,54
729,3094,11410,1000,11410,45640.0,62445,70,1,1,1.0,1000,6,1,true,54
729,3095,11413,1000,11413,45652.0,62456,70,1,1,1.0,1000,6,1,true,54
729,3096,11417,1000,11417,45668.0,62478,70,1,1,1.0,1000,6,1,true,54
729,3097,11421,1000,11421,45684.0,62497,70,1,1,1.0,1000,7,1,true,54
729,3098,11425,1000,11425,45700.0,62519,70,1,1,1.0,1000,7,1,true,54
729,3099,11429,1000,11429,45716.0,62551,70,1,1,1.0,1000,7,1,true,54
729,3100,11433,1000,11433,45732.0,62571,70,1,1,1.0,1000,7,1,true,54
729,3101,11437,1000,11437,45748.0,62588,70,1,1,1.0,1000,7,1,true,54
729,3102,11441,1000,11441,45764.0,62611,70,1,1,1.0,1000,6,1,true,54
729,3103,11444,1000,11444,45776.0,62626,70,1,1,1.0,1000,6,1,true,54
729,3104,11448,1000,11448,45792.0,62646,70,1,1,1.0,1000,7,1,true,54
729,3105,11452,1000,11452,45808.0,62673,70,1,1,1.0,1000,7,1,true,54
729,3106,11455,1000,11455,45820.0,62685,70,1,1,1.0,1000,6,1,true,54
729,3107,11459,1000,11459,45836.0,62704,70,1,1,1.0,1000,7,1,true,54
729,3108,11463,1000,11463,45852.0,62725,70,1,1,1.0,1000,7,1,true,54
729,3109,11467,1000,11467,45868.0,62739,70,1,1,1.0,1000,7,1,true,54
729,3110,11471,1000,11471,45884.0,62763,70,1,1,1.0,1000,7,1,true,54
729,3111,11474,1000,11474,45896.0,62781,70,1,1,1.0,1000,6,1,true,54
729,3112,11477,1000,11477,45908.0,62801,70,1,1,1.0,1000,6,1,true,54
729,3113,11480,1000,11480,45920.0,62815,70,1,1,1.0,1000,6,1,true,54
729,3114,11484,1000,11484,45936.0,62837,70,1,1,1.0,1000,6,1,true,54
729,3115,11488,1000,11488,45952.0,62853,70,1,1,1.0,1000,7,1,true,54
729,3116,11492,1000,11492,45968.0,62877,70,1,1,1.0,1000,7,1,true,54
729,3117,11496,1000,11496,45984.0,62900,70,1,1,1.0,1000,7,1,true,54
729,3118,11500,1000,11500,46000.0,62927,70,1,1,1.0,1000,7,1,true,54
729,3119,11504,1000,11504,46016.0,62950,70,1,1,1.0,1000,7,1,true,54
729,3120,11508,1000,11508,46032.0,62975,70,1,1,1.0,1000,7,1,true,54
729,3121,11512,1000,11512,46048.0,62994,70,1,1,1.0,1000,7,1,true,54
729,3122,11515,1000,11515,46060.0,63007,70,1,1,1.0,1000,6,1,true,54
729,3123,11519,1000,11519,46076.0,63025,70,1,1,1.0,1000,7,1,true,54
729,3124,11523,1000,11523,46092.0,63046,70,1,1,1.0,1000,7,1,true,54
729,3125,11527,1000,11527,46108.0,63068,70,1,1,1.0,1000,7,1,true,54
729,3126,11531,1000,11531,46124.0,63097,70,1,1,1.0,1000,7,1,true,54
729,3127,11535,1000,11535,46140.0,63125,70,1,1,1.0,1000,7,1,true,54
729,3128,11539,1000,11539,46156.0,63145,70,1,1,1.0,1000,7,1,true,54
729,3129,11543,1000,11543,46172.0,63169,70,1,1,1.0,1000,7,1,true,54
729,3130,11547,1000,11547,46188.0,63195,70,1,1,1.0,1000,7,1,true,54
729,3131,11550,1000,11550,46200.0,63216,70,1,1,1.0,1000,6,1,true,54
729,3132,11554,1000,11554,46216.0,63238,70,1,1,1.0,1000,7,1,true,54
729,3133,11558,1000,11558,46232.0,63256,70,1,1,1.0,1000,7,1,true,54
729,3134,11562,1000,11562,46248.0,63274,70,1,1,1.0,1000,7,1,true,54
729,3135,11566,1000,11566,46264.0,63296,70,1,1,1.0,1000,6,1,true,54
729,3136,11569,1000,11569,46276.0,63312,70,1,1,1.0,1000,6,1,true,54
729,3137,11573,1000,11573,46292.0,63331,70,1,1,1.0,1000,7,1,true,54
729,3138,11577,1000,11577,46308.0,63356,70,1,1,1.0,1000,7,1,true,54
729,3139,11581,1000,11581,46324.0,63375,70,1,1,1.0,1000,7,1,true,54
729,3140,11584,1000,11584,46336.0,63381,70,1,1,1.0,1000,7,1,true,54
729,3141,11587,1000,11587,46348.0,63399,70,1,1,1.0,1000,6,1,true,54
729,3142,11591,1000,11591,46364.0,63425,70,1,1,1.0,1000,7,1,true,54
729,3143,11595,1000,11595,46380.0,63440,70,1,1,1.0,1000,7,1,true,54
729,3144,11598,1000,11598,46392.0,63452,70,1,1,1.0,1000,6,1,true,54
729,3145,11602,1000,11602,46408.0,63471,70,1,1,1.0,1000,7,1,true,54
729,3146,11606,1000,11606,46424.0,63494,70,1,1,1.0,1000,7,1,true,54
729,3147,11610,1000,11610,46440.0,63512,70,1,1,1.0,1000,7,1,true,54
729,3148,11613,1000,11613,46452.0,63525,70,1,1,1.0,1000,6,1,true,54
729,3149,11617,1000,11617,46468.0,63553,70,1,1,1.0,1000,7,1,true,54
729,3150,11621,1000,11621,46484.0,63579,70,1,1,1.0,1000,7,1,true,54
729,3151,11625,1000,11625,46500.0,63598,70,1,1,1.0,1000,7,1,true,54
729,3152,11628,1000,11628,46512.0,63619,70,1,1,1.0,1000,6,1,true,54
729,3153,11632,1000,11632,46528.0,63640,70,1,1,1.0,1000,7,1,true,54
729,3154,11636,1000,11636,46544.0,63660,70,1,1,1.0,1000,7,1,true,54
729,3155,11639,1000,11639,46556.0,63674,70,1,1,1.0,1000,6,1,true,54
729,3157,11646,1000,11646,46584.0,63724,70,1,1,1.0,1000,6,1,true,54
729,3157,11646,1000,11646,46584.0,63724,70,1,1,1.0,1000,7,1,true,54
729,3158,11650,1000,11650,46600.0,63744,70,1,1,1.0,1000,7,1,true,54
729,3159,11654,1000,11654,46616.0,63770,70,1,1,1.0,1000,7,1,true,54
729,3160,11658,1000,11658,46632.0,63794,70,1,1,1.0,1000,7,1,true,54
729,3161,11662,1000,11662,46648.0,63815,70,1,1,1.0,1000,7,1,true,54
729,3163,11670,1000,11670,46680.0,63869,70,1,1,1.0,1000,7,1,true,54
729,3164,11674,1000,11674,46696.0,63890,70,1,1,1.0,1000,7,1,true,54
729,3164,11674,1000,11674,46696.0,63890,70,1,1,1.0,1000,7,1,true,54
729,3165,11678,1000,11678,46712.0,63910,70,1,1,1.0,1000,7,1,true,54
729,3166,11681,1000,11681,46724.0,63932,70,1,1,1.0,1000,6,1,true,54
729,3167,11685,1000,11685,46740.0,63958,70,1,1,1.0,1000,7,1,true,54
729,3168,11689,1000,11689,46756.0,63982,70,1,1,1.0,1000,7,1,true,54
729,3169,11692,1000,11692,46768.0,63999,70,1,1,1.0,1000,6,1,true,54
729,3170,11696,1000,11696,46784.0,64020,70,1,1,1.0,1000,7,1,true,54
729,3171,11699,1000,11699,46796.0,64035,70,1,1,1.0,1000,7,1,true,54
729,3172,11703,1000,11703,46812.0,64058,70,1,1,1.0,1000,7,1,true,54
729,3173,11707,1000,11707,46828.0,64079,70,1,1,1.0,1000,7,1,true,54
729,3174,11710,1000,11710,46840.0,64094,70,1,1,1.0,1000,6,1,true,54
729,3175,11714,1000,11714,46856.0,64113,70,1,1,1.0,1000,7,1,true,54
729,3176,11717,1000,11717,46868.0,64134,70,1,1,1.0,1000,7,1,true,54
729,3177,11721,1000,11721,46884.0,64158,70,1,1,1.0,1000,7,1,true,54
729,3178,11725,1000,11725,46900.0,64183,70,1,1,1.0,1000,7,1,true,54
729,3179,11729,1000,11729,46916.0,64203,70,1,1,1.0,1000,7,1,true,54
729,3180,11732,1000,11732,46928.0,64219,70,1,1,1.0,1000,6,1,true,54
729,3181,11736,1000,11736,46944.0,64241,70,1,1,1.0,1000,7,1,true,54
729,3182,11740,1000,11740,46960.0,64268,70,1,1,1.0,1000,7,1,true,54
729,3183,11744,1000,11744,46976.0,64284,70,1,1,1.0,1000,7,1,true,54
729,3184,11748,1000,11748,46992.0,64307,70,1,1,1.0,1000,7,1,true,54
729,3185,11751,1000,11751,47004.0,64320,70,1,1,1.0,1000,7,1,true,54
729,3186,11755,1000,11755,47020.0,64339,70,1,1,1.0,1000,7,1,true,54
729,3187,11758,1000,11758,47032.0,64362,70,1,1,1.0,1000,6,1,true,54
729,3188,11762,1000,11762,47048.0,64384,70,1,1,1.0,1000,7,1,true,54
729,3189,11766,1000,11766,47064.0,64409,70,1,1,1.0,1000,7,1,true,54
729,3190,11770,1000,11770,47080.0,64434,70,1,1,1.0,1000,7,1,true,54
729,3191,11774,1000,11774,47096.0,64459,70,1,1,1.0,1000,7,1,true,54
729,3192,11777,1000,11777,47108.0,64477,70,1,1,1.0,1000,6,1,true,54
729,3193,11781,1000,11781,47124.0,64505,70,1,1,1.0,1000,7,1,true,54
729,3194,11785,1000,11785,47140.0,64524,70,1,1,1.0,1000,7,1,true,54
729,3195,11788,1000,11788,47152.0,64540,70,1,1,1.0,1000,7,1,true,54
729,3196,11791,1000,11791,47164.0,64556,70,1,1,1.0,1000,7,1,true,54
729,3197,11794,1000,11794,47176.0,64578,70,1,1,1.0,1000,7,1,true,54
729,3198,11798,1000,11798,47192.0,64592,70,1,1,1.0,1000,6,1,true,54
729,3199,11802,1000,11802,47208.0,64614,70,1,1,1.0,1000,7,1,true,54
729,3200,11806,1000,11806,47224.0,64638,70,1,1,1.0,1000,7,1,true,54
729,3201,11809,1000,11809,47236.0,64656,70,1,1,1.0,1000,6,1,true,54
729,3202,11813,1000,11813,47252.0,64677,70,1,1,1.0,1000,7,1,true,54
729,3203,11817,1000,11817,47268.0,64699,70,1,1,1.0,1000,7,1,true,54
729,3204,11821,1000,11821,47284.0,64720,70,1,1,1.0,1000,7,1,true,54
729,3205,11825,1000,11825,47300.0,64748,70,1,1,1.0,1000,7,1,true,54
729,3206,11828,1000,11828,47312.0,64764,70,1,1,1.0,1000,6,1,true,54
729,3207,11832,1000,11832,47328.0,64784,70,1,1,1.0,1000,7,1,true,54
729,3208,11835,1000,11835,47340.0,64799,70,1,1,1.0,1000,6,1,true,54
729,3209,11839,1000,11839,47356.0,64820,70,1,1,1.0,1000,7,1,true,54
729,3210,11842,1000,11842,47368.0,64837,70,1,1,1.0,1000,6,1,true,54
729,3211,11846,1000,11846,47384.0,64855,70,1,1,1.0,1000,6,1,true,54
729,3212,11849,1000,11849,47396.0,64871,70,1,1,1.0,1000,6,1,true,54
729,3213,11852,1000,11852,47408.0,64884,70,1,1,1.0,1000,7,1,true,54
729,3214,11855,1000,11855,47420.0,64899,70,1,1,1.0,1000,6,1,true,54
729,3215,11858,1000,11858,47432.0,64911,70,1,1,1.0,1000,6,1,true,54
729,3216,11861,1000,11861,47444.0,64932,70,1,1,1.0,1000,6,1,true,54
729,3217,11865,1000,11865,47460.0,64950,70,1,1,1.0,1000,7,1,true,54
729,3218,11869,1000,11869,47476.0,64971,70,1,1,1.0,1000,7,1,true,54
729,3219,11873,1000,11873,47492.0,64990,70,1,1,1.0,1000,7,1,true,54
729,3220,11877,1000,11877,47508.0,65012,70,1,1,1.0,1000,7,1,true,54
729,3221,11881,1000,11881,47524.0,65029,70,1,1,1.0,1000,7,1,true,54
729,3222,11885,1000,11885,47540.0,65050,70,1,1,1.0,1000,6,1,true,54
729,3223,11888,1000,11888,47552.0,65063,70,1,1,1.0,1000,6,1,true,54
729,3224,11892,1000,11892,47568.0,65081,70,1,1,1.0,1000,7,1,true,54
729,3225,11896,1000,11896,47584.0,65099,70,1,1,1.0,1000,6,1,true,54
729,3226,11900,1000,11900,47600.0,65124,70,1,1,1.0,1000,7,1,true,54
729,3227,11903,1000,11903,47612.0,65139,70,1,1,1.0,1000,6,1,true,54
729,3228,11907,1000,11907,47628.0,65158,70,1,1,1.0,1000,7,1,true,54
729,3229,11910,1000,11910,47640.0,65171,70,1,1,1.0,1000,7,1,true,54
729,3230,11913,1000,11913,47652.0,65190,70,1,1,1.0,1000,7,1,true,54
729,3231,11917,1000,11917,47668.0,65215,70,1,1,1.0,1000,7,1,true,54
729,3232,11921,1000,11921,47684.0,65236,70,1,1,1.0,1000,7,1,true,54
729,3233,11925,1000,11925,47700.0,65266,70,1,1,1.0,1000,7,1,true,54
729,3234,11929,1000,11929,47716.0,65287,70,1,1,1.0,1000,7,1,true,54
729,3235,11933,1000,11933,47732.0,65301,70,1,1,1.0,1000,7,1,true,54
729,3236,11936,1000,11936,47744.0,65315,70,1,1,1.0,1000,7,1,true,54
729,3237,11939,1000,11939,47756.0,65332,70,1,1,1.0,1000,6,1,true,54
729,3238,11943,1000,11943,47772.0,65362,70,1,1,1.0,1000,7,1,true,54
729,3239,11947,1000,11947,47788.0,65390,70,1,1,1.0,1000,7,1,true,54
729,3240,11951,1000,11951,47804.0,65407,70,1,1,1.0,1000,7,1,true,54
729,3241,11955,1000,11955,47820.0,65428,70,1,1,1.0,1000,7,1,true,54
729,3242,11958,1000,11958,47832.0,65443,70,1,1,1.0,1000,6,1,true,54
729,3243,11962,1000,11962,47848.0,65462,70,1,1,1.0,1000,7,1,true,54
729,3244,11965,1000,11965,47860.0,65477,70,1,1,1.0,1000,6,1,true,54
729,3245,11969,1000,11969,47876.0,65505,70,1,1,1.0,1000,7,1,true,54
729,3246,11973,1000,11973,47892.0,65530,70,1,1,1.0,1000,7,1,true,54
729,3247,11977,1000,11977,47908.0,65547,70,1,1,1.0,1000,7,1,true,54
729,3248,11981,1000,11981,47924.0,65570,70,1,1,1.0,1000,7,1,true,54
729,3249,11985,1000,11985,47940.0,65594,70,1,1,1.0,1000,7,1,true,54
729,3250,11989,1000,11989,47956.0,65613,70,1,1,1.0,1000,7,1,true,54
729,3251,11992,1000,11992,47968.0,65628,70,1,1,1.0,1000,7,1,true,54
729,3252,11995,1000,11995,47980.0,65644,70,1,1,1.0,1000,6,1,true,54
729,3253,11999,1000,11999,47996.0,65660,70,1,1,1.0,1000,7,1,true,54
729,3254,12003,1000,12003,48012.0,65682,70,1,1,1.0,1000,7,1,true,54
729,3255,12007,1000,12007,48028.0,65701,70,1,1,1.0,1000,7,1,true,54
729,3256,12011,1000,12011,48044.0,65721,70,1,1,1.0,1000,7,1,true,54
729,3257,12015,1000,12015,48060.0,65748,70,1,1,1.0,1000,7,1,true,54
729,3258,12019,1000,12019,48076.0,65768,70,1,1,1.0,1000,7,1,true,54
729,3259,12023,1000,12023,48092.0,65792,70,1,1,1.0,1000,7,1,true,54
729,3260,12027,1000,12027,48108.0,65811,70,1,1,1.0,1000,7,1,true,54
729,3261,12030,1000,12030,48120.0,65826,70,1,1,1.0,1000,6,1,true,54
729,3262,12033,1000,12033,48132.0,65838,70,1,1,1.0,1000,6,1,true,54
729,3263,12036,1000,12036,48144.0,65856,70,1,1,1.0,1000,7,1,true,54
729,3264,12040,1000,12040,48160.0,65881,70,1,1,1.0,1000,7,1,true,54
729,3265,12044,1000,12044,48176.0,65901,70,1,1,1.0,1000,7,1,true,54
729,3266,12048,1000,12048,48192.0,65917,70,1,1,1.0,1000,7,1,true,54
729,3267,12051,1000,12051,48204.0,65936,70,1,1,1.0,1000,6,1,true,54
729,3268,12055,1000,12055,48220.0,65957,70,1,1,1.0,1000,7,1,true,54
729,3269,12058,1000,12058,48232.0,65978,70,1,1,1.0,1000,7,1,true,54
729,3270,12062,1000,12062,48248.0,65993,70,1,1,1.0,1000,7,1,true,54
729,3271,12066,1000,12066,48264.0,66021,70,1,1,1.0,1000,7,1,true,54
729,3272,12070,1000,12070,48280.0,66046,70,1,1,1.0,1000,7,1,true,54
729,3273,12074,1000,12074,48296.0,66071,70,1,1,1.0,1000,7,1,true,54
729,3274,12077,1000,12077,48308.0,66089,70,1,1,1.0,1000,6,1,true,54
729,3275,12080,1000,12080,48320.0,66109,70,1,1,1.0,1000,7,1,true,54
729,3276,12084,1000,12084,48336.0,66133,70,1,1,1.0,1000,7,1,true,54
729,3277,12088,1000,12088,48352.0,66158,70,1,1,1.0,1000,7,1,true,54
729,3278,12091,1000,12091,48364.0,66167,70,1,1,1.0,1000,6,1,true,54
729,3279,12094,1000,12094,48376.0,66183,70,1,1,1.0,1000,7,1,true,54
729,3280,12098,1000,12098,48392.0,66206,70,1,1,1.0,1000,7,1,true,54
729,3281,12102,1000,12102,48408.0,66222,70,1,1,1.0,1000,7,1,true,54
729,3282,12104,1000,12104,48416.0,66229,70,1,1,1.0,1000,7,1,true,54
729,3283,12108,1000,12108,48432.0,66259,70,1,1,1.0,1000,7,1,true,54
729,3284,12112,1000,12112,48448.0,66276,70,1,1,1.0,1000,6,1,true,54
729,3285,12115,1000,12115,48460.0,66287,70,1,1,1.0,1000,6,1,true,54
729,3286,12118,1000,12118,48472.0,66308,70,1,1,1.0,1000,6,1,true,54
729,3287,12122,1000,12122,48488.0,66334,70,1,1,1.0,1000,7,1,true,54
729,3288,12126,1000,12126,48504.0,66354,70,1,1,1.0,1000,7,1,true,54
729,3289,12129,1000,12129,48516.0,66367,70,1,1,1.0,1000,6,1,true,54
729,3290,12133,1000,12133,48532.0,66391,70,1,1,1.0,1000,7,1,true,54
729,3291,12137,1000,12137,48548.0,66408,70,1,1,1.0,1000,7,1,true,54
729,3292,12140,1000,12140,48560.0,66430,70,1,1,1.0,1000,6,1,true,54
729,3293,12144,1000,12144,48576.0,66452,70,1,1,1.0,1000,6,1,true,54
729,3294,12147,1000,12147,48588.0,66470,70,1,1,1.0,1000,6,1,true,54
729,3295,12151,1000,12151,48604.0,66504,70,1,1,1.0,1000,7,1,true,54
729,3296,12155,1000,12155,48620.0,66525,70,1,1,1.0,1000,6,1,true,54
729,3297,12159,1000,12159,48636.0,66544,70,1,1,1.0,1000,7,1,true,54
729,3298,12163,1000,12163,48652.0,66572,70,1,1,1.0,1000,7,1,true,54
729,3299,12167,1000,12167,48668.0,66592,70,1,1,1.0,1000,7,1,true,54
729,3300,12171,1000,12171,48684.0,66618,70,1,1,1.0,1000,7,1,true,54
729,3301,12175,1000,12175,48700.0,66646,70,1,1,1.0,1000,7,1,true,54
729,3302,12179,1000,12179,48716.0,66670,70,1,1,1.0,1000,7,1,true,54
729,3303,12182,1000,12182,48728.0,66680,70,1,1,1.0,1000,6,1,true,54
729,3304,12185,1000,12185,48740.0,66695,70,1,1,1.0,1000,7,1,true,54
729,3305,12189,1000,12189,48756.0,66722,70,1,1,1.0,1000,7,1,true,54
729,3306,12193,1000,12193,48772.0,66739,70,1,1,1.0,1000,7,1,true,54
729,3307,12196,1000,12196,48784.0,66761,70,1,1,1.0,1000,7,1,true,54
729,3308,12200,1000,12200,48800.0,66795,70,1,1,1.0,1000,7,1,true,54
729,3309,12204,1000,12204,48816.0,66818,70,1,1,1.0,1000,6,1,true,54
729,3310,12207,1000,12207,48828.0,66834,70,1,1,1.0,1000,6,1,true,54
729,3311,12210,1000,12210,48840.0,66839,70,1,1,1.0,1000,7,1,true,54
729,3312,12214,1000,12214,48856.0,66856,70,1,1,1.0,1000,7,1,true,54
729,3313,12218,1000,12218,48872.0,66881,70,1,1,1.0,1000,7,1,true,54
729,3314,12222,1000,12222,48888.0,66907,70,1,1,1.0,1000,7,1,true,54
729,3315,12226,1000,12226,48904.0,66922,70,1,1,1.0,1000,7,1,true,54
729,3316,12230,1000,12230,48920.0,66946,70,1,1,1.0,1000,7,1,true,54
729,3317,12234,1000,12234,48936.0,66968,70,1,1,1.0,1000,7,1,true,54
729,3318,12237,1000,12237,48948.0,66987,70,1,1,1.0,1000,6,1,true,54
729,3319,12240,1000,12240,48960.0,67000,70,1,1,1.0,1000,6,1,true,54
729,3320,12243,1000,12243,48972.0,67019,70,1,1,1.0,1000,6,1,true,54
729,3321,12246,1000,12246,48984.0,67036,70,1,1,1.0,1000,7,1,true,54
729,3322,12250,1000,12250,49000.0,67052,70,1,1,1.0,1000,7,1,true,54
729,3323,12254,1000,12254,49016.0,67074,70,1,1,1.0,1000,6,1,true,54
729,3324,12257,1000,12257,49028.0,67095,70,1,1,1.0,1000,6,1,true,54
729,3325,12261,1000,12261,49044.0,67111,70,1,1,1.0,1000,7,1,true,54
729,3326,12265,1000,12265,49060.0,67137,70,1,1,1.0,1000,7,1,true,54
729,3327,12269,1000,12269,49076.0,67161,70,1,1,1.0,1000,7,1,true,54
729,3328,12273,1000,12273,49092.0,67185,70,1,1,1.0,1000,7,1,true,54
729,3329,12277,1000,12277,49108.0,67210,70,1,1,1.0,1000,7,1,true,54
729,3330,12281,1000,12281,49124.0,67232,70,1,1,1.0,1000,7,1,true,54
729,3331,12285,1000,12285,49140.0,67254,70,1,1,1.0,1000,7,1,true,54
729,3332,12289,1000,12289,49156.0,67283,70,1,1,1.0,1000,7,1,true,54
729,3333,12293,1000,12293,49172.0,67304,70,1,1,1.0,1000,7,1,true,54
729,3334,12297,1000,12297,49188.0,67327,70,1,1,1.0,1000,7,1,true,54
729,3335,12301,1000,12301,49204.0,67342,70,1,1,1.0,1000,7,1,true,54
729,3336,12305,1000,12305,49220.0,67366,70,1,1,1.0,1000,7,1,true,54
729,3337,12309,1000,12309,49236.0,67390,70,1,1,1.0,1000,7,1,true,54
729,3338,12313,1000,12313,49252.0,67403,70,1,1,1.0,1000,7,1,true,54
729,3339,12316,1000,12316,49264.0,67420,70,1,1,1.0,1000,6,1,true,54
729,3340,12319,1000,12319,49276.0,67437,70,1,1,1.0,1000,7,1,true,54
729,3341,12322,1000,12322,49288.0,67452,70,1,1,1.0,1000,7,1,true,54
729,3342,12325,1000,12325,49300.0,67470,70,1,1,1.0,1000,7,1,true,54
729,3343,12329,1000,12329,49316.0,67491,70,1,1,1.0,1000,7,1,true,54
729,3344,12332,1000,12332,49328.0,67508,70,1,1,1.0,1000,6,1,true,54
729,3345,12336,1000,12336,49344.0,67532,70,1,1,1.0,1000,7,1,true,54
729,3347,12344,1000,12344,49376.0,67582,70,1,1,1.0,1000,7,1,true,54
729,3347,12344,1000,12344,49376.0,67582,70,1,1,1.0,1000,7,1,true,54
729,3348,12348,1000,12348,49392.0,67599,70,1,1,1.0,1000,7,1,true,54
729,3349,12351,1000,12351,49404.0,67624,70,1,1,1.0,1000,6,1,true,54
729,3350,12355,1000,12355,49420.0,67648,70,1,1,1.0,1000,7,1,true,54
729,3351,12358,1000,12358,49432.0,67669,70,1,1,1.0,1000,6,1,true,54
729,3352,12361,1000,12361,49444.0,67683,70,1,1,1.0,1000,6,1,true,54
729,3353,12365,1000,12365,49460.0,67698,70,1,1,1.0,1000,7,1,true,54
729,3354,12368,1000,12368,49472.0,67712,70,1,1,1.0,1000,6,1,true,54
729,3355,12371,1000,12371,49484.0,67725,70,1,1,1.0,1000,7,1,true,54
729,3356,12375,1000,12375,49500.0,67747,70,1,1,1.0,1000,7,1,true,54
729,3357,12378,1000,12378,49512.0,67755,70,1,1,1.0,1000,7,1,true,54
729,3358,12382,1000,12382,49528.0,67763,70,1,1,1.0,1000,7,1,true,54
729,3359,12385,1000,12385,49540.0,67773,70,1,1,1.0,1000,6,1,true,54
729,3360,12389,1000,12389,49556.0,67796,70,1,1,1.0,1000,7,1,true,54
729,3361,12393,1000,12393,49572.0,67818,70,1,1,1.0,1000,7,1,true,54
729,3362,12397,1000,12397,49588.0,67838,70,1,1,1.0,1000,6,1,true,54
729,3363,12401,1000,12401,49604.0,67862,70,1,1,1.0,1000,6,1,true,54
729,3364,12404,1000,12404,49616.0,67884,70,1,1,1.0,1000,6,1,true,54
729,3365,12408,1000,12408,49632.0,67900,70,1,1,1.0,1000,7,1,true,54
729,3366,12412,1000,12412,49648.0,67924,70,1,1,1.0,1000,7,1,true,54
729,3367,12416,1000,12416,49664.0,67945,70,1,1,1.0,1000,7,1,true,54
729,3368,12420,1000,12420,49680.0,67963,70,1,1,1.0,1000,6,1,true,54
729,3369,12424,1000,12424,49696.0,67979,70,1,1,1.0,1000,7,1,true,54
729,3370,12427,1000,12427,49708.0,67999,70,1,1,1.0,1000,6,1,true,54
729,3371,12431,1000,12431,49724.0,68020,70,1,1,1.0,1000,7,1,true,54
729,3372,12435,1000,12435,49740.0,68046,70,1,1,1.0,1000,6,1,true,54
729,3373,12439,1000,12439,49756.0,68068,70,1,1,1.0,1000,7,1,true,54
729,3374,12443,1000,12443,49772.0,68091,70,1,1,1.0,1000,7,1,true,54
729,3375,12447,1000,12447,49788.0,68112,70,1,1,1.0,1000,7,1,true,54
729,3376,12451,1000,12451,49804.0,68133,70,1,1,1.0,1000,7,1,true,54
729,3377,12455,1000,12455,49820.0,68167,70,1,1,1.0,1000,6,1,true,54
729,3378,12459,1000,12459,49836.0,68194,70,1,1,1.0,1000,7,1,true,54
729,3379,12463,1000,12463,49852.0,68213,70,1,1,1.0,1000,7,1,true,54
729,3380,12467,1000,12467,49868.0,68231,70,1,1,1.0,1000,7,1,true,54
729,3381,12471,1000,12471,49884.0,68250,70,1,1,1.0,1000,7,1,true,54
729,3382,12475,1000,12475,49900.0,68277,70,1,1,1.0,1000,7,1,true,54
729,3383,12479,1000,12479,49916.0,68300,70,1,1,1.0,1000,7,1,true,54
729,3384,12482,1000,12482,49928.0,68326,70,1,1,1.0,1000,6,1,true,54
729,3385,12485,1000,12485,49940.0,68340,70,1,1,1.0,1000,6,1,true,54
729,3386,12489,1000,12489,49956.0,68355,70,1,1,1.0,1000,7,1,true,54
729,3387,12493,1000,12493,49972.0,68381,70,1,1,1.0,1000,7,1,true,54
729,3388,12496,1000,12496,49984.0,68403,70,1,1,1.0,1000,6,1,true,54
729,3389,12499,1000,12499,49996.0,68423,70,1,1,1.0,1000,6,1,true,54
729,3390,12503,1000,12503,50012.0,68439,70,1,1,1.0,1000,7,1,true,54
729,3391,12506,1000,12506,50024.0,68467,70,1,1,1.0,1000,7,1,true,54
729,3392,12509,1000,12509,50036.0,68487,70,1,1,1.0,1000,6,1,true,54
729,3393,12512,1000,12512,50048.0,68501,70,1,1,1.0,1000,6,1,true,54
729,3394,12516,1000,12516,50064.0,68521,70,1,1,1.0,1000,7,1,true,54
729,3395,12520,1000,12520,50080.0,68544,70,1,1,1.0,1000,7,1,true,54
729,3396,12524,1000,12524,50096.0,68570,70,1,1,1.0,1000,6,1,true,54
729,3397,12528,1000,12528,50112.0,68599,70,1,1,1.0,1000,7,1,true,54
729,3398,12532,1000,12532,50128.0,68624,70,1,1,1.0,1000,7,1,true,54
729,3399,12536,1000,12536,50144.0,68653,70,1,1,1.0,1000,7,1,true,54
729,3400,12540,1000,12540,50160.0,68677,70,1,1,1.0,1000,7,1,true,54
729,3401,12544,1000,12544,50176.0,68699,70,1,1,1.0,1000,7,1,true,54
729,3402,12548,1000,12548,50192.0,68726,70,1,1,1.0,1000,6,1,true,54
729,3403,12552,1000,12552,50208.0,68747,70,1,1,1.0,1000,7,1,true,54
729,3404,12556,1000,12556,50224.0,68763,70,1,1,1.0,1000,7,1,true,54
729,3405,12560,1000,12560,50240.0,68784,70,1,1,1.0,1000,6,1,true,54
729,3406,12563,1000,12563,50252.0,68800,70,1,1,1.0,1000,6,1,true,54
729,3407,12567,1000,12567,50268.0,68820,70,1,1,1.0,1000,7,1,true,54
729,3408,12571,1000,12571,50284.0,68852,70,1,1,1.0,1000,7,1,true,54
729,3409,12575,1000,12575,50300.0,68876,70,1,1,1.0,1000,7,1,true,54
729,3410,12579,1000,12579,50316.0,68898,70,1,1,1.0,1000,7,1,true,54
729,3411,12582,1000,12582,50328.0,68918,70,1,1,1.0,1000,7,1,true,54
729,3412,12586,1000,12586,50344.0,68942,70,1,1,1.0,1000,7,1,true,54
729,3413,12590,1000,12590,50360.0,68972,70,1,1,1.0,1000,7,1,true,54
729,3414,12594,1000,12594,50376.0,68992,70,1,1,1.0,1000,7,1,true,54
729,3415,12597,1000,12597,50388.0,69013,70,1,1,1.0,1000,7,1,true,54
729,3416,12600,1000,12600,50400.0,69027,70,1,1,1.0,1000,6,1,true,54
729,3417,12603,1000,12603,50412.0,69043,70,1,1,1.0,1000,7,1,true,54
729,3418,12607,1000,12607,50428.0,69062,70,1,1,1.0,1000,7,1,true,54
729,3419,12611,1000,12611,50444.0,69079,70,1,1,1.0,1000,7,1,true,54
729,3420,12615,1000,12615,50460.0,69101,70,1,1,1.0,1000,7,1,true,54
729,3421,12618,1000,12618,50472.0,69119,70,1,1,1.0,1000,6,1,true,54
729,3422,12621,1000,12621,50484.0,69142,70,1,1,1.0,1000,6,1,true,54
729,3423,12624,1000,12624,50496.0,69159,70,1,1,1.0,1000,6,1,true,54
729,3424,12628,1000,12628,50512.0,69186,70,1,1,1.0,1000,7,1,true,54
729,3425,12632,1000,12632,50528.0,69205,70,1,1,1.0,1000,7,1,true,54
729,3426,12635,1000,12635,50540.0,69223,70,1,1,1.0,1000,6,1,true,54
729,3427,12639,1000,12639,50556.0,69243,70,1,1,1.0,1000,7,1,true,54
729,3428,12642,1000,12642,50568.0,69254,70,1,1,1.0,1000,6,1,true,54
729,3429,12646,1000,12646,50584.0,69276,70,1,1,1.0,1000,7,1,true,54
729,3430,12650,1000,12650,50600.0,69298,70,1,1,1.0,1000,7,1,true,54
729,3431,12654,1000,12654,50616.0,69320,70,1,1,1.0,1000,7,1,true,54
729,3432,12658,1000,12658,50632.0,69342,70,1,1,1.0,1000,7,1,true,54
729,3433,12662,1000,12662,50648.0,69364,70,1,1,1.0,1000,7,1,true,54
729,3434,12666,1000,12666,50664.0,69381,70,1,1,1.0,1000,7,1,true,54
729,3435,12670,1000,12670,50680.0,69399,70,1,1,1.0,1000,7,1,true,54
729,3436,12673,1000,12673,50692.0,69422,70,1,1,1.0,1000,6,1,true,54
729,3437,12676,1000,12676,50704.0,69439,70,1,1,1.0,1000,7,1,true,54
729,3438,12680,1000,12680,50720.0,69461,70,1,1,1.0,1000,7,1,true,54
729,3439,12683,1000,12683,50732.0,69472,70,1,1,1.0,1000,6,1,true,54
729,3440,12687,1000,12687,50748.0,69499,70,1,1,1.0,1000,7,1,true,54
729,3441,12690,1000,12690,50760.0,69513,70,1,1,1.0,1000,7,1,true,54
729,3442,12694,1000,12694,50776.0,69535,70,1,1,1.0,1000,7,1,true,54
729,3443,12698,1000,12698,50792.0,69558,70,1,1,1.0,1000,6,1,true,54
729,3444,12702,1000,12702,50808.0,69578,70,1,1,1.0,1000,7,1,true,54
729,3445,12706,1000,12706,50824.0,69599,70,1,1,1.0,1000,7,1,true,54
729,3446,12710,1000,12710,50840.0,69621,70,1,1,1.0,1000,7,1,true,54
729,3447,12714,1000,12714,50856.0,69649,70,1,1,1.0,1000,7,1,true,54
729,3448,12718,1000,12718,50872.0,69672,70,1,1,1.0,1000,7,1,true,54
729,3449,12722,1000,12722,50888.0,69692,70,1,1,1.0,1000,6,1,true,54
729,3450,12725,1000,12725,50900.0,69704,70,1,1,1.0,1000,6,1,true,54
729,3451,12729,1000,12729,50916.0,69723,70,1,1,1.0,1000,7,1,true,54
729,3452,12733,1000,12733,50932.0,69742,70,1,1,1.0,1000,6,1,true,54
729,3453,12737,1000,12737,50948.0,69772,70,1,1,1.0,1000,7,1,true,54
729,3454,12740,1000,12740,50960.0,69785,70,1,1,1.0,1000,6,1,true,54
729,3455,12744,1000,12744,50976.0,69802,70,1,1,1.0,1000,7,1,true,54
729,3456,12748,1000,12748,50992.0,69825,70,1,1,1.0,1000,7,1,true,54
729,3457,12752,1000,12752,51008.0,69847,70,1,1,1.0,1000,7,1,true,54
729,3458,12756,1000,12756,51024.0,69865,70,1,1,1.0,1000,7,1,true,54
729,3459,12760,1000,12760,51040.0,69887,70,1,1,1.0,1000,7,1,true,54
729,3460,12763,1000,12763,51052.0,69911,70,1,1,1.0,1000,6,1,true,54
729,3461,12766,1000,12766,51064.0,69924,70,1,1,1.0,1000,6,1,true,54
729,3462,12770,1000,12770,51080.0,69949,70,1,1,1.0,1000,7,1,true,54
729,3463,12774,1000,12774,51096.0,69971,70,1,1,1.0,1000,7,1,true,54
729,3464,12778,1000,12778,51112.0,69990,70,1,1,1.0,1000,7,1,true,54
729,3465,12781,1000,12781,51124.0,70003,70,1,1,1.0,1000,7,1,true,54
729,3466,12785,1000,12785,51140.0,70027,70,1,1,1.0,1000,7,1,true,54
729,3467,12789,1000,12789,51156.0,70043,70,1,1,1.0,1000,7,1,true,54
729,3468,12793,1000,12793,51172.0,70069,70,1,1,1.0,1000,7,1,true,54
729,3469,12796,1000,12796,51184.0,70092,70,1,1,1.0,1000,6,1,true,54
729,3470,12800,1000,12800,51200.0,70113,70,1,1,1.0,1000,7,1,true,54
729,3471,12803,1000,12803,51212.0,70127,70,1,1,1.0,1000,7,1,true,54
729,3472,12807,1000,12807,51228.0,70141,70,1,1,1.0,1000,7,1,true,54
729,3473,12811,1000,12811,51244.0,70167,70,1,1,1.0,1000,7,1,true,54
729,3474,12813,1000,12813,51252.0,70180,70,1,1,1.0,1000,6,1,true,54
729,3475,12817,1000,12817,51268.0,70203,70,1,1,1.0,1000,7,1,true,54
729,3476,12821,1000,12821,51284.0,70226,70,1,1,1.0,1000,6,1,true,54
729,3477,12824,1000,12824,51296.0,70246,70,1,1,1.0,1000,6,1,true,54
729,3478,12827,1000,12827,51308.0,70262,70,1,1,1.0,1000,7,1,true,54
729,3479,12831,1000,12831,51324.0,70279,70,1,1,1.0,1000,7,1,true,54
729,3480,12835,1000,12835,51340.0,70298,70,1,1,1.0,1000,7,1,true,54
729,3481,12838,1000,12838,51352.0,70312,70,1,1,1.0,1000,7,1,true,54
729,3482,12841,1000,12841,51364.0,70330,70,1,1,1.0,1000,6,1,true,54
729,3483,12845,1000,12845,51380.0,70351,70,1,1,1.0,1000,7,1,true,54
729,3484,12849,1000,12849,51396.0,70374,70,1,1,1.0,1000,7,1,true,54
729,3485,12853,1000,12853,51412.0,70396,70,1,1,1.0,1000,7,1,true,54
729,3486,12856,1000,12856,51424.0,70411,70,1,1,1.0,1000,6,1,true,54
729,3487,12859,1000,12859,51436.0,70426,70,1,1,1.0,1000,6,1,true,54
729,3488,12863,1000,12863,51452.0,70455,70,1,1,1.0,1000,7,1,true,54
729,3489,12867,1000,12867,51468.0,70476,70,1,1,1.0,1000,7,1,true,54
729,3490,12871,1000,12871,51484.0,70499,70,1,1,1.0,1000,7,1,true,54
729,3491,12875,1000,12875,51500.0,70518,70,1,1,1.0,1000,6,1,true,54
729,3492,12879,1000,12879,51516.0,70546,70,1,1,1.0,1000,7,1,true,54
729,3493,12883,1000,12883,51532.0,70566,70,1,1,1.0,1000,7,1,true,54
729,3494,12887,1000,12887,51548.0,70586,70,1,1,1.0,1000,6,1,true,54
729,3495,12891,1000,12891,51564.0,70608,70,1,1,1.0,1000,7,1,true,54
729,3496,12894,1000,12894,51576.0,70623,70,1,1,1.0,1000,6,1,true,54
729,3497,12898,1000,12898,51592.0,70643,70,1,1,1.0,1000,7,1,true,54
729,3498,12902,1000,12902,51608.0,70666,70,1,1,1.0,1000,7,1,true,54
729,3499,12906,1000,12906,51624.0,70685,70,1,1,1.0,1000,7,1,true,54
729,3500,12910,1000,12910,51640.0,70706,70,1,1,1.0,1000,7,1,true,54
729,3501,12913,1000,12913,51652.0,70721,70,1,1,1.0,1000,6,1,true,54
729,3502,12917,1000,12917,51668.0,70747,70,1,1,1.0,1000,7,1,true,54
729,3503,12921,1000,12921,51684.0,70769,70,1,1,1.0,1000,7,1,true,54
729,3504,12925,1000,12925,51700.0,70803,70,1,1,1.0,1000,7,1,true,54
729,3505,12929,1000,12929,51716.0,70827,70,1,1,1.0,1000,7,1,true,54
729,3506,12933,1000,12933,51732.0,70853,70,1,1,1.0,1000,7,1,true,54
729,3507,12936,1000,12936,51744.0,70869,70,1,1,1.0,1000,7,1,true,54
729,3508,12940,1000,12940,51760.0,70890,70,1,1,1.0,1000,7,1,true,54
729,3509,12943,1000,12943,51772.0,70907,70,1,1,1.0,1000,7,1,true,54
729,3510,12946,1000,12946,51784.0,70924,70,1,1,1.0,1000,7,1,true,54
729,3511,12950,1000,12950,51800.0,70937,70,1,1,1.0,1000,7,1,true,54
729,3512,12954,1000,12954,51816.0,70956,70,1,1,1.0,1000,7,1,true,54
729,3513,12957,1000,12957,51828.0,70969,70,1,1,1.0,1000,6,1,true,54
729,3514,12961,1000,12961,51844.0,70987,70,1,1,1.0,1000,7,1,true,54
729,3515,12964,1000,12964,51856.0,71006,70,1,1,1.0,1000,7,1,true,54
729,3516,12967,1000,12967,51868.0,71024,70,1,1,1.0,1000,7,1,true,54
729,3517,12971,1000,12971,51884.0,71047,70,1,1,1.0,1000,7,1,true,54
729,3518,12975,1000,12975,51900.0,71068,70,1,1,1.0,1000,7,1,true,54
729,3519,12979,1000,12979,51916.0,71086,70,1,1,1.0,1000,7,1,true,54
729,3520,12983,1000,12983,51932.0,71104,70,1,1,1.0,1000,7,1,true,54
729,3521,12987,1000,12987,51948.0,71131,70,1,1,1.0,1000,7,1,true,54
729,3522,12991,1000,12991,51964.0,71147,70,1,1,1.0,1000,7,1,true,54
729,3524,12998,1000,12998,51992.0,71182,70,1,1,1.0,1000,7,1,true,54
729,3524,12998,1000,12998,51992.0,71182,70,1,1,1.0,1000,7,1,true,54
729,3525,13002,1000,13002,52008.0,71206,70,1,1,1.0,1000,7,1,true,54
729,3526,13006,1000,13006,52024.0,71227,70,1,1,1.0,1000,7,1,true,54
729,3527,13010,1000,13010,52040.0,71251,70,1,1,1.0,1000,7,1,true,54
729,3528,13014,1000,13014,52056.0,71271,70,1,1,1.0,1000,7,1,true,54
729,3529,13018,1000,13018,52072.0,71294,70,1,1,1.0,1000,7,1,true,54
729,3530,13022,1000,13022,52088.0,71321,70,1,1,1.0,1000,7,1,true,54
729,3531,13026,1000,13026,52104.0,71346,70,1,1,1.0,1000,7,1,true,54
729,3532,13030,1000,13030,52120.0,71364,70,1,1,1.0,1000,7,1,true,54
729,3533,13034,1000,13034,52136.0,71386,70,1,1,1.0,1000,7,1,true,54
729,3534,13037,1000,13037,52148.0,71403,70,1,1,1.0,1000,7,1,true,54
729,3535,13041,1000,13041,52164.0,71427,70,1,1,1.0,1000,7,1,true,54
729,3536,13045,1000,13045,52180.0,71444,70,1,1,1.0,1000,7,1,true,54
729,3537,13048,1000,13048,52192.0,71459,70,1,1,1.0,1000,6,1,true,54
729,3538,13052,1000,13052,52208.0,71482,70,1,1,1.0,1000,7,1,true,54
729,3539,13056,1000,13056,52224.0,71503,70,1,1,1.0,1000,7,1,true,54
729,3540,13060,1000,13060,52240.0,71530,70,1,1,1.0,1000,7,1,true,54
729,3541,13063,1000,13063,52252.0,71540,70,1,1,1.0,1000,6,1,true,54
729,3542,13067,1000,13067,52268.0,71554,70,1,1,1.0,1000,7,1,true,54
729,3543,13071,1000,13071,52284.0,71574,70,1,1,1.0,1000,7,1,true,54
729,3544,13075,1000,13075,52300.0,71597,70,1,1,1.0,1000,7,1,true,54
729,3545,13079,1000,13079,52316.0,71625,70,1,1,1.0,1000,7,1,true,54
729,3546,13082,1000,13082,52328.0,71638,70,1,1,1.0,1000,7,1,true,54
729,3547,13086,1000,13086,52344.0,71662,70,1,1,1.0,1000,7,1,true,54
729,3548,13090,1000,13090,52360.0,71688,70,1,1,1.0,1000,7,1,true,54
729,3549,13093,1000,13093,52372.0,71703,70,1,1,1.0,1000,6,1,true,54
729,3550,13097,1000,13097,52388.0,71726,70,1,1,1.0,1000,7,1,true,54
729,3551,13101,1000,13101,52404.0,71746,70,1,1,1.0,1000,7,1,true,54
729,3552,13104,1000,13104,52416.0,71764,70,1,1,1.0,1000,6,1,true,54
729,3553,13107,1000,13107,52428.0,71778,70,1,1,1.0,1000,6,1,true,54
729,3554,13111,1000,13111,52444.0,71797,70,1,1,1.0,1000,7,1,true,54
729,3555,13114,1000,13114,52456.0,71814,70,1,1,1.0,1000,7,1,true,54
729,3556,13118,1000,13118,52472.0,71830,70,1,1,1.0,1000,7,1,true,54
729,3557,13121,1000,13121,52484.0,71845,70,1,1,1.0,1000,6,1,true,54
729,3558,13124,1000,13124,52496.0,71865,70,1,1,1.0,1000,6,1,true,54
729,3559,13128,1000,13128,52512.0,71886,70,1,1,1.0,1000,7,1,true,54
729,3560,13132,1000,13132,52528.0,71902,70,1,1,1.0,1000,7,1,true,54
729,3561,13135,1000,13135,52540.0,71918,70,1,1,1.0,1000,6,1,true,54
729,3562,13139,1000,13139,52556.0,71945,70,1,1,1.0,1000,7,1,true,54
729,3563,13143,1000,13143,52572.0,71968,70,1,1,1.0,1000,7,1,true,54
729,3564,13146,1000,13146,52584.0,71986,70,1,1,1.0,1000,6,1,true,54
729,3565,13150,1000,13150,52600.0,72009,70,1,1,1.0,1000,6,1,true,54
729,3566,13154,1000,13154,52616.0,72027,70,1,1,1.0,1000,7,1,true,54
729,3567,13158,1000,13158,52632.0,72049,70,1,1,1.0,1000,7,1,true,54
729,3568,13161,1000,13161,52644.0,72067,70,1,1,1.0,1000,6,1,true,54
729,3569,13164,1000,13164,52656.0,72086,70,1,1,1.0,1000,7,1,true,54
729,3570,13168,1000,13168,52672.0,72107,70,1,1,1.0,1000,7,1,true,54
729,3571,13171,1000,13171,52684.0,72129,70,1,1,1.0,1000,6,1,true,54
729,3572,13175,1000,13175,52700.0,72152,70,1,1,1.0,1000,7,1,true,54
729,3573,13179,1000,13179,52716.0,72183,70,1,1,1.0,1000,7,1,true,54
729,3574,13183,1000,13183,52732.0,72217,70,1,1,1.0,1000,7,1,true,54
729,3575,13186,1000,13186,52744.0,72231,70,1,1,1.0,1000,6,1,true,54
729,3576,13189,1000,13189,52756.0,72246,70,1,1,1.0,1000,7,1,true,54
729,3577,13193,1000,13193,52772.0,72263,70,1,1,1.0,1000,7,1,true,54
729,3578,13197,1000,13197,52788.0,72288,70,1,1,1.0,1000,7,1,true,54
729,3579,13200,1000,13200,52800.0,72305,70,1,1,1.0,1000,6,1,true,54
729,3580,13204,1000,13204,52816.0,72325,70,1,1,1.0,1000,7,1,true,54
729,3581,13208,1000,13208,52832.0,72346,70,1,1,1.0,1000,7,1,true,54
729,3582,13211,1000,13211,52844.0,72360,70,1,1,1.0,1000,6,1,true,54
729,3583,13214,1000,13214,52856.0,72377,70,1,1,1.0,1000,6,1,true,54
729,3584,13218,1000,13218,52872.0,72398,70,1,1,1.0,1000,7,1,true,54
729,3585,13222,1000,13222,52888.0,72420,70,1,1,1.0,1000,7,1,true,54
729,3586,13225,1000,13225,52900.0,72433,70,1,1,1.0,1000,6,1,true,54
729,3587,13229,1000,13229,52916.0,72453,70,1,1,1.0,1000,7,1,true,54
729,3588,13232,1000,13232,52928.0,72465,70,1,1,1.0,1000,6,1,true,54
729,3589,13236,1000,13236,52944.0,72487,70,1,1,1.0,1000,7,1,true,54
729,3590,13240,1000,13240,52960.0,72510,70,1,1,1.0,1000,7,1,true,54
729,3591,13244,1000,13244,52976.0,72530,70,1,1,1.0,1000,6,1,true,54
729,3592,13248,1000,13248,52992.0,72556,70,1,1,1.0,1000,7,1,true,54
729,3593,13251,1000,13251,53004.0,72576,70,1,1,1.0,1000,7,1,true,54
729,3594,13255,1000,13255,53020.0,72609,70,1,1,1.0,1000,7,1,true,54
729,3595,13259,1000,13259,53036.0,72639,70,1,1,1.0,1000,7,1,true,54
729,3596,13263,1000,13263,53052.0,72658,70,1,1,1.0,1000,7,1,true,54
729,3597,13267,1000,13267,53068.0,72676,70,1,1,1.0,1000,7,1,true,54
729,3598,13271,1000,13271,53084.0,72698,70,1,1,1.0,1000,7,1,true,54
729,3599,13274,1000,13274,53096.0,72717,70,1,1,1.0,1000,6,1,true,54
729,3600,13278,1000,13278,53112.0,72741,70,1,1,1.0,1000,7,1,true,54
729,3601,13282,1000,13282,53128.0,72767,70,1,1,1.0,1000,7,1,true,54
729,3602,13286,1000,13286,53144.0,72783,70,1,1,1.0,1000,7,1,true,54
729,3603,13289,1000,13289,53156.0,72799,70,1,1,1.0,1000,6,1,true,54
729,3604,13293,1000,13293,53172.0,72818,70,1,1,1.0,1000,7,1,true,54
729,3605,13296,1000,13296,53184.0,72838,70,1,1,1.0,1000,7,1,true,54
729,3606,13300,1000,13300,53200.0,72861,70,1,1,1.0,1000,6,1,true,54
729,3607,13304,1000,13304,53216.0,72881,70,1,1,1.0,1000,7,1,true,54
729,3608,13307,1000,13307,53228.0,72896,70,1,1,1.0,1000,6,1,true,54
729,3609,13311,1000,13311,53244.0,72911,70,1,1,1.0,1000,7,1,true,54
729,3610,13315,1000,13315,53260.0,72942,70,1,1,1.0,1000,6,1,true,54
729,3611,13319,1000,13319,53276.0,72963,70,1,1,1.0,1000,6,1,true,54
729,3612,13323,1000,13323,53292.0,72980,70,1,1,1.0,1000,7,1,true,54
729,3613,13327,1000,13327,53308.0,73004,70,1,1,1.0,1000,7,1,true,54
729,3614,13330,1000,13330,53320.0,73017,70,1,1,1.0,1000,6,1,true,54
729,3615,13334,1000,13334,53336.0,73041,70,1,1,1.0,1000,7,1,true,54
729,3616,13337,1000,13337,53348.0,73059,70,1,1,1.0,1000,7,1,true,54
729,3617,13341,1000,13341,53364.0,73083,70,1,1,1.0,1000,7,1,true,54
729,3618,13345,1000,13345,53380.0,73101,70,1,1,1.0,1000,7,1,true,54
729,3619,13349,1000,13349,53396.0,73112,70,1,1,1.0,1000,7,1,true,54
729,3620,13352,1000,13352,53408.0,73122,70,1,1,1.0,1000,6,1,true,54
729,3621,13355,1000,13355,53420.0,73134,70,1,1,1.0,1000,7,1,true,54
729,3622,13359,1000,13359,53436.0,73146,70,1,1,1.0,1000,7,1,true,54
729,3623,13362,1000,13362,53448.0,73165,70,1,1,1.0,1000,7,1,true,54
729,3624,13365,1000,13365,53460.0,73181,70,1,1,1.0,1000,6,1,true,54
729,3625,13368,1000,13368,53472.0,73198,70,1,1,1.0,1000,6,1,true,54
729,3626,13372,1000,13372,53488.0,73230,70,1,1,1.0,1000,7,1,true,54
729,3627,13377,1000,13377,53508.0,73252,70,1,1,1.0,1000,7,1,true,54
729,3628,13380,1000,13380,53520.0,73279,70,1,1,1.0,1000,7,1,true,54
729,3629,13383,1000,13383,53532.0,73292,70,1,1,1.0,1000,6,1,true,54
729,3630,13387,1000,13387,53548.0,73317,70,1,1,1.0,1000,7,1,true,54
729,3631,13391,1000,13391,53564.0,73340,70,1,1,1.0,1000,7,1,true,54
729,3632,13394,1000,13394,53576.0,73353,70,1,1,1.0,1000,7,1,true,54
729,3633,13398,1000,13398,53592.0,73372,70,1,1,1.0,1000,7,1,true,54
729,3634,13402,1000,13402,53608.0,73398,70,1,1,1.0,1000,7,1,true,54
729,3635,13406,1000,13406,53624.0,73425,70,1,1,1.0,1000,7,1,true,54
729,3636,13410,1000,13410,53640.0,73440,70,1,1,1.0,1000,7,1,true,54
729,3637,13414,1000,13414,53656.0,73457,70,1,1,1.0,1000,7,1,true,54
729,3638,13418,1000,13418,53672.0,73474,70,1,1,1.0,1000,7,1,true,54
729,3639,13421,1000,13421,53684.0,73500,70,1,1,1.0,1000,6,1,true,54
729,3640,13425,1000,13425,53700.0,73535,70,1,1,1.0,1000,7,1,true,54
729,3641,13429,1000,13429,53716.0,73557,70,1,1,1.0,1000,7,1,true,54
729,3642,13432,1000,13432,53728.0,73567,70,1,1,1.0,1000,7,1,true,54
729,3643,13435,1000,13435,53740.0,73583,70,1,1,1.0,1000,6,1,true,54
729,3644,13439,1000,13439,53756.0,73602,70,1,1,1.0,1000,7,1,true,54
729,3645,13442,1000,13442,53768.0,73612,70,1,1,1.0,1000,6,1,true,54
729,3646,13446,1000,13446,53784.0,73638,70,1,1,1.0,1000,7,1,true,54
729,3647,13449,1000,13449,53796.0,73652,70,1,1,1.0,1000,6,1,true,54
729,3648,13453,1000,13453,53812.0,73670,70,1,1,1.0,1000,7,1,true,54
729,3649,13457,1000,13457,53828.0,73693,70,1,1,1.0,1000,7,1,true,54
729,3650,13461,1000,13461,53844.0,73718,70,1,1,1.0,1000,7,1,true,54
729,3651,13465,1000,13465,53860.0,73735,70,1,1,1.0,1000,7,1,true,54
729,3652,13469,1000,13469,53876.0,73750,70,1,1,1.0,1000,7,1,true,54
729,3653,13473,1000,13473,53892.0,73756,70,1,1,1.0,1000,7,1,true,54
729,3654,13477,1000,13477,53908.0,73783,70,1,1,1.0,1000,7,1,true,54
729,3655,13481,1000,13481,53924.0,73807,70,1,1,1.0,1000,7,1,true,54
729,3656,13485,1000,13485,53940.0,73822,70,1,1,1.0,1000,7,1,true,54
729,3657,13489,1000,13489,53956.0,73839,70,1,1,1.0,1000,7,1,true,54
729,3658,13493,1000,13493,53972.0,73859,70,1,1,1.0,1000,7,1,true,54
729,3659,13497,1000,13497,53988.0,73873,70,1,1,1.0,1000,7,1,true,54
729,3660,13500,1000,13500,54000.0,73887,70,1,1,1.0,1000,6,1,true,54
729,3661,13504,1000,13504,54016.0,73920,70,1,1,1.0,1000,6,1,true,54
729,3662,13508,1000,13508,54032.0,73940,70,1,1,1.0,1000,7,1,true,54
729,3663,13511,1000,13511,54044.0,73953,70,1,1,1.0,1000,7,1,true,54
729,3664,13515,1000,13515,54060.0,73968,70,1,1,1.0,1000,7,1,true,54
729,3665,13518,1000,13518,54072.0,73989,70,1,1,1.0,1000,7,1,true,54
729,3666,13522,1000,13522,54088.0,74018,70,1,1,1.0,1000,7,1,true,54
729,3667,13526,1000,13526,54104.0,74044,70,1,1,1.0,1000,7,1,true,54
729,3668,13529,1000,13529,54116.0,74054,70,1,1,1.0,1000,6,1,true,54
729,3669,13532,1000,13532,54128.0,74068,70,1,1,1.0,1000,6,1,true,54
729,3670,13535,1000,13535,54140.0,74096,70,1,1,1.0,1000,7,1,true,54
729,3671,13539,1000,13539,54156.0,74119,70,1,1,1.0,1000,7,1,true,54
729,3672,13543,1000,13543,54172.0,74138,70,1,1,1.0,1000,7,1,true,54
729,3673,13547,1000,13547,54188.0,74164,70,1,1,1.0,1000,7,1,true,54
729,3674,13551,1000,13551,54204.0,74181,70,1,1,1.0,1000,7,1,true,54
729,3675,13555,1000,13555,54220.0,74203,70,1,1,1.0,1000,7,1,true,54
729,3676,13559,1000,13559,54236.0,74228,70,1,1,1.0,1000,7,1,true,54
729,3677,13563,1000,13563,54252.0,74247,70,1,1,1.0,1000,7,1,true,54
729,3678,13567,1000,13567,54268.0,74277,70,1,1,1.0,1000,7,1,true,54
729,3679,13571,1000,13571,54284.0,74292,70,1,1,1.0,1000,7,1,true,54
729,3680,13575,1000,13575,54300.0,74316,70,1,1,1.0,1000,7,1,true,54
729,3681,13579,1000,13579,54316.0,74333,70,1,1,1.0,1000,7,1,true,54
729,3682,13583,1000,13583,54332.0,74362,70,1,1,1.0,1000,7,1,true,54
729,3683,13587,1000,13587,54348.0,74382,70,1,1,1.0,1000,6,1,true,54
729,3684,13590,1000,13590,54360.0,74404,70,1,1,1.0,1000,6,1,true,54
729,3685,13594,1000,13594,54376.0,74421,70,1,1,1.0,1000,6,1,true,54
729,3686,13598,1000,13598,54392.0,74439,70,1,1,1.0,1000,7,1,true,54
729,3687,13602,1000,13602,54408.0,74463,70,1,1,1.0,1000,7,1,true,54
729,3688,13605,1000,13605,54420.0,74485,70,1,1,1.0,1000,7,1,true,54
729,3689,13609,1000,13609,54436.0,74504,70,1,1,1.0,1000,7,1,true,54
729,3690,13613,1000,13613,54452.0,74525,70,1,1,1.0,1000,7,1,true,54
729,3691,13616,1000,13616,54464.0,74542,70,1,1,1.0,1000,6,1,true,54
729,3692,13619,1000,13619,54476.0,74554,70,1,1,1.0,1000,6,1,true,54
729,3693,13622,1000,13622,54488.0,74565,70,1,1,1.0,1000,6,1,true,54
729,3694,13626,1000,13626,54504.0,74591,70,1,1,1.0,1000,7,1,true,54
729,3695,13630,1000,13630,54520.0,74618,70,1,1,1.0,1000,7,1,true,54
729,3696,13634,1000,13634,54536.0,74634,70,1,1,1.0,1000,7,1,true,54
729,3697,13638,1000,13638,54552.0,74653,70,1,1,1.0,1000,7,1,true,54
729,3698,13641,1000,13641,54564.0,74671,70,1,1,1.0,1000,6,1,true,54
729,3699,13645,1000,13645,54580.0,74687,70,1,1,1.0,1000,7,1,true,54
729,3700,13649,1000,13649,54596.0,74713,70,1,1,1.0,1000,7,1,true,54
729,3701,13652,1000,13652,54608.0,74730,70,1,1,1.0,1000,7,1,true,54
729,3702,13655,1000,13655,54620.0,74750,70,1,1,1.0,1000,6,1,true,54
729,3703,13659,1000,13659,54636.0,74773,70,1,1,1.0,1000,7,1,true,54
729,3704,13662,1000,13662,54648.0,74785,70,1,1,1.0,1000,7,1,true,54
729,3705,13665,1000,13665,54660.0,74795,70,1,1,1.0,1000,7,1,true,54
729,3706,13669,1000,13669,54676.0,74818,70,1,1,1.0,1000,7,1,true,54
729,3707,13673,1000,13673,54692.0,74844,70,1,1,1.0,1000,7,1,true,54
729,3708,13677,1000,13677,54708.0,74862,70,1,1,1.0,1000,7,1,true,54
729,3709,13681,1000,13681,54724.0,74879,70,1,1,1.0,1000,7,1,true,54
729,3710,13684,1000,13684,54736.0,74897,70,1,1,1.0,1000,7,1,true,54
729,3711,13688,1000,13688,54752.0,74914,70,1,1,1.0,1000,7,1,true,54
729,3712,13692,1000,13692,54768.0,74929,70,1,1,1.0,1000,7,1,true,54
729,3713,13695,1000,13695,54780.0,74946,70,1,1,1.0,1000,7,1,true,54
729,3714,13699,1000,13699,54796.0,74965,70,1,1,1.0,1000,7,1,true,54
729,3715,13703,1000,13703,54812.0,74982,70,1,1,1.0,1000,7,1,true,54
729,3716,13707,1000,13707,54828.0,75010,70,1,1,1.0,1000,7,1,true,54
729,3717,13711,1000,13711,54844.0,75032,70,1,1,1.0,1000,7,1,true,54
729,3718,13715,1000,13715,54860.0,75051,70,1,1,1.0,1000,6,1,true,54
729,3719,13718,1000,13718,54872.0,75067,70,1,1,1.0,1000,7,1,true,54
729,3720,13722,1000,13722,54888.0,75087,70,1,1,1.0,1000,7,1,true,54
729,3721,13726,1000,13726,54904.0,75116,70,1,1,1.0,1000,7,1,true,54
729,3722,13729,1000,13729,54916.0,75129,70,1,1,1.0,1000,6,1,true,54
729,3723,13732,1000,13732,54928.0,75140,70,1,1,1.0,1000,6,1,true,54
729,3724,13736,1000,13736,54944.0,75166,70,1,1,1.0,1000,7,1,true,54
729,3725,13740,1000,13740,54960.0,75184,70,1,1,1.0,1000,7,1,true,54
729,3726,13744,1000,13744,54976.0,75209,70,1,1,1.0,1000,7,1,true,54
729,3727,13747,1000,13747,54988.0,75226,70,1,1,1.0,1000,6,1,true,54
729,3728,13750,1000,13750,55000.0,75238,70,1,1,1.0,1000,6,1,true,54
729,3729,13754,1000,13754,55016.0,75266,70,1,1,1.0,1000,7,1,true,54
729,3730,13757,1000,13757,55028.0,75281,70,1,1,1.0,1000,6,1,true,54
729,3731,13761,1000,13761,55044.0,75301,70,1,1,1.0,1000,7,1,true,54
729,3732,13765,1000,13765,55060.0,75322,70,1,1,1.0,1000,7,1,true,54
729,3733,13769,1000,13769,55076.0,75346,70,1,1,1.0,1000,7,1,true,54
729,3734,13773,1000,13773,55092.0,75367,70,1,1,1.0,1000,7,1,true,54
729,3735,13776,1000,13776,55104.0,75381,70,1,1,1.0,1000,7,1,true,54
729,3736,13780,1000,13780,55120.0,75401,70,1,1,1.0,1000,7,1,true,54
729,3737,13784,1000,13784,55136.0,75421,70,1,1,1.0,1000,7,1,true,54
729,3738,13788,1000,13788,55152.0,75446,70,1,1,1.0,1000,7,1,true,54
729,3739,13791,1000,13791,55164.0,75462,70,1,1,1.0,1000,6,1,true,54
729,3740,13795,1000,13795,55180.0,75488,70,1,1,1.0,1000,7,1,true,54
729,3741,13799,1000,13799,55196.0,75513,70,1,1,1.0,1000,7,1,true,54
729,3742,13803,1000,13803,55212.0,75534,70,1,1,1.0,1000,7,1,true,54
729,3743,13806,1000,13806,55224.0,75545,70,1,1,1.0,1000,6,1,true,54
729,3744,13810,1000,13810,55240.0,75570,70,1,1,1.0,1000,7,1,true,54
729,3745,13813,1000,13813,55252.0,75581,70,1,1,1.0,1000,7,1,true,54
729,3746,13816,1000,13816,55264.0,75598,70,1,1,1.0,1000,7,1,true,54
729,3747,13819,1000,13819,55276.0,75612,70,1,1,1.0,1000,7,1,true,54
729,3748,13823,1000,13823,55292.0,75638,70,1,1,1.0,1000,7,1,true,54
729,3749,13827,1000,13827,55308.0,75658,70,1,1,1.0,1000,7,1,true,54
729,3750,13831,1000,13831,55324.0,75684,70,1,1,1.0,1000,7,1,true,54
729,3751,13835,1000,13835,55340.0,75705,70,1,1,1.0,1000,6,1,true,54
729,3752,13838,1000,13838,55352.0,75727,70,1,1,1.0,1000,6,1,true,54
729,3753,13841,1000,13841,55364.0,75743,70,1,1,1.0,1000,7,1,true,54
729,3754,13845,1000,13845,55380.0,75758,70,1,1,1.0,1000,7,1,true,54
729,3755,13849,1000,13849,55396.0,75779,70,1,1,1.0,1000,7,1,true,54
729,3756,13853,1000,13853,55412.0,75802,70,1,1,1.0,1000,7,1,true,54
729,3757,13857,1000,13857,55428.0,75820,70,1,1,1.0,1000,7,1,true,54
729,3758,13860,1000,13860,55440.0,75836,70,1,1,1.0,1000,6,1,true,54
729,3759,13864,1000,13864,55456.0,75853,70,1,1,1.0,1000,7,1,true,54
729,3760,13868,1000,13868,55472.0,75880,70,1,1,1.0,1000,7,1,true,54
729,3761,13872,1000,13872,55488.0,75900,70,1,1,1.0,1000,7,1,true,54
729,3762,13876,1000,13876,55504.0,75923,70,1,1,1.0,1000,7,1,true,54
729,3763,13880,1000,13880,55520.0,75948,70,1,1,1.0,1000,7,1,true,54
729,3764,13884,1000,13884,55536.0,75969,70,1,1,1.0,1000,7,1,true,54
729,3765,13887,1000,13887,55548.0,75989,70,1,1,1.0,1000,7,1,true,54
729,3766,13890,1000,13890,55560.0,76005,70,1,1,1.0,1000,7,1,true,54
729,3767,13893,1000,13893,55572.0,76020,70,1,1,1.0,1000,6,1,true,54
729,3768,13897,1000,13897,55588.0,76040,70,1,1,1.0,1000,7,1,true,54
729,3769,13901,1000,13901,55604.0,76058,70,1,1,1.0,1000,7,1,true,54
729,3770,13905,1000,13905,55620.0,76082,70,1,1,1.0,1000,7,1,true,54
729,3771,13908,1000,13908,55632.0,76097,70,1,1,1.0,1000,6,1,true,54
729,3772,13912,1000,13912,55648.0,76123,70,1,1,1.0,1000,7,1,true,54
729,3773,13915,1000,13915,55660.0,76139,70,1,1,1.0,1000,7,1,true,54
729,3774,13918,1000,13918,55672.0,76153,70,1,1,1.0,1000,7,1,true,54
729,3775,13922,1000,13922,55688.0,76177,70,1,1,1.0,1000,7,1,true,54
729,3776,13926,1000,13926,55704.0,76193,70,1,1,1.0,1000,7,1,true,54
729,3777,13930,1000,13930,55720.0,76212,70,1,1,1.0,1000,7,1,true,54
729,3778,13934,1000,13934,55736.0,76230,70,1,1,1.0,1000,6,1,true,54
729,3779,13937,1000,13937,55748.0,76252,70,1,1,1.0,1000,6,1,true,54
729,3780,13940,1000,13940,55760.0,76273,70,1,1,1.0,1000,6,1,true,54
729,3781,13943,1000,13943,55772.0,76282,70,1,1,1.0,1000,6,1,true,54
729,3782,13947,1000,13947,55788.0,76309,70,1,1,1.0,1000,7,1,true,54
729,3783,13950,1000,13950,55800.0,76322,70,1,1,1.0,1000,7,1,true,54
729,3784,13954,1000,13954,55816.0,76342,70,1,1,1.0,1000,7,1,true,54
729,3785,13958,1000,13958,55832.0,76360,70,1,1,1.0,1000,7,1,true,54
729,3786,13962,1000,13962,55848.0,76377,70,1,1,1.0,1000,7,1,true,54
729,3787,13966,1000,13966,55864.0,76396,70,1,1,1.0,1000,7,1,true,54
729,3788,13970,1000,13970,55880.0,76415,70,1,1,1.0,1000,7,1,true,54
729,3789,13974,1000,13974,55896.0,76435,70,1,1,1.0,1000,7,1,true,54
729,3790,13978,1000,13978,55912.0,76464,70,1,1,1.0,1000,7,1,true,54
729,3791,13982,1000,13982,55928.0,76480,70,1,1,1.0,1000,7,1,true,54
729,3792,13986,1000,13986,55944.0,76510,70,1,1,1.0,1000,7,1,true,54
729,3793,13990,1000,13990,55960.0,76535,70,1,1,1.0,1000,7,1,true,54
729,3794,13993,1000,13993,55972.0,76544,70,1,1,1.0,1000,6,1,true,54
729,3795,13997,1000,13997,55988.0,76572,70,1,1,1.0,1000,7,1,true,54
729,3796,14000,1000,14000,56000.0,76586,70,1,1,1.0,1000,7,1,true,54
729,3797,14004,1000,14004,56016.0,76601,70,1,1,1.0,1000,7,1,true,54
729,3798,14008,1000,14008,56032.0,76623,70,1,1,1.0,1000,7,1,true,54
729,3799,14011,1000,14011,56044.0,76640,70,1,1,1.0,1000,6,1,true,54
729,3800,14015,1000,14015,56060.0,76663,70,1,1,1.0,1000,7,1,true,54
729,3801,14018,1000,14018,56072.0,76679,70,1,1,1.0,1000,6,1,true,54
729,3802,14022,1000,14022,56088.0,76711,70,1,1,1.0,1000,7,1,true,54
729,3803,14025,1000,14025,56100.0,76724,70,1,1,1.0,1000,6,1,true,54
729,3804,14028,1000,14028,56112.0,76741,70,1,1,1.0,1000,6,1,true,54
729,3805,14032,1000,14032,56128.0,76764,70,1,1,1.0,1000,7,1,true,54
729,3806,14036,1000,14036,56144.0,76789,70,1,1,1.0,1000,7,1,true,54
729,3807,14040,1000,14040,56160.0,76812,70,1,1,1.0,1000,7,1,true,54
729,3808,14043,1000,14043,56172.0,76825,70,1,1,1.0,1000,6,1,true,54
729,3809,14047,1000,14047,56188.0,76846,70,1,1,1.0,1000,6,1,true,54
729,3810,14050,1000,14050,56200.0,76868,70,1,1,1.0,1000,6,1,true,54
729,3811,14054,1000,14054,56216.0,76892,70,1,1,1.0,1000,6,1,true,54
729,3812,14058,1000,14058,56232.0,76912,70,1,1,1.0,1000,7,1,true,54
729,3813,14062,1000,14062,56248.0,76939,70,1,1,1.0,1000,7,1,true,54
729,3814,14066,1000,14066,56264.0,76962,70,1,1,1.0,1000,7,1,true,54
729,3815,14070,1000,14070,56280.0,76993,70,1,1,1.0,1000,7,1,true,54
729,3816,14074,1000,14074,56296.0,77011,70,1,1,1.0,1000,6,1,true,54
729,3817,14078,1000,14078,56312.0,77037,70,1,1,1.0,1000,7,1,true,54
729,3818,14082,1000,14082,56328.0,77060,70,1,1,1.0,1000,6,1,true,54
729,3819,14086,1000,14086,56344.0,77078,70,1,1,1.0,1000,7,1,true,54
729,3820,14090,1000,14090,56360.0,77097,70,1,1,1.0,1000,7,1,true,54
729,3821,14094,1000,14094,56376.0,77125,70,1,1,1.0,1000,7,1,true,54
729,3822,14098,1000,14098,56392.0,77148,70,1,1,1.0,1000,7,1,true,54
729,3823,14102,1000,14102,56408.0,77170,70,1,1,1.0,1000,6,1,true,54
729,3824,14106,1000,14106,56424.0,77195,70,1,1,1.0,1000,7,1,true,54
729,3825,14109,1000,14109,56436.0,77213,70,1,1,1.0,1000,6,1,true,54
729,3826,14112,1000,14112,56448.0,77236,70,1,1,1.0,1000,6,1,true,54
729,3827,14116,1000,14116,56464.0,77260,70,1,1,1.0,1000,7,1,true,54
729,3828,14120,1000,14120,56480.0,77281,70,1,1,1.0,1000,7,1,true,54
729,3829,14124,1000,14124,56496.0,77310,70,1,1,1.0,1000,6,1,true,54
729,3830,14128,1000,14128,56512.0,77332,70,1,1,1.0,1000,7,1,true,54
729,3831,14132,1000,14132,56528.0,77350,70,1,1,1.0,1000,7,1,true,54
729,3832,14136,1000,14136,56544.0,77369,70,1,1,1.0,1000,7,1,true,54
729,3833,14139,1000,14139,56556.0,77382,70,1,1,1.0,1000,6,1,true,54
729,3834,14143,1000,14143,56572.0,77406,70,1,1,1.0,1000,7,1,true,54
729,3835,14146,1000,14146,56584.0,77426,70,1,1,1.0,1000,6,1,true,54
729,3836,14149,1000,14149,56596.0,77443,70,1,1,1.0,1000,6,1,true,54
729,3837,14153,1000,14153,56612.0,77466,70,1,1,1.0,1000,7,1,true,54
729,3838,14156,1000,14156,56624.0,77485,70,1,1,1.0,1000,6,1,true,54
729,3840,14164,1000,14164,56656.0,77530,70,1,1,1.0,1000,7,1,true,54
729,3840,14164,1000,14164,56656.0,77530,70,1,1,1.0,1000,7,1,true,54
729,3841,14168,1000,14168,56672.0,77547,70,1,1,1.0,1000,7,1,true,54
729,3842,14171,1000,14171,56684.0,77564,70,1,1,1.0,1000,6,1,true,54
729,3843,14175,1000,14175,56700.0,77583,70,1,1,1.0,1000,7,1,true,54
729,3844,14179,1000,14179,56716.0,77607,70,1,1,1.0,1000,7,1,true,54
729,3845,14183,1000,14183,56732.0,77634,70,1,1,1.0,1000,7,1,true,54
729,3846,14187,1000,14187,56748.0,77658,70,1,1,1.0,1000,7,1,true,54
729,3847,14191,1000,14191,56764.0,77680,70,1,1,1.0,1000,7,1,true,54
729,3848,14194,1000,14194,56776.0,77695,70,1,1,1.0,1000,6,1,true,54
729,3849,14198,1000,14198,56792.0,77716,70,1,1,1.0,1000,7,1,true,54
729,3850,14202,1000,14202,56808.0,77742,70,1,1,1.0,1000,7,1,true,54
729,3851,14205,1000,14205,56820.0,77758,70,1,1,1.0,1000,6,1,true,54
729,3852,14209,1000,14209,56836.0,77779,70,1,1,1.0,1000,7,1,true,54
729,3853,14212,1000,14212,56848.0,77796,70,1,1,1.0,1000,7,1,true,54
729,3854,14216,1000,14216,56864.0,77816,70,1,1,1.0,1000,6,1,true,54
729,3855,14220,1000,14220,56880.0,77845,70,1,1,1.0,1000,7,1,true,54
729,3856,14224,1000,14224,56896.0,77869,70,1,1,1.0,1000,6,1,true,54
729,3857,14228,1000,14228,56912.0,77885,70,1,1,1.0,1000,7,1,true,54
729,3858,14232,1000,14232,56928.0,77916,70,1,1,1.0,1000,7,1,true,54
729,3859,14236,1000,14236,56944.0,77937,70,1,1,1.0,1000,7,1,true,54
729,3860,14240,1000,14240,56960.0,77958,70,1,1,1.0,1000,7,1,true,54
729,3861,14244,1000,14244,56976.0,77982,70,1,1,1.0,1000,7,1,true,54
729,3862,14248,1000,14248,56992.0,78009,70,1,1,1.0,1000,7,1,true,54
729,3863,14251,1000,14251,57004.0,78034,70,1,1,1.0,1000,6,1,true,54
729,3864,14254,1000,14254,57016.0,78048,70,1,1,1.0,1000,6,1,true,54
729,3865,14257,1000,14257,57028.0,78066,70,1,1,1.0,1000,6,1,true,54
729,3866,14260,1000,14260,57040.0,78079,70,1,1,1.0,1000,6,1,true,54
729,3867,14264,1000,14264,57056.0,78100,70,1,1,1.0,1000,7,1,true,54
729,3868,14268,1000,14268,57072.0,78121,70,1,1,1.0,1000,7,1,true,54
729,3869,14271,1000,14271,57084.0,78140,70,1,1,1.0,1000,6,1,true,54
729,3870,14275,1000,14275,57100.0,78168,70,1,1,1.0,1000,7,1,true,54
729,3871,14279,1000,14279,57116.0,78192,70,1,1,1.0,1000,7,1,true,54
729,3872,14283,1000,14283,57132.0,78212,70,1,1,1.0,1000,7,1,true,54
729,3873,14287,1000,14287,57148.0,78235,70,1,1,1.0,1000,6,1,true,54
729,3874,14291,1000,14291,57164.0,78261,70,1,1,1.0,1000,7,1,true,54
729,3875,14294,1000,14294,57176.0,78274,70,1,1,1.0,1000,6,1,true,54
729,3876,14297,1000,14297,57188.0,78287,70,1,1,1.0,1000,7,1,true,54
729,3877,14301,1000,14301,57204.0,78311,70,1,1,1.0,1000,7,1,true,54
729,3878,14304,1000,14304,57216.0,78325,70,1,1,1.0,1000,6,1,true,54
729,3879,14308,1000,14308,57232.0,78346,70,1,1,1.0,1000,7,1,true,54
729,3880,14311,1000,14311,57244.0,78363,70,1,1,1.0,1000,6,1,true,54
729,3881,14315,1000,14315,57260.0,78379,70,1,1,1.0,1000,6,1,true,54
729,3882,14319,1000,14319,57276.0,78398,70,1,1,1.0,1000,7,1,true,54
729,3883,14323,1000,14323,57292.0,78412,70,1,1,1.0,1000,7,1,true,54
729,3884,14327,1000,14327,57308.0,78434,70,1,1,1.0,1000,7,1,true,54
729,3885,14331,1000,14331,57324.0,78459,70,1,1,1.0,1000,7,1,true,54
729,3886,14335,1000,14335,57340.0,78475,70,1,1,1.0,1000,7,1,true,54
729,3887,14339,1000,14339,57356.0,78496,70,1,1,1.0,1000,7,1,true,54
729,3888,14342,1000,14342,57368.0,78511,70,1,1,1.0,1000,6,1,true,54
729,3889,14345,1000,14345,57380.0,78521,70,1,1,1.0,1000,6,1,true,54
729,3890,14348,1000,14348,57392.0,78535,70,1,1,1.0,1000,6,1,true,54
729,3891,14351,1000,14351,57404.0,78554,70,1,1,1.0,1000,6,1,true,54
729,3892,14354,1000,14354,57416.0,78577,70,1,1,1.0,1000,6,1,true,54
729,3893,14358,1000,14358,57432.0,78601,70,1,1,1.0,1000,7,1,true,54
729,3894,14361,1000,14361,57444.0,78611,70,1,1,1.0,1000,6,1,true,54
729,3895,14365,1000,14365,57460.0,78629,70,1,1,1.0,1000,7,1,true,54
729,3896,14369,1000,14369,57476.0,78650,70,1,1,1.0,1000,7,1,true,54
729,3897,14373,1000,14373,57492.0,78678,70,1,1,1.0,1000,7,1,true,54
729,3898,14377,1000,14377,57508.0,78706,70,1,1,1.0,1000,7,1,true,54
729,3899,14381,1000,14381,57524.0,78726,70,1,1,1.0,1000,7,1,true,54
729,3900,14385,1000,14385,57540.0,78742,70,1,1,1.0,1000,7,1,true,54
729,3902,14392,1000,14392,57568.0,78772,70,1,1,1.0,1000,7,1,true,54
729,3902,14392,1000,14392,57568.0,78772,70,1,1,1.0,1000,7,1,true,54
729,3903,14395,1000,14395,57580.0,78789,70,1,1,1.0,1000,6,1,true,54
729,3904,14399,1000,14399,57596.0,78814,70,1,1,1.0,1000,7,1,true,54
729,3905,14402,1000,14402,57608.0,78833,70,1,1,1.0,1000,7,1,true,54
729,3906,14405,1000,14405,57620.0,78848,70,1,1,1.0,1000,6,1,true,54
729,3907,14409,1000,14409,57636.0,78861,70,1,1,1.0,1000,6,1,true,54
729,3908,14413,1000,14413,57652.0,78882,70,1,1,1.0,1000,6,1,true,54
729,3909,14417,1000,14417,57668.0,78900,70,1,1,1.0,1000,7,1,true,54
729,3910,14421,1000,14421,57684.0,78916,70,1,1,1.0,1000,7,1,true,54
729,3911,14425,1000,14425,57700.0,78940,70,1,1,1.0,1000,7,1,true,54
729,3912,14429,1000,14429,57716.0,78964,70,1,1,1.0,1000,7,1,true,54
729,3913,14433,1000,14433,57732.0,78988,70,1,1,1.0,1000,7,1,true,54
729,3914,14436,1000,14436,57744.0,79002,70,1,1,1.0,1000,6,1,true,54
729,3915,14439,1000,14439,57756.0,79019,70,1,1,1.0,1000,6,1,true,54
729,3916,14443,1000,14443,57772.0,79041,70,1,1,1.0,1000,7,1,true,54
729,3917,14447,1000,14447,57788.0,79054,70,1,1,1.0,1000,7,1,true,54
729,3918,14451,1000,14451,57804.0,79077,70,1,1,1.0,1000,7,1,true,54
729,3919,14455,1000,14455,57820.0,79097,70,1,1,1.0,1000,7,1,true,54
729,3920,14459,1000,14459,57836.0,79121,70,1,1,1.0,1000,7,1,true,54
729,3921,14462,1000,14462,57848.0,79139,70,1,1,1.0,1000,6,1,true,54
729,3922,14465,1000,14465,57860.0,79159,70,1,1,1.0,1000,6,1,true,54
729,3923,14469,1000,14469,57876.0,79189,70,1,1,1.0,1000,7,1,true,54
729,3924,14473,1000,14473,57892.0,79212,70,1,1,1.0,1000,6,1,true,54
729,3925,14476,1000,14476,57904.0,79230,70,1,1,1.0,1000,6,1,true,54
729,3926,14480,1000,14480,57920.0,79259,70,1,1,1.0,1000,7,1,true,54
729,3927,14484,1000,14484,57936.0,79278,70,1,1,1.0,1000,7,1,true,54
729,3928,14488,1000,14488,57952.0,79303,70,1,1,1.0,1000,7,1,true,54
729,3929,14491,1000,14491,57964.0,79319,70,1,1,1.0,1000,6,1,true,54
729,3930,14495,1000,14495,57980.0,79338,70,1,1,1.0,1000,7,1,true,54
729,3931,14499,1000,14499,57996.0,79362,70,1,1,1.0,1000,7,1,true,54
729,3932,14503,1000,14503,58012.0,79380,70,1,1,1.0,1000,7,1,true,54
729,3933,14507,1000,14507,58028.0,79394,70,1,1,1.0,1000,7,1,true,54
729,3934,14511,1000,14511,58044.0,79414,70,1,1,1.0,1000,7,1,true,54
729,3935,14515,1000,14515,58060.0,79442,70,1,1,1.0,1000,7,1,true,54
729,3936,14519,1000,14519,58076.0,79469,70,1,1,1.0,1000,7,1,true,54
729,3937,14523,1000,14523,58092.0,79489,70,1,1,1.0,1000,7,1,true,54
729,3938,14527,1000,14527,58108.0,79512,70,1,1,1.0,1000,7,1,true,54
729,3939,14532,1000,14532,58128.0,79543,70,1,1,1.0,1000,7,1,true,54
729,3940,14536,1000,14536,58144.0,79570,70,1,1,1.0,1000,7,1,true,54
729,3941,14540,1000,14540,58160.0,79585,70,1,1,1.0,1000,7,1,true,54
729,3942,14544,1000,14544,58176.0,79606,70,1,1,1.0,1000,6,1,true,54
729,3943,14547,1000,14547,58188.0,79623,70,1,1,1.0,1000,7,1,true,54
729,3944,14551,1000,14551,58204.0,79644,70,1,1,1.0,1000,6,1,true,54
729,3945,14554,1000,14554,58216.0,79656,70,1,1,1.0,1000,7,1,true,54
729,3946,14558,1000,14558,58232.0,79680,70,1,1,1.0,1000,7,1,true,54
729,3947,14561,1000,14561,58244.0,79691,70,1,1,1.0,1000,6,1,true,54
729,3948,14565,1000,14565,58260.0,79711,70,1,1,1.0,1000,7,1,true,54
729,3949,14569,1000,14569,58276.0,79733,70,1,1,1.0,1000,7,1,true,54
729,3950,14573,1000,14573,58292.0,79751,70,1,1,1.0,1000,7,1,true,54
729,3951,14577,1000,14577,58308.0,79778,70,1,1,1.0,1000,7,1,true,54
729,3952,14580,1000,14580,58320.0,79794,70,1,1,1.0,1000,7,1,true,54
729,3953,14584,1000,14584,58336.0,79820,70,1,1,1.0,1000,7,1,true,54
729,3954,14588,1000,14588,58352.0,79845,70,1,1,1.0,1000,7,1,true,54
729,3955,14592,1000,14592,58368.0,79859,70,1,1,1.0,1000,7,1,true,54
729,3956,14595,1000,14595,58380.0,79876,70,1,1,1.0,1000,6,1,true,54
729,3957,14598,1000,14598,58392.0,79892,70,1,1,1.0,1000,6,1,true,54
729,3958,14601,1000,14601,58404.0,79906,70,1,1,1.0,1000,7,1,true,54
729,3959,14605,1000,14605,58420.0,79929,70,1,1,1.0,1000,7,1,true,54
729,3960,14609,1000,14609,58436.0,79958,70,1,1,1.0,1000,7,1,true,54
729,3961,14613,1000,14613,58452.0,79978,70,1,1,1.0,1000,7,1,true,54
729,3962,14617,1000,14617,58468.0,79998,70,1,1,1.0,1000,7,1,true,54
729,3963,14620,1000,14620,58480.0,80011,70,1,1,1.0,1000,6,1,true,54
729,3964,14624,1000,14624,58496.0,80031,70,1,1,1.0,1000,7,1,true,54
729,3965,14628,1000,14628,58512.0,80061,70,1,1,1.0,1000,7,1,true,54
729,3966,14632,1000,14632,58528.0,80084,70,1,1,1.0,1000,7,1,true,54
729,3967,14636,1000,14636,58544.0,80104,70,1,1,1.0,1000,6,1,true,54
729,3968,14640,1000,14640,58560.0,80122,70,1,1,1.0,1000,6,1,true,54
729,3969,14643,1000,14643,58572.0,80132,70,1,1,1.0,1000,6,1,true,54
729,3970,14647,1000,14647,58588.0,80147,70,1,1,1.0,1000,7,1,true,54
729,3971,14650,1000,14650,58600.0,80164,70,1,1,1.0,1000,6,1,true,54
729,3972,14654,1000,14654,58616.0,80190,70,1,1,1.0,1000,6,1,true,54
729,3973,14658,1000,14658,58632.0,80219,70,1,1,1.0,1000,6,1,true,54
729,3974,14662,1000,14662,58648.0,80244,70,1,1,1.0,1000,7,1,true,54
729,3975,14665,1000,14665,58660.0,80265,70,1,1,1.0,1000,6,1,true,54
729,3976,14668,1000,14668,58672.0,80282,70,1,1,1.0,1000,6,1,true,54
729,3977,14671,1000,14671,58684.0,80300,70,1,1,1.0,1000,6,1,true,54
729,3978,14674,1000,14674,58696.0,80318,70,1,1,1.0,1000,6,1,true,54
729,3979,14677,1000,14677,58708.0,80333,70,1,1,1.0,1000,6,1,true,54
729,3980,14681,1000,14681,58724.0,80356,70,1,1,1.0,1000,6,1,true,54
729,3981,14685,1000,14685,58740.0,80374,70,1,1,1.0,1000,7,1,true,54
729,3982,14689,1000,14689,58756.0,80388,70,1,1,1.0,1000,7,1,true,54
729,3983,14693,1000,14693,58772.0,80411,70,1,1,1.0,1000,7,1,true,54
729,3984,14696,1000,14696,58784.0,80429,70,1,1,1.0,1000,6,1,true,54
729,3985,14700,1000,14700,58800.0,80446,70,1,1,1.0,1000,7,1,true,54
729,3986,14704,1000,14704,58816.0,80469,70,1,1,1.0,1000,7,1,true,54
729,3987,14708,1000,14708,58832.0,80493,70,1,1,1.0,1000,7,1,true,54
729,3988,14712,1000,14712,58848.0,80514,70,1,1,1.0,1000,7,1,true,54
729,3989,14715,1000,14715,58860.0,80531,70,1,1,1.0,1000,6,1,true,54
729,3990,14719,1000,14719,58876.0,80552,70,1,1,1.0,1000,7,1,true,54
729,3991,14723,1000,14723,58892.0,80568,70,1,1,1.0,1000,7,1,true,54
729,3992,14726,1000,14726,58904.0,80583,70,1,1,1.0,1000,6,1,true,54
729,3993,14730,1000,14730,58920.0,80607,70,1,1,1.0,1000,7,1,true,54
729,3994,14734,1000,14734,58936.0,80626,70,1,1,1.0,1000,7,1,true,54
729,3995,14738,1000,14738,58952.0,80644,70,1,1,1.0,1000,7,1,true,54
729,3996,14741,1000,14741,58964.0,80668,70,1,1,1.0,1000,7,1,true,54
729,3997,14745,1000,14745,58980.0,80692,70,1,1,1.0,1000,7,1,true,54
729,3998,14749,1000,14749,58996.0,80715,70,1,1,1.0,1000,7,1,true,54
729,3999,14752,1000,14752,59008.0,80734,70,1,1,1.0,1000,7,1,true,54
729,4000,14756,1000,14756,59024.0,80753,70,1,1,1.0,1000,7,1,true,54
729,4001,14760,1000,14760,59040.0,80773,70,1,1,1.0,1000,7,1,true,54
729,4002,14764,1000,14764,59056.0,80790,70,1,1,1.0,1000,7,1,true,54
729,4003,14768,1000,14768,59072.0,80811,70,1,1,1.0,1000,7,1,true,54
729,4004,14772,1000,14772,59088.0,80834,70,1,1,1.0,1000,6,1,true,54
729,4005,14776,1000,14776,59104.0,80855,70,1,1,1.0,1000,7,1,true,54
729,4006,14779,1000,14779,59116.0,80870,70,1,1,1.0,1000,6,1,true,54
729,4007,14783,1000,14783,59132.0,80892,70,1,1,1.0,1000,7,1,true,54
729,4008,14786,1000,14786,59144.0,80915,70,1,1,1.0,1000,6,1,true,54
729,4009,14790,1000,14790,59160.0,80933,70,1,1,1.0,1000,7,1,true,54
729,4010,14794,1000,14794,59176.0,80954,70,1,1,1.0,1000,7,1,true,54
729,4011,14798,1000,14798,59192.0,80973,70,1,1,1.0,1000,7,1,true,54
729,4012,14802,1000,14802,59208.0,80998,70,1,1,1.0,1000,7,1,true,54
729,4013,14805,1000,14805,59220.0,81014,70,1,1,1.0,1000,7,1,true,54
729,4014,14809,1000,14809,59236.0,81031,70,1,1,1.0,1000,6,1,true,54
729,4015,14813,1000,14813,59252.0,81052,70,1,1,1.0,1000,7,1,true,54
729,4016,14817,1000,14817,59268.0,81074,70,1,1,1.0,1000,7,1,true,54
729,4017,14821,1000,14821,59284.0,81092,70,1,1,1.0,1000,6,1,true,54
729,4018,14824,1000,14824,59296.0,81111,70,1,1,1.0,1000,7,1,true,54
729,4019,14828,1000,14828,59312.0,81130,70,1,1,1.0,1000,7,1,true,54
729,4020,14832,1000,14832,59328.0,81153,70,1,1,1.0,1000,7,1,true,54
729,4021,14836,1000,14836,59344.0,81172,70,1,1,1.0,1000,7,1,true,54
729,4022,14840,1000,14840,59360.0,81189,70,1,1,1.0,1000,7,1,true,54
729,4023,14843,1000,14843,59372.0,81205,70,1,1,1.0,1000,6,1,true,54
729,4024,14847,1000,14847,59388.0,81222,70,1,1,1.0,1000,7,1,true,54
729,4025,14851,1000,14851,59404.0,81242,70,1,1,1.0,1000,7,1,true,54
729,4026,14855,1000,14855,59420.0,81258,70,1,1,1.0,1000,6,1,true,54
729,4027,14858,1000,14858,59432.0,81270,70,1,1,1.0,1000,6,1,true,54
729,4028,14861,1000,14861,59444.0,81287,70,1,1,1.0,1000,7,1,true,54
729,4029,14864,1000,14864,59456.0,81308,70,1,1,1.0,1000,6,1,true,54
729,4030,14868,1000,14868,59472.0,81324,70,1,1,1.0,1000,7,1,true,54
729,4031,14872,1000,14872,59488.0,81347,70,1,1,1.0,1000,7,1,true,54
729,4032,14876,1000,14876,59504.0,81369,70,1,1,1.0,1000,7,1,true,54
729,4033,14879,1000,14879,59516.0,81388,70,1,1,1.0,1000,7,1,true,54
729,4034,14882,1000,14882,59528.0,81406,70,1,1,1.0,1000,6,1,true,54
729,4035,14886,1000,14886,59544.0,81429,70,1,1,1.0,1000,6,1,true,54
729,4036,14890,1000,14890,59560.0,81445,70,1,1,1.0,1000,7,1,true,54
729,4037,14893,1000,14893,59572.0,81456,70,1,1,1.0,1000,6,1,true,54
729,4038,14897,1000,14897,59588.0,81480,70,1,1,1.0,1000,7,1,true,54
729,4039,14900,1000,14900,59600.0,81494,70,1,1,1.0,1000,6,1,true,54
729,4040,14904,1000,14904,59616.0,81518,70,1,1,1.0,1000,7,1,true,54
729,4041,14908,1000,14908,59632.0,81547,70,1,1,1.0,1000,7,1,true,54
729,4042,14911,1000,14911,59644.0,81562,70,1,1,1.0,1000,6,1,true,54
729,4043,14915,1000,14915,59660.0,81585,70,1,1,1.0,1000,7,1,true,54
729,4044,14919,1000,14919,59676.0,81604,70,1,1,1.0,1000,7,1,true,54
729,4045,14923,1000,14923,59692.0,81615,70,1,1,1.0,1000,7,1,true,54
729,4046,14927,1000,14927,59708.0,81635,70,1,1,1.0,1000,7,1,true,54
729,4047,14931,1000,14931,59724.0,81656,70,1,1,1.0,1000,7,1,true,54
729,4048,14935,1000,14935,59740.0,81678,70,1,1,1.0,1000,7,1,true,54
729,4049,14939,1000,14939,59756.0,81697,70,1,1,1.0,1000,6,1,true,54
729,4050,14942,1000,14942,59768.0,81718,70,1,1,1.0,1000,7,1,true,54
729,4051,14946,1000,14946,59784.0,81740,70,1,1,1.0,1000,7,1,true,54
729,4052,14950,1000,14950,59800.0,81755,70,1,1,1.0,1000,7,1,true,54
729,4053,14954,1000,14954,59816.0,81780,70,1,1,1.0,1000,7,1,true,54
729,4054,14958,1000,14958,59832.0,81802,70,1,1,1.0,1000,7,1,true,54
729,4055,14961,1000,14961,59844.0,81819,70,1,1,1.0,1000,6,1,true,54
729,4056,14965,1000,14965,59860.0,81839,70,1,1,1.0,1000,7,1,true,54
729,4057,14969,1000,14969,59876.0,81858,70,1,1,1.0,1000,6,1,true,54
729,4058,14972,1000,14972,59888.0,81870,70,1,1,1.0,1000,6,1,true,54
729,4059,14976,1000,14976,59904.0,81886,70,1,1,1.0,1000,7,1,true,54
729,4060,14980,1000,14980,59920.0,81913,70,1,1,1.0,1000,7,1,true,54
729,4061,14983,1000,14983,59932.0,81926,70,1,1,1.0,1000,7,1,true,54
729,4062,14987,1000,14987,59948.0,81947,70,1,1,1.0,1000,7,1,true,54
729,4063,14990,1000,14990,59960.0,81971,70,1,1,1.0,1000,6,1,true,54
729,4064,14994,1000,14994,59976.0,81999,70,1,1,1.0,1000,7,1,true,54
729,4065,14997,1000,14997,59988.0,82015,70,1,1,1.0,1000,7,1,true,54
729,4066,15001,1000,15001,60004.0,82036,70,1,1,1.0,1000,7,1,true,54
729,4067,15005,1000,15005,60020.0,82054,70,1,1,1.0,1000,6,1,true,54
729,4068,15008,1000,15008,60032.0,82068,70,1,1,1.0,1000,7,1,true,54
729,4069,15012,1000,15012,60048.0,82096,70,1,1,1.0,1000,6,1,true,54
729,4070,15016,1000,15016,60064.0,82121,70,1,1,1.0,1000,7,1,true,54
729,4071,15019,1000,15019,60076.0,82132,70,1,1,1.0,1000,7,1,true,54
729,4072,15023,1000,15023,60092.0,82152,70,1,1,1.0,1000,7,1,true,54
729,4073,15027,1000,15027,60108.0,82170,70,1,1,1.0,1000,7,1,true,54
729,4074,15031,1000,15031,60124.0,82190,70,1,1,1.0,1000,7,1,true,54
729,4075,15035,1000,15035,60140.0,82210,70,1,1,1.0,1000,7,1,true,54
729,4076,15039,1000,15039,60156.0,82223,70,1,1,1.0,1000,7,1,true,54
729,4077,15043,1000,15043,60172.0,82247,70,1,1,1.0,1000,7,1,true,54
729,4078,15047,1000,15047,60188.0,82264,70,1,1,1.0,1000,7,1,true,54
729,4079,15051,1000,15051,60204.0,82282,70,1,1,1.0,1000,7,1,true,54
729,4080,15055,1000,15055,60220.0,82303,70,1,1,1.0,1000,7,1,true,54
729,4081,15059,1000,15059,60236.0,82325,70,1,1,1.0,1000,6,1,true,54
729,4082,15063,1000,15063,60252.0,82346,70,1,1,1.0,1000,7,1,true,54
729,4083,15067,1000,15067,60268.0,82370,70,1,1,1.0,1000,7,1,true,54
729,4084,15070,1000,15070,60280.0,82382,70,1,1,1.0,1000,7,1,true,54
729,4085,15074,1000,15074,60296.0,82395,70,1,1,1.0,1000,7,1,true,54
729,4086,15078,1000,15078,60312.0,82414,70,1,1,1.0,1000,7,1,true,54
729,4087,15081,1000,15081,60324.0,82432,70,1,1,1.0,1000,6,1,true,54
729,4088,15084,1000,15084,60336.0,82445,70,1,1,1.0,1000,6,1,true,54
729,4089,15087,1000,15087,60348.0,82465,70,1,1,1.0,1000,6,1,true,54
729,4090,15091,1000,15091,60364.0,82484,70,1,1,1.0,1000,7,1,true,54
729,4091,15095,1000,15095,60380.0,82507,70,1,1,1.0,1000,7,1,true,54
729,4092,15099,1000,15099,60396.0,82527,70,1,1,1.0,1000,6,1,true,54
729,4093,15103,1000,15103,60412.0,82549,70,1,1,1.0,1000,7,1,true,54
729,4094,15107,1000,15107,60428.0,82565,70,1,1,1.0,1000,7,1,true,54
729,4095,15110,1000,15110,60440.0,82580,70,1,1,1.0,1000,6,1,true,54
729,4096,15113,1000,15113,60452.0,82589,70,1,1,1.0,1000,6,1,true,54
729,4097,15117,1000,15117,60468.0,82611,70,1,1,1.0,1000,7,1,true,54
729,4098,15121,1000,15121,60484.0,82636,70,1,1,1.0,1000,7,1,true,54
729,4099,15125,1000,15125,60500.0,82678,70,1,1,1.0,1000,7,1,true,54
729,4100,15128,1000,15128,60512.0,82692,70,1,1,1.0,1000,6,1,true,54
729,4101,15132,1000,15132,60528.0,82721,70,1,1,1.0,1000,7,1,true,54
729,4102,15136,1000,15136,60544.0,82739,70,1,1,1.0,1000,7,1,true,54
729,4103,15139,1000,15139,60556.0,82762,70,1,1,1.0,1000,6,1,true,54
729,4104,15143,1000,15143,60572.0,82782,70,1,1,1.0,1000,7,1,true,54
729,4105,15146,1000,15146,60584.0,82796,70,1,1,1.0,1000,7,1,true,54
729,4106,15150,1000,15150,60600.0,82820,70,1,1,1.0,1000,7,1,true,54
729,4107,15154,1000,15154,60616.0,82848,70,1,1,1.0,1000,7,1,true,54
729,4108,15157,1000,15157,60628.0,82863,70,1,1,1.0,1000,7,1,true,54
729,4109,15161,1000,15161,60644.0,82886,70,1,1,1.0,1000,7,1,true,54
729,4110,15165,1000,15165,60660.0,82904,70,1,1,1.0,1000,7,1,true,54
729,4111,15168,1000,15168,60672.0,82922,70,1,1,1.0,1000,7,1,true,54
729,4112,15172,1000,15172,60688.0,82942,70,1,1,1.0,1000,7,1,true,54
729,4113,15175,1000,15175,60700.0,82958,70,1,1,1.0,1000,6,1,true,54
729,4114,15179,1000,15179,60716.0,82976,70,1,1,1.0,1000,7,1,true,54
729,4115,15182,1000,15182,60728.0,82988,70,1,1,1.0,1000,7,1,true,54
729,4116,15186,1000,15186,60744.0,83011,70,1,1,1.0,1000,7,1,true,54
729,4117,15189,1000,15189,60756.0,83039,70,1,1,1.0,1000,7,1,true,54
729,4118,15192,1000,15192,60768.0,83055,70,1,1,1.0,1000,6,1,true,54
729,4119,15196,1000,15196,60784.0,83075,70,1,1,1.0,1000,7,1,true,54
729,4120,15200,1000,15200,60800.0,83100,70,1,1,1.0,1000,7,1,true,54
729,4121,15204,1000,15204,60816.0,83124,70,1,1,1.0,1000,7,1,true,54
729,4122,15208,1000,15208,60832.0,83148,70,1,1,1.0,1000,7,1,true,54
729,4123,15211,1000,15211,60844.0,83166,70,1,1,1.0,1000,6,1,true,54
729,4124,15215,1000,15215,60860.0,83190,70,1,1,1.0,1000,7,1,true,54
729,4125,15218,1000,15218,60872.0,83203,70,1,1,1.0,1000,6,1,true,54
729,4126,15221,1000,15221,60884.0,83223,70,1,1,1.0,1000,6,1,true,54
729,4127,15225,1000,15225,60900.0,83249,70,1,1,1.0,1000,7,1,true,54
729,4128,15229,1000,15229,60916.0,83267,70,1,1,1.0,1000,7,1,true,54
729,4129,15232,1000,15232,60928.0,83287,70,1,1,1.0,1000,7,1,true,54
729,4130,15235,1000,15235,60940.0,83305,70,1,1,1.0,1000,6,1,true,54
729,4131,15238,1000,15238,60952.0,83321,70,1,1,1.0,1000,6,1,true,54
729,4132,15241,1000,15241,60964.0,83337,70,1,1,1.0,1000,6,1,true,54
729,4133,15245,1000,15245,60980.0,83354,70,1,1,1.0,1000,7,1,true,54
729,4134,15249,1000,15249,60996.0,83373,70,1,1,1.0,1000,6,1,true,54
729,4135,15253,1000,15253,61012.0,83392,70,1,1,1.0,1000,7,1,true,54
729,4136,15257,1000,15257,61028.0,83409,70,1,1,1.0,1000,7,1,true,54
729,4137,15261,1000,15261,61044.0,83432,70,1,1,1.0,1000,7,1,true,54
729,4138,15265,1000,15265,61060.0,83452,70,1,1,1.0,1000,7,1,true,54
729,4139,15269,1000,15269,61076.0,83474,70,1,1,1.0,1000,6,1,true,54
729,4140,15273,1000,15273,61092.0,83495,70,1,1,1.0,1000,7,1,true,54
729,4141,15276,1000,15276,61104.0,83513,70,1,1,1.0,1000,6,1,true,54
729,4142,15279,1000,15279,61116.0,83526,70,1,1,1.0,1000,7,1,true,54
729,4143,15283,1000,15283,61132.0,83546,70,1,1,1.0,1000,7,1,true,54
729,4144,15287,1000,15287,61148.0,83564,70,1,1,1.0,1000,7,1,true,54
729,4145,15291,1000,15291,61164.0,83578,70,1,1,1.0,1000,7,1,true,54
729,4146,15295,1000,15295,61180.0,83593,70,1,1,1.0,1000,7,1,true,54
729,4147,15299,1000,15299,61196.0,83623,70,1,1,1.0,1000,7,1,true,54
729,4148,15302,1000,15302,61208.0,83640,70,1,1,1.0,1000,6,1,true,54
729,4149,15304,1000,15304,61216.0,83651,70,1,1,1.0,1000,6,1,true,54
729,4150,15307,1000,15307,61228.0,83662,70,1,1,1.0,1000,6,1,true,54
729,4151,15311,1000,15311,61244.0,83681,70,1,1,1.0,1000,7,1,true,54
729,4152,15315,1000,15315,61260.0,83697,70,1,1,1.0,1000,7,1,true,54
729,4153,15319,1000,15319,61276.0,83717,70,1,1,1.0,1000,7,1,true,54
729,4154,15322,1000,15322,61288.0,83734,70,1,1,1.0,1000,6,1,true,54
729,4155,15325,1000,15325,61300.0,83747,70,1,1,1.0,1000,6,1,true,54
729,4156,15329,1000,15329,61316.0,83766,70,1,1,1.0,1000,7,1,true,54
729,4157,15333,1000,15333,61332.0,83796,70,1,1,1.0,1000,7,1,true,54
729,4158,15337,1000,15337,61348.0,83815,70,1,1,1.0,1000,7,1,true,54
729,4159,15341,1000,15341,61364.0,83834,70,1,1,1.0,1000,7,1,true,54
729,4160,15345,1000,15345,61380.0,83850,70,1,1,1.0,1000,7,1,true,54
729,4161,15349,1000,15349,61396.0,83879,70,1,1,1.0,1000,7,1,true,54
729,4162,15353,1000,15353,61412.0,83905,70,1,1,1.0,1000,7,1,true,54
729,4163,15357,1000,15357,61428.0,83925,70,1,1,1.0,1000,7,1,true,54
729,4164,15361,1000,15361,61444.0,83948,70,1,1,1.0,1000,7,1,true,54
729,4165,15365,1000,15365,61460.0,83973,70,1,1,1.0,1000,7,1,true,54
729,4166,15369,1000,15369,61476.0,83993,70,1,1,1.0,1000,7,1,true,54
729,4167,15373,1000,15373,61492.0,84014,70,1,1,1.0,1000,7,1,true,54
729,4168,15376,1000,15376,61504.0,84038,70,1,1,1.0,1000,6,1,true,54
729,4169,15379,1000,15379,61516.0,84052,70,1,1,1.0,1000,6,1,true,54
729,4170,15383,1000,15383,61532.0,84078,70,1,1,1.0,1000,7,1,true,54
729,4171,15387,1000,15387,61548.0,84098,70,1,1,1.0,1000,6,1,true,54
729,4172,15390,1000,15390,61560.0,84115,70,1,1,1.0,1000,6,1,true,54
729,4173,15394,1000,15394,61576.0,84137,70,1,1,1.0,1000,7,1,true,54
729,4174,15398,1000,15398,61592.0,84157,70,1,1,1.0,1000,6,1,true,54
729,4175,15402,1000,15402,61608.0,84185,70,1,1,1.0,1000,7,1,true,54
729,4176,15406,1000,15406,61624.0,84203,70,1,1,1.0,1000,7,1,true,54
729,4177,15410,1000,15410,61640.0,84227,70,1,1,1.0,1000,6,1,true,54
729,4178,15414,1000,15414,61656.0,84247,70,1,1,1.0,1000,7,1,true,54
729,4179,15418,1000,15418,61672.0,84274,70,1,1,1.0,1000,7,1,true,54
729,4180,15421,1000,15421,61684.0,84288,70,1,1,1.0,1000,7,1,true,54
729,4181,15424,1000,15424,61696.0,84305,70,1,1,1.0,1000,7,1,true,54
729,4182,15428,1000,15428,61712.0,84327,70,1,1,1.0,1000,7,1,true,54
729,4183,15432,1000,15432,61728.0,84356,70,1,1,1.0,1000,7,1,true,54
729,4184,15436,1000,15436,61744.0,84376,70,1,1,1.0,1000,7,1,true,54
729,4185,15440,1000,15440,61760.0,84400,70,1,1,1.0,1000,7,1,true,54
729,4186,15443,1000,15443,61772.0,84413,70,1,1,1.0,1000,6,1,true,54
729,4187,15446,1000,15446,61784.0,84426,70,1,1,1.0,1000,7,1,true,54
729,4188,15449,1000,15449,61796.0,84441,70,1,1,1.0,1000,7,1,true,54
729,4189,15452,1000,15452,61808.0,84464,70,1,1,1.0,1000,6,1,true,54
729,4190,15456,1000,15456,61824.0,84488,70,1,1,1.0,1000,7,1,true,54
729,4191,15460,1000,15460,61840.0,84511,70,1,1,1.0,1000,7,1,true,54
729,4192,15464,1000,15464,61856.0,84529,70,1,1,1.0,1000,7,1,true,54
729,4193,15467,1000,15467,61868.0,84544,70,1,1,1.0,1000,7,1,true,54
729,4194,15471,1000,15471,61884.0,84564,70,1,1,1.0,1000,6,1,true,54
729,4195,15475,1000,15475,61900.0,84597,70,1,1,1.0,1000,7,1,true,54
729,4196,15479,1000,15479,61916.0,84620,70,1,1,1.0,1000,7,1,true,54
729,4197,15483,1000,15483,61932.0,84636,70,1,1,1.0,1000,7,1,true,54
729,4198,15487,1000,15487,61948.0,84660,70,1,1,1.0,1000,6,1,true,54
729,4199,15491,1000,15491,61964.0,84687,70,1,1,1.0,1000,7,1,true,54
729,4200,15494,1000,15494,61976.0,84700,70,1,1,1.0,1000,7,1,true,54
729,4201,15498,1000,15498,61992.0,84720,70,1,1,1.0,1000,7,1,true,54
729,4202,15501,1000,15501,62004.0,84740,70,1,1,1.0,1000,6,1,true,54
729,4203,15505,1000,15505,62020.0,84765,70,1,1,1.0,1000,7,1,true,54
729,4204,15508,1000,15508,62032.0,84778,70,1,1,1.0,1000,6,1,true,54
729,4205,15511,1000,15511,62044.0,84794,70,1,1,1.0,1000,6,1,true,54
729,4206,15515,1000,15515,62060.0,84819,70,1,1,1.0,1000,7,1,true,54
729,4207,15518,1000,15518,62072.0,84836,70,1,1,1.0,1000,6,1,true,54
729,4208,15522,1000,15522,62088.0,84848,70,1,1,1.0,1000,7,1,true,54
729,4209,15526,1000,15526,62104.0,84874,70,1,1,1.0,1000,7,1,true,54
729,4210,15529,1000,15529,62116.0,84888,70,1,1,1.0,1000,6,1,true,54
729,4211,15533,1000,15533,62132.0,84909,70,1,1,1.0,1000,6,1,true,54
729,4212,15536,1000,15536,62144.0,84925,70,1,1,1.0,1000,6,1,true,54
729,4213,15540,1000,15540,62160.0,84938,70,1,1,1.0,1000,7,1,true,54
729,4214,15544,1000,15544,62176.0,84965,70,1,1,1.0,1000,6,1,true,54
729,4215,15548,1000,15548,62192.0,84990,70,1,1,1.0,1000,7,1,true,54
729,4216,15552,1000,15552,62208.0,85013,70,1,1,1.0,1000,7,1,true,54
729,4217,15556,1000,15556,62224.0,85040,70,1,1,1.0,1000,7,1,true,54
729,4218,15560,1000,15560,62240.0,85062,70,1,1,1.0,1000,7,1,true,54
729,4219,15563,1000,15563,62252.0,85076,70,1,1,1.0,1000,6,1,true,54
729,4220,15567,1000,15567,62268.0,85091,70,1,1,1.0,1000,7,1,true,54
729,4221,15571,1000,15571,62284.0,85115,70,1,1,1.0,1000,7,1,true,54
729,4222,15574,1000,15574,62296.0,85136,70,1,1,1.0,1000,6,1,true,54
729,4223,15578,1000,15578,62312.0,85154,70,1,1,1.0,1000,7,1,true,54
729,4224,15582,1000,15582,62328.0,85185,70,1,1,1.0,1000,7,1,true,54
729,4225,15586,1000,15586,62344.0,85215,70,1,1,1.0,1000,7,1,true,54
729,4226,15589,1000,15589,62356.0,85234,70,1,1,1.0,1000,6,1,true,54
729,4227,15593,1000,15593,62372.0,85255,70,1,1,1.0,1000,7,1,true,54
729,4228,15597,1000,15597,62388.0,85275,70,1,1,1.0,1000,7,1,true,54
729,4229,15600,1000,15600,62400.0,85293,70,1,1,1.0,1000,6,1,true,54
729,4230,15603,1000,15603,62412.0,85308,70,1,1,1.0,1000,6,1,true,54
729,4231,15607,1000,15607,62428.0,85334,70,1,1,1.0,1000,7,1,true,54
729,4232,15611,1000,15611,62444.0,85349,70,1,1,1.0,1000,7,1,true,54
729,4233,15615,1000,15615,62460.0,85365,70,1,1,1.0,1000,7,1,true,54
729,4234,15619,1000,15619,62476.0,85376,70,1,1,1.0,1000,7,1,true,54
729,4235,15623,1000,15623,62492.0,85396,70,1,1,1.0,1000,7,1,true,54
729,4236,15626,1000,15626,62504.0,85406,70,1,1,1.0,1000,6,1,true,54
729,4237,15630,1000,15630,62520.0,85431,70,1,1,1.0,1000,7,1,true,54
729,4238,15634,1000,15634,62536.0,85452,70,1,1,1.0,1000,6,1,true,54
729,4239,15638,1000,15638,62552.0,85475,70,1,1,1.0,1000,6,1,true,54
729,4240,15641,1000,15641,62564.0,85495,70,1,1,1.0,1000,7,1,true,54
729,4241,15645,1000,15645,62580.0,85515,70,1,1,1.0,1000,7,1,true,54
729,4242,15649,1000,15649,62596.0,85535,70,1,1,1.0,1000,6,1,true,54
729,4243,15652,1000,15652,62608.0,85551,70,1,1,1.0,1000,6,1,true,54
729,4244,15655,1000,15655,62620.0,85564,70,1,1,1.0,1000,6,1,true,54
729,4245,15659,1000,15659,62636.0,85581,70,1,1,1.0,1000,7,1,true,54
729,4246,15662,1000,15662,62648.0,85600,70,1,1,1.0,1000,7,1,true,54
729,4247,15666,1000,15666,62664.0,85616,70,1,1,1.0,1000,7,1,true,54
729,4248,15669,1000,15669,62676.0,85637,70,1,1,1.0,1000,6,1,true,54
729,4249,15672,1000,15672,62688.0,85658,70,1,1,1.0,1000,7,1,true,54
729,4250,15675,1000,15675,62700.0,85669,70,1,1,1.0,1000,6,1,true,54
729,4251,15679,1000,15679,62716.0,85687,70,1,1,1.0,1000,7,1,true,54
729,4252,15683,1000,15683,62732.0,85704,70,1,1,1.0,1000,7,1,true,54
729,4253,15686,1000,15686,62744.0,85717,70,1,1,1.0,1000,6,1,true,54
729,4254,15689,1000,15689,62756.0,85737,70,1,1,1.0,1000,6,1,true,54
729,4255,15693,1000,15693,62772.0,85760,70,1,1,1.0,1000,7,1,true,54
729,4256,15697,1000,15697,62788.0,85790,70,1,1,1.0,1000,7,1,true,54
729,4257,15701,1000,15701,62804.0,85815,70,1,1,1.0,1000,7,1,true,54
729,4258,15705,1000,15705,62820.0,85839,70,1,1,1.0,1000,7,1,true,54
729,4259,15709,1000,15709,62836.0,85863,70,1,1,1.0,1000,7,1,true,54
729,4260,15712,1000,15712,62848.0,85874,70,1,1,1.0,1000,7,1,true,54
729,4261,15716,1000,15716,62864.0,85891,70,1,1,1.0,1000,7,1,true,54
729,4262,15720,1000,15720,62880.0,85906,70,1,1,1.0,1000,7,1,true,54
729,4263,15723,1000,15723,62892.0,85926,70,1,1,1.0,1000,6,1,true,54
729,4264,15727,1000,15727,62908.0,85940,70,1,1,1.0,1000,7,1,true,54
729,4265,15730,1000,15730,62920.0,85954,70,1,1,1.0,1000,6,1,true,54
729,4266,15734,1000,15734,62936.0,85969,70,1,1,1.0,1000,7,1,true,54
729,4267,15738,1000,15738,62952.0,85984,70,1,1,1.0,1000,7,1,true,54
729,4268,15741,1000,15741,62964.0,86000,70,1,1,1.0,1000,6,1,true,54
729,4269,15744,1000,15744,62976.0,86015,70,1,1,1.0,1000,6,1,true,54
729,4270,15748,1000,15748,62992.0,86042,70,1,1,1.0,1000,7,1,true,54
729,4271,15752,1000,15752,63008.0,86062,70,1,1,1.0,1000,7,1,true,54
729,4272,15755,1000,15755,63020.0,86071,70,1,1,1.0,1000,7,1,true,54
729,4273,15758,1000,15758,63032.0,86085,70,1,1,1.0,1000,6,1,true,54
729,4274,15762,1000,15762,63048.0,86104,70,1,1,1.0,1000,7,1,true,54
729,4275,15765,1000,15765,63060.0,86115,70,1,1,1.0,1000,7,1,true,54
729,4276,15769,1000,15769,63076.0,86133,70,1,1,1.0,1000,7,1,true,54
729,4277,15772,1000,15772,63088.0,86149,70,1,1,1.0,1000,6,1,true,54
729,4278,15775,1000,15775,63100.0,86166,70,1,1,1.0,1000,7,1,true,54
729,4279,15779,1000,15779,63116.0,86189,70,1,1,1.0,1000,7,1,true,54
729,4280,15783,1000,15783,63132.0,86215,70,1,1,1.0,1000,7,1,true,54
729,4281,15787,1000,15787,63148.0,86233,70,1,1,1.0,1000,7,1,true,54
729,4282,15791,1000,15791,63164.0,86251,70,1,1,1.0,1000,7,1,true,54
729,4283,15794,1000,15794,63176.0,86278,70,1,1,1.0,1000,6,1,true,54
729,4284,15798,1000,15798,63192.0,86303,70,1,1,1.0,1000,7,1,true,54
729,4285,15802,1000,15802,63208.0,86317,70,1,1,1.0,1000,7,1,true,54
729,4286,15806,1000,15806,63224.0,86334,70,1,1,1.0,1000,7,1,true,54
729,4287,15809,1000,15809,63236.0,86349,70,1,1,1.0,1000,6,1,true,54
729,4288,15813,1000,15813,63252.0,86369,70,1,1,1.0,1000,7,1,true,54
729,4289,15817,1000,15817,63268.0,86390,70,1,1,1.0,1000,7,1,true,54
729,4290,15821,1000,15821,63284.0,86409,70,1,1,1.0,1000,6,1,true,54
729,4291,15825,1000,15825,63300.0,86426,70,1,1,1.0,1000,7,1,true,54
729,4292,15828,1000,15828,63312.0,86444,70,1,1,1.0,1000,6,1,true,54
729,4293,15831,1000,15831,63324.0,86461,70,1,1,1.0,1000,6,1,true,54
729,4294,15835,1000,15835,63340.0,86487,70,1,1,1.0,1000,7,1,true,54
729,4295,15839,1000,15839,63356.0,86513,70,1,1,1.0,1000,7,1,true,54
729,4296,15843,1000,15843,63372.0,86530,70,1,1,1.0,1000,7,1,true,54
729,4297,15847,1000,15847,63388.0,86550,70,1,1,1.0,1000,7,1,true,54
729,4298,15851,1000,15851,63404.0,86573,70,1,1,1.0,1000,7,1,true,54
729,4299,15855,1000,15855,63420.0,86592,70,1,1,1.0,1000,7,1,true,54
729,4300,15858,1000,15858,63432.0,86606,70,1,1,1.0,1000,6,1,true,54
729,4301,15861,1000,15861,63444.0,86621,70,1,1,1.0,1000,6,1,true,54
729,4303,15869,1000,15869,63476.0,86668,70,1,1,1.0,1000,7,1,true,54
729,4303,15869,1000,15869,63476.0,86668,70,1,1,1.0,1000,7,1,true,54
729,4304,15873,1000,15873,63492.0,86691,70,1,1,1.0,1000,7,1,true,54
729,4305,15876,1000,15876,63504.0,86708,70,1,1,1.0,1000,7,1,true,54
729,4306,15880,1000,15880,63520.0,86725,70,1,1,1.0,1000,7,1,true,54
729,4307,15884,1000,15884,63536.0,86748,70,1,1,1.0,1000,7,1,true,54
729,4308,15888,1000,15888,63552.0,86772,70,1,1,1.0,1000,7,1,true,54
729,4309,15892,1000,15892,63568.0,86798,70,1,1,1.0,1000,7,1,true,54
729,4310,15897,1000,15897,63588.0,86824,70,1,1,1.0,1000,7,1,true,54
729,4311,15901,1000,15901,63604.0,86844,70,1,1,1.0,1000,7,1,true,54
729,4312,15904,1000,15904,63616.0,86857,70,1,1,1.0,1000,7,1,true,54
729,4313,15908,1000,15908,63632.0,86887,70,1,1,1.0,1000,7,1,true,54
729,4314,15912,1000,15912,63648.0,86903,70,1,1,1.0,1000,7,1,true,54
729,4315,15916,1000,15916,63664.0,86923,70,1,1,1.0,1000,7,1,true,54
729,4316,15920,1000,15920,63680.0,86940,70,1,1,1.0,1000,7,1,true,54
729,4317,15924,1000,15924,63696.0,86961,70,1,1,1.0,1000,7,1,true,54
729,4318,15928,1000,15928,63712.0,86982,70,1,1,1.0,1000,6,1,true,54
729,4319,15932,1000,15932,63728.0,87006,70,1,1,1.0,1000,7,1,true,54
729,4320,15935,1000,15935,63740.0,87015,70,1,1,1.0,1000,6,1,true,54
729,4321,15938,1000,15938,63752.0,87037,70,1,1,1.0,1000,6,1,true,54
729,4322,15942,1000,15942,63768.0,87070,70,1,1,1.0,1000,7,1,true,54
729,4323,15946,1000,15946,63784.0,87097,70,1,1,1.0,1000,7,1,true,54
729,4324,15949,1000,15949,63796.0,87114,70,1,1,1.0,1000,7,1,true,54
729,4325,15954,1000,15954,63816.0,87144,70,1,1,1.0,1000,7,1,true,54
729,4326,15958,1000,15958,63832.0,87164,70,1,1,1.0,1000,7,1,true,54
729,4327,15962,1000,15962,63848.0,87178,70,1,1,1.0,1000,7,1,true,54
729,4328,15965,1000,15965,63860.0,87195,70,1,1,1.0,1000,6,1,true,54
729,4329,15969,1000,15969,63876.0,87221,70,1,1,1.0,1000,7,1,true,54
729,4330,15973,1000,15973,63892.0,87241,70,1,1,1.0,1000,7,1,true,54
729,4331,15977,1000,15977,63908.0,87260,70,1,1,1.0,1000,6,1,true,54
729,4332,15980,1000,15980,63920.0,87280,70,1,1,1.0,1000,7,1,true,54
729,4333,15984,1000,15984,63936.0,87311,70,1,1,1.0,1000,7,1,true,54
729,4334,15988,1000,15988,63952.0,87336,70,1,1,1.0,1000,7,1,true,54
729,4335,15992,1000,15992,63968.0,87357,70,1,1,1.0,1000,7,1,true,54
729,4336,15996,1000,15996,63984.0,87374,70,1,1,1.0,1000,7,1,true,54
729,4337,16000,1000,16000,64000.0,87397,70,1,1,1.0,1000,7,1,true,54
729,4338,16004,1000,16004,64016.0,87421,70,1,1,1.0,1000,7,1,true,54
729,4339,16008,1000,16008,64032.0,87444,70,1,1,1.0,1000,7,1,true,54
729,4340,16012,1000,16012,64048.0,87462,70,1,1,1.0,1000,7,1,true,54
729,4341,16015,1000,16015,64060.0,87485,70,1,1,1.0,1000,6,1,true,54
729,4342,16019,1000,16019,64076.0,87506,70,1,1,1.0,1000,6,1,true,54
729,4343,16023,1000,16023,64092.0,87521,70,1,1,1.0,1000,7,1,true,54
729,4344,16027,1000,16027,64108.0,87536,70,1,1,1.0,1000,7,1,true,54
729,4345,16030,1000,16030,64120.0,87552,70,1,1,1.0,1000,6,1,true,54
729,4346,16033,1000,16033,64132.0,87571,70,1,1,1.0,1000,6,1,true,54
729,4347,16036,1000,16036,64144.0,87582,70,1,1,1.0,1000,6,1,true,54
729,4348,16039,1000,16039,64156.0,87603,70,1,1,1.0,1000,6,1,true,54
729,4349,16043,1000,16043,64172.0,87627,70,1,1,1.0,1000,7,1,true,54
729,4350,16046,1000,16046,64184.0,87638,70,1,1,1.0,1000,6,1,true,54
729,4351,16050,1000,16050,64200.0,87658,70,1,1,1.0,1000,6,1,true,54
729,4352,16054,1000,16054,64216.0,87687,70,1,1,1.0,1000,7,1,true,54
729,4353,16058,1000,16058,64232.0,87715,70,1,1,1.0,1000,7,1,true,54
729,4354,16062,1000,16062,64248.0,87738,70,1,1,1.0,1000,7,1,true,54
729,4355,16066,1000,16066,64264.0,87759,70,1,1,1.0,1000,7,1,true,54
729,4356,16070,1000,16070,64280.0,87784,70,1,1,1.0,1000,7,1,true,54
729,4357,16074,1000,16074,64296.0,87800,70,1,1,1.0,1000,7,1,true,54
729,4358,16077,1000,16077,64308.0,87818,70,1,1,1.0,1000,7,1,true,54
729,4359,16080,1000,16080,64320.0,87838,70,1,1,1.0,1000,6,1,true,54
729,4360,16083,1000,16083,64332.0,87851,70,1,1,1.0,1000,7,1,true,54
729,4361,16086,1000,16086,64344.0,87863,70,1,1,1.0,1000,7,1,true,54
729,4362,16089,1000,16089,64356.0,87878,70,1,1,1.0,1000,6,1,true,54
729,4363,16093,1000,16093,64372.0,87900,70,1,1,1.0,1000,7,1,true,54
729,4364,16096,1000,16096,64384.0,87910,70,1,1,1.0,1000,6,1,true,54
729,4365,16099,1000,16099,64396.0,87929,70,1,1,1.0,1000,6,1,true,54
729,4366,16103,1000,16103,64412.0,87949,70,1,1,1.0,1000,7,1,true,54
729,4367,16107,1000,16107,64428.0,87966,70,1,1,1.0,1000,6,1,true,54
729,4368,16110,1000,16110,64440.0,87972,70,1,1,1.0,1000,7,1,true,54
729,4369,16114,1000,16114,64456.0,87995,70,1,1,1.0,1000,7,1,true,54
729,4370,16117,1000,16117,64468.0,88013,70,1,1,1.0,1000,6,1,true,54
729,4371,16121,1000,16121,64484.0,88035,70,1,1,1.0,1000,6,1,true,54
729,4372,16124,1000,16124,64496.0,88049,70,1,1,1.0,1000,6,1,true,54
729,4373,16127,1000,16127,64508.0,88067,70,1,1,1.0,1000,6,1,true,54
729,4374,16131,1000,16131,64524.0,88090,70,1,1,1.0,1000,7,1,true,54
729,4375,16135,1000,16135,64540.0,88107,70,1,1,1.0,1000,7,1,true,54
729,4376,16139,1000,16139,64556.0,88125,70,1,1,1.0,1000,7,1,true,54
729,4377,16143,1000,16143,64572.0,88147,70,1,1,1.0,1000,7,1,true,54
729,4378,16147,1000,16147,64588.0,88175,70,1,1,1.0,1000,6,1,true,54
729,4379,16151,1000,16151,64604.0,88199,70,1,1,1.0,1000,7,1,true,54
729,4380,16155,1000,16155,64620.0,88226,70,1,1,1.0,1000,7,1,true,54
729,4381,16158,1000,16158,64632.0,88242,70,1,1,1.0,1000,6,1,true,54
729,4382,16162,1000,16162,64648.0,88264,70,1,1,1.0,1000,7,1,true,54
729,4383,16166,1000,16166,64664.0,88293,70,1,1,1.0,1000,7,1,true,54
729,4384,16170,1000,16170,64680.0,88318,70,1,1,1.0,1000,7,1,true,54
729,4385,16174,1000,16174,64696.0,88344,70,1,1,1.0,1000,7,1,true,54
729,4386,16177,1000,16177,64708.0,88359,70,1,1,1.0,1000,6,1,true,54
729,4387,16181,1000,16181,64724.0,88380,70,1,1,1.0,1000,7,1,true,54
729,4388,16185,1000,16185,64740.0,88400,70,1,1,1.0,1000,7,1,true,54
729,4389,16189,1000,16189,64756.0,88420,70,1,1,1.0,1000,6,1,true,54
729,4390,16193,1000,16193,64772.0,88453,70,1,1,1.0,1000,7,1,true,54
729,4391,16197,1000,16197,64788.0,88479,70,1,1,1.0,1000,7,1,true,54
729,4392,16201,1000,16201,64804.0,88508,70,1,1,1.0,1000,7,1,true,54
729,4393,16204,1000,16204,64816.0,88520,70,1,1,1.0,1000,6,1,true,54
729,4394,16208,1000,16208,64832.0,88545,70,1,1,1.0,1000,7,1,true,54
729,4395,16212,1000,16212,64848.0,88561,70,1,1,1.0,1000,7,1,true,54
729,4396,16216,1000,16216,64864.0,88587,70,1,1,1.0,1000,7,1,true,54
729,4397,16220,1000,16220,64880.0,88609,70,1,1,1.0,1000,6,1,true,54
729,4398,16223,1000,16223,64892.0,88624,70,1,1,1.0,1000,6,1,true,54
729,4399,16227,1000,16227,64908.0,88641,70,1,1,1.0,1000,6,1,true,54
729,4400,16231,1000,16231,64924.0,88666,70,1,1,1.0,1000,7,1,true,54
729,4401,16234,1000,16234,64936.0,88687,70,1,1,1.0,1000,7,1,true,54
729,4402,16238,1000,16238,64952.0,88709,70,1,1,1.0,1000,7,1,true,54
729,4403,16242,1000,16242,64968.0,88728,70,1,1,1.0,1000,7,1,true,54
729,4404,16246,1000,16246,64984.0,88752,70,1,1,1.0,1000,7,1,true,54
729,4405,16249,1000,16249,64996.0,88761,70,1,1,1.0,1000,6,1,true,54
729,4406,16253,1000,16253,65012.0,88793,70,1,1,1.0,1000,7,1,true,54
729,4407,16257,1000,16257,65028.0,88808,70,1,1,1.0,1000,7,1,true,54
729,4408,16261,1000,16261,65044.0,88829,70,1,1,1.0,1000,7,1,true,54
729,4409,16264,1000,16264,65056.0,88841,70,1,1,1.0,1000,6,1,true,54
729,4410,16268,1000,16268,65072.0,88864,70,1,1,1.0,1000,7,1,true,54
729,4411,16272,1000,16272,65088.0,88884,70,1,1,1.0,1000,7,1,true,54
729,4412,16276,1000,16276,65104.0,88905,70,1,1,1.0,1000,7,1,true,54
729,4413,16280,1000,16280,65120.0,88925,70,1,1,1.0,1000,7,1,true,54
729,4414,16284,1000,16284,65136.0,88940,70,1,1,1.0,1000,7,1,true,54
729,4415,16288,1000,16288,65152.0,88961,70,1,1,1.0,1000,7,1,true,54
729,4416,16291,1000,16291,65164.0,88974,70,1,1,1.0,1000,7,1,true,54
729,4417,16294,1000,16294,65176.0,88992,70,1,1,1.0,1000,6,1,true,54
729,4418,16298,1000,16298,65192.0,89015,70,1,1,1.0,1000,7,1,true,54
729,4419,16301,1000,16301,65204.0,89033,70,1,1,1.0,1000,6,1,true,54
729,4420,16305,1000,16305,65220.0,89055,70,1,1,1.0,1000,7,1,true,54
729,4421,16309,1000,16309,65236.0,89078,70,1,1,1.0,1000,6,1,true,54
729,4422,16313,1000,16313,65252.0,89105,70,1,1,1.0,1000,7,1,true,54
729,4423,16317,1000,16317,65268.0,89133,70,1,1,1.0,1000,7,1,true,54
729,4424,16321,1000,16321,65284.0,89149,70,1,1,1.0,1000,7,1,true,54
729,4425,16325,1000,16325,65300.0,89164,70,1,1,1.0,1000,7,1,true,54
729,4426,16329,1000,16329,65316.0,89189,70,1,1,1.0,1000,7,1,true,54
729,4427,16333,1000,16333,65332.0,89212,70,1,1,1.0,1000,7,1,true,54
729,4428,16337,1000,16337,65348.0,89237,70,1,1,1.0,1000,7,1,true,54
729,4429,16341,1000,16341,65364.0,89253,70,1,1,1.0,1000,7,1,true,54
729,4430,16345,1000,16345,65380.0,89277,70,1,1,1.0,1000,7,1,true,54
729,4431,16348,1000,16348,65392.0,89298,70,1,1,1.0,1000,6,1,true,54
729,4432,16351,1000,16351,65404.0,89320,70,1,1,1.0,1000,7,1,true,54
729,4433,16355,1000,16355,65420.0,89344,70,1,1,1.0,1000,7,1,true,54
729,4434,16359,1000,16359,65436.0,89373,70,1,1,1.0,1000,7,1,true,54
729,4435,16363,1000,16363,65452.0,89398,70,1,1,1.0,1000,7,1,true,54
729,4437,16369,1000,16369,65476.0,89428,70,1,1,1.0,1000,6,1,true,54
729,4437,16369,1000,16369,65476.0,89428,70,1,1,1.0,1000,7,1,true,54
729,4438,16372,1000,16372,65488.0,89440,70,1,1,1.0,1000,6,1,true,54
729,4439,16375,1000,16375,65500.0,89459,70,1,1,1.0,1000,6,1,true,54
729,4440,16378,1000,16378,65512.0,89474,70,1,1,1.0,1000,6,1,true,54
729,4441,16382,1000,16382,65528.0,89495,70,1,1,1.0,1000,7,1,true,54
729,4442,16385,1000,16385,65540.0,89509,70,1,1,1.0,1000,7,1,true,54
729,4443,16389,1000,16389,65556.0,89528,70,1,1,1.0,1000,7,1,true,54
729,4444,16392,1000,16392,65568.0,89550,70,1,1,1.0,1000,6,1,true,54
729,4445,16396,1000,16396,65584.0,89577,70,1,1,1.0,1000,7,1,true,54
729,4446,16400,1000,16400,65600.0,89593,70,1,1,1.0,1000,6,1,true,54
729,4447,16404,1000,16404,65616.0,89603,70,1,1,1.0,1000,7,1,true,54
729,4448,16408,1000,16408,65632.0,89627,70,1,1,1.0,1000,7,1,true,54
729,4449,16412,1000,16412,65648.0,89641,70,1,1,1.0,1000,6,1,true,54
729,4450,16416,1000,16416,65664.0,89664,70,1,1,1.0,1000,7,1,true,54
729,4451,16420,1000,16420,65680.0,89686,70,1,1,1.0,1000,7,1,true,54
729,4452,16424,1000,16424,65696.0,89712,70,1,1,1.0,1000,7,1,true,54
729,4453,16428,1000,16428,65712.0,89737,70,1,1,1.0,1000,7,1,true,54
729,4454,16432,1000,16432,65728.0,89760,70,1,1,1.0,1000,6,1,true,54
729,4455,16435,1000,16435,65740.0,89781,70,1,1,1.0,1000,6,1,true,54
729,4456,16438,1000,16438,65752.0,89798,70,1,1,1.0,1000,7,1,true,54
729,4457,16442,1000,16442,65768.0,89814,70,1,1,1.0,1000,7,1,true,54
729,4458,16446,1000,16446,65784.0,89830,70,1,1,1.0,1000,7,1,true,54
729,4459,16449,1000,16449,65796.0,89842,70,1,1,1.0,1000,6,1,true,54
729,4460,16452,1000,16452,65808.0,89855,70,1,1,1.0,1000,6,1,true,54
729,4461,16456,1000,16456,65824.0,89879,70,1,1,1.0,1000,7,1,true,54
729,4462,16460,1000,16460,65840.0,89903,70,1,1,1.0,1000,7,1,true,54
729,4463,16464,1000,16464,65856.0,89926,70,1,1,1.0,1000,7,1,true,54
729,4464,16467,1000,16467,65868.0,89940,70,1,1,1.0,1000,6,1,true,54
729,4465,16470,1000,16470,65880.0,89954,70,1,1,1.0,1000,6,1,true,54
729,4466,16474,1000,16474,65896.0,89981,70,1,1,1.0,1000,7,1,true,54
729,4467,16478,1000,16478,65912.0,90001,70,1,1,1.0,1000,7,1,true,54
729,4468,16482,1000,16482,65928.0,90020,70,1,1,1.0,1000,7,1,true,54
729,4469,16486,1000,16486,65944.0,90042,70,1,1,1.0,1000,7,1,true,54
729,4470,16489,1000,16489,65956.0,90058,70,1,1,1.0,1000,6,1,true,54
729,4471,16493,1000,16493,65972.0,90086,70,1,1,1.0,1000,7,1,true,54
729,4472,16496,1000,16496,65984.0,90099,70,1,1,1.0,1000,7,1,true,54
729,4473,16500,1000,16500,66000.0,90121,70,1,1,1.0,1000,7,1,true,54
729,4474,16503,1000,16503,66012.0,90138,70,1,1,1.0,1000,6,1,true,54
729,4475,16506,1000,16506,66024.0,90159,70,1,1,1.0,1000,6,1,true,54
729,4476,16510,1000,16510,66040.0,90175,70,1,1,1.0,1000,7,1,true,54
729,4477,16514,1000,16514,66056.0,90201,70,1,1,1.0,1000,7,1,true,54
729,4478,16518,1000,16518,66072.0,90218,70,1,1,1.0,1000,7,1,true,54
729,4479,16522,1000,16522,66088.0,90236,70,1,1,1.0,1000,6,1,true,54
729,4480,16526,1000,16526,66104.0,90258,70,1,1,1.0,1000,7,1,true,54
729,4481,16529,1000,16529,66116.0,90270,70,1,1,1.0,1000,6,1,true,54
729,4482,16533,1000,16533,66132.0,90291,70,1,1,1.0,1000,7,1,true,54
729,4483,16537,1000,16537,66148.0,90309,70,1,1,1.0,1000,7,1,true,54
729,4484,16541,1000,16541,66164.0,90333,70,1,1,1.0,1000,7,1,true,54
729,4485,16545,1000,16545,66180.0,90354,70,1,1,1.0,1000,7,1,true,54
729,4486,16549,1000,16549,66196.0,90381,70,1,1,1.0,1000,7,1,true,54
729,4487,16553,1000,16553,66212.0,90406,70,1,1,1.0,1000,7,1,true,54
729,4488,16557,1000,16557,66228.0,90427,70,1,1,1.0,1000,7,1,true,54
729,4489,16561,1000,16561,66244.0,90460,70,1,1,1.0,1000,7,1,true,54
729,4490,16564,1000,16564,66256.0,90480,70,1,1,1.0,1000,7,1,true,54
729,4491,16567,1000,16567,66268.0,90495,70,1,1,1.0,1000,7,1,true,54
729,4492,16571,1000,16571,66284.0,90522,70,1,1,1.0,1000,7,1,true,54
729,4493,16574,1000,16574,66296.0,90538,70,1,1,1.0,1000,7,1,true,54
729,4494,16578,1000,16578,66312.0,90565,70,1,1,1.0,1000,7,1,true,54
729,4495,16582,1000,16582,66328.0,90582,70,1,1,1.0,1000,6,1,true,54
729,4496,16586,1000,16586,66344.0,90600,70,1,1,1.0,1000,7,1,true,54
729,4497,16590,1000,16590,66360.0,90616,70,1,1,1.0,1000,7,1,true,54
729,4498,16593,1000,16593,66372.0,90641,70,1,1,1.0,1000,7,1,true,54
729,4499,16597,1000,16597,66388.0,90663,70,1,1,1.0,1000,6,1,true,54
729,4500,16601,1000,16601,66404.0,90679,70,1,1,1.0,1000,7,1,true,54
729,4501,16604,1000,16604,66416.0,90695,70,1,1,1.0,1000,6,1,true,54
729,4502,16607,1000,16607,66428.0,90706,70,1,1,1.0,1000,6,1,true,54
729,4503,16611,1000,16611,66444.0,90731,70,1,1,1.0,1000,6,1,true,54
729,4504,16615,1000,16615,66460.0,90750,70,1,1,1.0,1000,6,1,true,54
729,4505,16619,1000,16619,66476.0,90768,70,1,1,1.0,1000,7,1,true,54
729,4506,16623,1000,16623,66492.0,90792,70,1,1,1.0,1000,7,1,true,54
729,4507,16627,1000,16627,66508.0,90810,70,1,1,1.0,1000,7,1,true,54
729,4508,16631,1000,16631,66524.0,90830,70,1,1,1.0,1000,7,1,true,54
729,4509,16634,1000,16634,66536.0,90842,70,1,1,1.0,1000,7,1,true,54
729,4510,16637,1000,16637,66548.0,90863,70,1,1,1.0,1000,7,1,true,54
729,4511,16641,1000,16641,66564.0,90886,70,1,1,1.0,1000,7,1,true,54
729,4512,16645,1000,16645,66580.0,90917,70,1,1,1.0,1000,7,1,true,54
729,4513,16648,1000,16648,66592.0,90934,70,1,1,1.0,1000,6,1,true,54
729,4514,16652,1000,16652,66608.0,90953,70,1,1,1.0,1000,7,1,true,54
729,4515,16656,1000,16656,66624.0,90974,70,1,1,1.0,1000,7,1,true,54
729,4516,16659,1000,16659,66636.0,90988,70,1,1,1.0,1000,7,1,true,54
729,4517,16663,1000,16663,66652.0,91016,70,1,1,1.0,1000,6,1,true,54
729,4518,16667,1000,16667,66668.0,91032,70,1,1,1.0,1000,7,1,true,54
729,4519,16671,1000,16671,66684.0,91056,70,1,1,1.0,1000,7,1,true,54
729,4520,16675,1000,16675,66700.0,91080,70,1,1,1.0,1000,7,1,true,54
729,4522,16683,1000,16683,66732.0,91120,70,1,1,1.0,1000,7,1,true,54
729,4522,16683,1000,16683,66732.0,91120,70,1,1,1.0,1000,7,1,true,54
729,4523,16687,1000,16687,66748.0,91149,70,1,1,1.0,1000,7,1,true,54
729,4524,16691,1000,16691,66764.0,91176,70,1,1,1.0,1000,7,1,true,54
729,4525,16695,1000,16695,66780.0,91199,70,1,1,1.0,1000,7,1,true,54
729,4526,16699,1000,16699,66796.0,91226,70,1,1,1.0,1000,7,1,true,54
729,4527,16703,1000,16703,66812.0,91252,70,1,1,1.0,1000,7,1,true,54
729,4528,16707,1000,16707,66828.0,91281,70,1,1,1.0,1000,7,1,true,54
729,4529,16711,1000,16711,66844.0,91296,70,1,1,1.0,1000,7,1,true,54
729,4530,16715,1000,16715,66860.0,91320,70,1,1,1.0,1000,7,1,true,54
729,4531,16718,1000,16718,66872.0,91335,70,1,1,1.0,1000,6,1,true,54
729,4532,16722,1000,16722,66888.0,91353,70,1,1,1.0,1000,7,1,true,54
729,4533,16726,1000,16726,66904.0,91373,70,1,1,1.0,1000,7,1,true,54
729,4534,16730,1000,16730,66920.0,91399,70,1,1,1.0,1000,7,1,true,54
729,4535,16734,1000,16734,66936.0,91417,70,1,1,1.0,1000,6,1,true,54
729,4536,16738,1000,16738,66952.0,91438,70,1,1,1.0,1000,7,1,true,54
729,4537,16741,1000,16741,66964.0,91452,70,1,1,1.0,1000,6,1,true,54
729,4538,16745,1000,16745,66980.0,91473,70,1,1,1.0,1000,7,1,true,54
729,4539,16748,1000,16748,66992.0,91494,70,1,1,1.0,1000,7,1,true,54
729,4540,16752,1000,16752,67008.0,91516,70,1,1,1.0,1000,7,1,true,54
729,4541,16756,1000,16756,67024.0,91534,70,1,1,1.0,1000,7,1,true,54
729,4542,16760,1000,16760,67040.0,91556,70,1,1,1.0,1000,7,1,true,54
729,4543,16763,1000,16763,67052.0,91571,70,1,1,1.0,1000,6,1,true,54
729,4544,16766,1000,16766,67064.0,91587,70,1,1,1.0,1000,7,1,true,54
729,4545,16769,1000,16769,67076.0,91606,70,1,1,1.0,1000,6,1,true,54
729,4546,16773,1000,16773,67092.0,91640,70,1,1,1.0,1000,7,1,true,54
729,4547,16777,1000,16777,67108.0,91664,70,1,1,1.0,1000,7,1,true,54
729,4548,16781,1000,16781,67124.0,91679,70,1,1,1.0,1000,7,1,true,54
729,4549,16785,1000,16785,67140.0,91709,70,1,1,1.0,1000,6,1,true,54
729,4550,16789,1000,16789,67156.0,91725,70,1,1,1.0,1000,7,1,true,54
729,4551,16793,1000,16793,67172.0,91750,70,1,1,1.0,1000,6,1,true,54
729,4552,16797,1000,16797,67188.0,91767,70,1,1,1.0,1000,6,1,true,54
729,4553,16801,1000,16801,67204.0,91788,70,1,1,1.0,1000,7,1,true,54
729,4554,16804,1000,16804,67216.0,91801,70,1,1,1.0,1000,6,1,true,54
729,4555,16808,1000,16808,67232.0,91820,70,1,1,1.0,1000,7,1,true,54
729,4556,16812,1000,16812,67248.0,91837,70,1,1,1.0,1000,6,1,true,54
729,4557,16816,1000,16816,67264.0,91857,70,1,1,1.0,1000,7,1,true,54
729,4558,16820,1000,16820,67280.0,91885,70,1,1,1.0,1000,7,1,true,54
729,4559,16823,1000,16823,67292.0,91905,70,1,1,1.0,1000,6,1,true,54
729,4560,16826,1000,16826,67304.0,91923,70,1,1,1.0,1000,6,1,true,54
729,4561,16829,1000,16829,67316.0,91934,70,1,1,1.0,1000,7,1,true,54
729,4562,16833,1000,16833,67332.0,91962,70,1,1,1.0,1000,6,1,true,54
729,4563,16837,1000,16837,67348.0,91987,70,1,1,1.0,1000,7,1,true,54
729,4564,16840,1000,16840,67360.0,92002,70,1,1,1.0,1000,6,1,true,54
729,4565,16843,1000,16843,67372.0,92021,70,1,1,1.0,1000,6,1,true,54
729,4566,16847,1000,16847,67388.0,92045,70,1,1,1.0,1000,7,1,true,54
729,4567,16850,1000,16850,67400.0,92064,70,1,1,1.0,1000,6,1,true,54
729,4568,16854,1000,16854,67416.0,92083,70,1,1,1.0,1000,7,1,true,54
729,4569,16858,1000,16858,67432.0,92103,70,1,1,1.0,1000,7,1,true,54
729,4570,16862,1000,16862,67448.0,92127,70,1,1,1.0,1000,7,1,true,54
729,4571,16866,1000,16866,67464.0,92147,70,1,1,1.0,1000,7,1,true,54
729,4572,16870,1000,16870,67480.0,92167,70,1,1,1.0,1000,7,1,true,54
729,4573,16874,1000,16874,67496.0,92186,70,1,1,1.0,1000,7,1,true,54
729,4574,16877,1000,16877,67508.0,92210,70,1,1,1.0,1000,6,1,true,54
729,4575,16881,1000,16881,67524.0,92225,70,1,1,1.0,1000,6,1,true,54
729,4576,16884,1000,16884,67536.0,92243,70,1,1,1.0,1000,6,1,true,54
729,4577,16888,1000,16888,67552.0,92269,70,1,1,1.0,1000,7,1,true,54
729,4578,16891,1000,16891,67564.0,92283,70,1,1,1.0,1000,6,1,true,54
729,4579,16895,1000,16895,67580.0,92304,70,1,1,1.0,1000,7,1,true,54
729,4580,16898,1000,16898,67592.0,92315,70,1,1,1.0,1000,6,1,true,54
729,4581,16902,1000,16902,67608.0,92346,70,1,1,1.0,1000,7,1,true,54
729,4582,16906,1000,16906,67624.0,92361,70,1,1,1.0,1000,7,1,true,54
729,4583,16909,1000,16909,67636.0,92371,70,1,1,1.0,1000,7,1,true,54
729,4584,16913,1000,16913,67652.0,92397,70,1,1,1.0,1000,7,1,true,54
729,4585,16917,1000,16917,67668.0,92417,70,1,1,1.0,1000,7,1,true,54
729,4586,16921,1000,16921,67684.0,92441,70,1,1,1.0,1000,7,1,true,54
729,4587,16925,1000,16925,67700.0,92464,70,1,1,1.0,1000,6,1,true,54
729,4588,16929,1000,16929,67716.0,92488,70,1,1,1.0,1000,7,1,true,54
729,4589,16933,1000,16933,67732.0,92512,70,1,1,1.0,1000,6,1,true,54
729,4590,16937,1000,16937,67748.0,92533,70,1,1,1.0,1000,7,1,true,54
729,4591,16941,1000,16941,67764.0,92556,70,1,1,1.0,1000,7,1,true,54
729,4592,16945,1000,16945,67780.0,92579,70,1,1,1.0,1000,7,1,true,54
729,4593,16948,1000,16948,67792.0,92596,70,1,1,1.0,1000,6,1,true,54
729,4594,16952,1000,16952,67808.0,92615,70,1,1,1.0,1000,6,1,true,54
729,4595,16957,1000,16957,67828.0,92642,70,1,1,1.0,1000,7,1,true,54
729,4596,16961,1000,16961,67844.0,92659,70,1,1,1.0,1000,7,1,true,54
729,4597,16965,1000,16965,67860.0,92678,70,1,1,1.0,1000,7,1,true,54
729,4598,16969,1000,16969,67876.0,92696,70,1,1,1.0,1000,7,1,true,54
729,4599,16972,1000,16972,67888.0,92720,70,1,1,1.0,1000,6,1,true,54
729,4600,16975,1000,16975,67900.0,92733,70,1,1,1.0,1000,6,1,true,54
729,4601,16979,1000,16979,67916.0,92754,70,1,1,1.0,1000,7,1,true,54
729,4602,16983,1000,16983,67932.0,92776,70,1,1,1.0,1000,7,1,true,54
729,4603,16987,1000,16987,67948.0,92794,70,1,1,1.0,1000,7,1,true,54
729,4604,16991,1000,16991,67964.0,92812,70,1,1,1.0,1000,7,1,true,54
729,4605,16995,1000,16995,67980.0,92833,70,1,1,1.0,1000,7,1,true,54
729,4606,16998,1000,16998,67992.0,92845,70,1,1,1.0,1000,6,1,true,54
729,4607,17001,1000,17001,68004.0,92860,70,1,1,1.0,1000,6,1,true,54
729,4608,17005,1000,17005,68020.0,92885,70,1,1,1.0,1000,7,1,true,54
729,4609,17008,1000,17008,68032.0,92904,70,1,1,1.0,1000,7,1,true,54
729,4610,17012,1000,17012,68048.0,92923,70,1,1,1.0,1000,7,1,true,54
729,4611,17016,1000,17016,68064.0,92956,70,1,1,1.0,1000,7,1,true,54
729,4612,17020,1000,17020,68080.0,92975,70,1,1,1.0,1000,7,1,true,54
729,4613,17024,1000,17024,68096.0,92999,70,1,1,1.0,1000,7,1,true,54
729,4614,17027,1000,17027,68108.0,93017,70,1,1,1.0,1000,6,1,true,54
729,4615,17031,1000,17031,68124.0,93034,70,1,1,1.0,1000,7,1,true,54
729,4616,17034,1000,17034,68136.0,93046,70,1,1,1.0,1000,6,1,true,54
729,4617,17038,1000,17038,68152.0,93069,70,1,1,1.0,1000,7,1,true,54
729,4618,17042,1000,17042,68168.0,93088,70,1,1,1.0,1000,7,1,true,54
729,4619,17045,1000,17045,68180.0,93106,70,1,1,1.0,1000,7,1,true,54
729,4620,17048,1000,17048,68192.0,93121,70,1,1,1.0,1000,6,1,true,54
729,4621,17051,1000,17051,68204.0,93145,70,1,1,1.0,1000,6,1,true,54
729,4622,17055,1000,17055,68220.0,93167,70,1,1,1.0,1000,7,1,true,54
729,4623,17058,1000,17058,68232.0,93179,70,1,1,1.0,1000,6,1,true,54
729,4624,17062,1000,17062,68248.0,93199,70,1,1,1.0,1000,7,1,true,54
729,4625,17065,1000,17065,68260.0,93213,70,1,1,1.0,1000,6,1,true,54
729,4626,17068,1000,17068,68272.0,93230,70,1,1,1.0,1000,7,1,true,54
729,4627,17071,1000,17071,68284.0,93245,70,1,1,1.0,1000,7,1,true,54
729,4628,17075,1000,17075,68300.0,93268,70,1,1,1.0,1000,7,1,true,54
729,4629,17078,1000,17078,68312.0,93282,70,1,1,1.0,1000,7,1,true,54
729,4630,17082,1000,17082,68328.0,93304,70,1,1,1.0,1000,7,1,true,54
729,4631,17086,1000,17086,68344.0,93326,70,1,1,1.0,1000,7,1,true,54
729,4632,17090,1000,17090,68360.0,93355,70,1,1,1.0,1000,7,1,true,54
729,4633,17093,1000,17093,68372.0,93365,70,1,1,1.0,1000,6,1,true,54
729,4634,17097,1000,17097,68388.0,93388,70,1,1,1.0,1000,7,1,true,54
729,4635,17101,1000,17101,68404.0,93407,70,1,1,1.0,1000,7,1,true,54
729,4636,17105,1000,17105,68420.0,93432,70,1,1,1.0,1000,7,1,true,54
729,4637,17108,1000,17108,68432.0,93450,70,1,1,1.0,1000,6,1,true,54
729,4638,17112,1000,17112,68448.0,93473,70,1,1,1.0,1000,7,1,true,54
729,4639,17116,1000,17116,68464.0,93497,70,1,1,1.0,1000,6,1,true,54
729,4640,17119,1000,17119,68476.0,93516,70,1,1,1.0,1000,6,1,true,54
729,4641,17123,1000,17123,68492.0,93542,70,1,1,1.0,1000,7,1,true,54
729,4642,17127,1000,17127,68508.0,93565,70,1,1,1.0,1000,7,1,true,54
729,4643,17131,1000,17131,68524.0,93594,70,1,1,1.0,1000,7,1,true,54
729,4644,17134,1000,17134,68536.0,93605,70,1,1,1.0,1000,6,1,true,54
729,4645,17137,1000,17137,68548.0,93620,70,1,1,1.0,1000,6,1,true,54
729,4646,17141,1000,17141,68564.0,93648,70,1,1,1.0,1000,7,1,true,54
729,4647,17145,1000,17145,68580.0,93670,70,1,1,1.0,1000,7,1,true,54
729,4648,17149,1000,17149,68596.0,93697,70,1,1,1.0,1000,7,1,true,54
729,4649,17153,1000,17153,68612.0,93715,70,1,1,1.0,1000,7,1,true,54
729,4651,17161,1000,17161,68644.0,93759,70,1,1,1.0,1000,7,1,true,54
729,4651,17161,1000,17161,68644.0,93759,70,1,1,1.0,1000,7,1,true,54
729,4652,17164,1000,17164,68656.0,93778,70,1,1,1.0,1000,6,1,true,54
729,4653,17167,1000,17167,68668.0,93788,70,1,1,1.0,1000,6,1,true,54
729,4654,17170,1000,17170,68680.0,93805,70,1,1,1.0,1000,6,1,true,54
729,4655,17174,1000,17174,68696.0,93829,70,1,1,1.0,1000,7,1,true,54
729,4656,17178,1000,17178,68712.0,93854,70,1,1,1.0,1000,7,1,true,54
729,4657,17181,1000,17181,68724.0,93864,70,1,1,1.0,1000,7,1,true,54
729,4658,17185,1000,17185,68740.0,93883,70,1,1,1.0,1000,7,1,true,54
729,4659,17189,1000,17189,68756.0,93901,70,1,1,1.0,1000,6,1,true,54
729,4660,17193,1000,17193,68772.0,93926,70,1,1,1.0,1000,7,1,true,54
729,4661,17197,1000,17197,68788.0,93946,70,1,1,1.0,1000,7,1,true,54
729,4662,17201,1000,17201,68804.0,93967,70,1,1,1.0,1000,7,1,true,54
729,4663,17205,1000,17205,68820.0,93992,70,1,1,1.0,1000,7,1,true,54
729,4664,17209,1000,17209,68836.0,94014,70,1,1,1.0,1000,7,1,true,54
729,4665,17213,1000,17213,68852.0,94034,70,1,1,1.0,1000,7,1,true,54
729,4666,17216,1000,17216,68864.0,94050,70,1,1,1.0,1000,7,1,true,54
729,4667,17219,1000,17219,68876.0,94061,70,1,1,1.0,1000,6,1,true,54
729,4668,17223,1000,17223,68892.0,94080,70,1,1,1.0,1000,7,1,true,54
729,4669,17226,1000,17226,68904.0,94096,70,1,1,1.0,1000,6,1,true,54
729,4670,17230,1000,17230,68920.0,94109,70,1,1,1.0,1000,6,1,true,54
729,4671,17234,1000,17234,68936.0,94129,70,1,1,1.0,1000,7,1,true,54
729,4672,17238,1000,17238,68952.0,94149,70,1,1,1.0,1000,7,1,true,54
729,4673,17242,1000,17242,68968.0,94174,70,1,1,1.0,1000,7,1,true,54
729,4674,17245,1000,17245,68980.0,94196,70,1,1,1.0,1000,7,1,true,54
729,4675,17249,1000,17249,68996.0,94221,70,1,1,1.0,1000,7,1,true,54
729,4676,17253,1000,17253,69012.0,94250,70,1,1,1.0,1000,6,1,true,54
729,4677,17257,1000,17257,69028.0,94276,70,1,1,1.0,1000,7,1,true,54
729,4678,17261,1000,17261,69044.0,94290,70,1,1,1.0,1000,7,1,true,54
729,4679,17265,1000,17265,69060.0,94317,70,1,1,1.0,1000,7,1,true,54
729,4680,17269,1000,17269,69076.0,94335,70,1,1,1.0,1000,7,1,true,54
729,4681,17273,1000,17273,69092.0,94356,70,1,1,1.0,1000,6,1,true,54
729,4682,17277,1000,17277,69108.0,94382,70,1,1,1.0,1000,7,1,true,54
729,4683,17281,1000,17281,69124.0,94402,70,1,1,1.0,1000,7,1,true,54
729,4684,17285,1000,17285,69140.0,94431,70,1,1,1.0,1000,7,1,true,54
729,4685,17288,1000,17288,69152.0,94449,70,1,1,1.0,1000,6,1,true,54
729,4686,17292,1000,17292,69168.0,94460,70,1,1,1.0,1000,7,1,true,54
729,4687,17295,1000,17295,69180.0,94478,70,1,1,1.0,1000,6,1,true,54
729,4688,17299,1000,17299,69196.0,94493,70,1,1,1.0,1000,6,1,true,54
729,4689,17302,1000,17302,69208.0,94507,70,1,1,1.0,1000,6,1,true,54
729,4690,17306,1000,17306,69224.0,94532,70,1,1,1.0,1000,7,1,true,54
729,4691,17310,1000,17310,69240.0,94555,70,1,1,1.0,1000,6,1,true,54
729,4692,17314,1000,17314,69256.0,94575,70,1,1,1.0,1000,7,1,true,54
729,4693,17318,1000,17318,69272.0,94593,70,1,1,1.0,1000,7,1,true,54
729,4694,17321,1000,17321,69284.0,94609,70,1,1,1.0,1000,6,1,true,54
729,4695,17325,1000,17325,69300.0,94631,70,1,1,1.0,1000,7,1,true,54
729,4696,17329,1000,17329,69316.0,94657,70,1,1,1.0,1000,7,1,true,54
729,4697,17333,1000,17333,69332.0,94676,70,1,1,1.0,1000,7,1,true,54
729,4698,17337,1000,17337,69348.0,94702,70,1,1,1.0,1000,7,1,true,54
729,4699,17341,1000,17341,69364.0,94727,70,1,1,1.0,1000,7,1,true,54
729,4700,17344,1000,17344,69376.0,94742,70,1,1,1.0,1000,6,1,true,54
729,4701,17348,1000,17348,69392.0,94765,70,1,1,1.0,1000,7,1,true,54
729,4702,17352,1000,17352,69408.0,94784,70,1,1,1.0,1000,6,1,true,54
729,4703,17355,1000,17355,69420.0,94801,70,1,1,1.0,1000,6,1,true,54
729,4704,17359,1000,17359,69436.0,94824,70,1,1,1.0,1000,7,1,true,54
729,4705,17362,1000,17362,69448.0,94838,70,1,1,1.0,1000,7,1,true,54
729,4706,17365,1000,17365,69460.0,94857,70,1,1,1.0,1000,7,1,true,54
729,4707,17369,1000,17369,69476.0,94884,70,1,1,1.0,1000,7,1,true,54
729,4708,17373,1000,17373,69492.0,94906,70,1,1,1.0,1000,7,1,true,54
729,4709,17376,1000,17376,69504.0,94920,70,1,1,1.0,1000,6,1,true,54
729,4710,17380,1000,17380,69520.0,94942,70,1,1,1.0,1000,7,1,true,54
729,4711,17384,1000,17384,69536.0,94962,70,1,1,1.0,1000,6,1,true,54
729,4712,17388,1000,17388,69552.0,94982,70,1,1,1.0,1000,7,1,true,54
729,4713,17392,1000,17392,69568.0,95007,70,1,1,1.0,1000,7,1,true,54
729,4714,17396,1000,17396,69584.0,95031,70,1,1,1.0,1000,7,1,true,54
729,4715,17399,1000,17399,69596.0,95048,70,1,1,1.0,1000,7,1,true,54
729,4716,17403,1000,17403,69612.0,95070,70,1,1,1.0,1000,7,1,true,54
729,4717,17406,1000,17406,69624.0,95086,70,1,1,1.0,1000,6,1,true,54
729,4718,17410,1000,17410,69640.0,95104,70,1,1,1.0,1000,7,1,true,54
729,4719,17414,1000,17414,69656.0,95124,70,1,1,1.0,1000,7,1,true,54
729,4720,17418,1000,17418,69672.0,95148,70,1,1,1.0,1000,7,1,true,54
729,4721,17421,1000,17421,69684.0,95168,70,1,1,1.0,1000,7,1,true,54
729,4722,17425,1000,17425,69700.0,95185,70,1,1,1.0,1000,7,1,true,54
729,4723,17428,1000,17428,69712.0,95192,70,1,1,1.0,1000,7,1,true,54
729,4724,17432,1000,17432,69728.0,95207,70,1,1,1.0,1000,7,1,true,54
729,4725,17436,1000,17436,69744.0,95232,70,1,1,1.0,1000,7,1,true,54
729,4726,17439,1000,17439,69756.0,95243,70,1,1,1.0,1000,6,1,true,54
729,4727,17443,1000,17443,69772.0,95262,70,1,1,1.0,1000,7,1,true,54
729,4728,17447,1000,17447,69788.0,95293,70,1,1,1.0,1000,7,1,true,54
729,4729,17450,1000,17450,69800.0,95308,70,1,1,1.0,1000,6,1,true,54
729,4730,17453,1000,17453,69812.0,95324,70,1,1,1.0,1000,7,1,true,54
729,4731,17457,1000,17457,69828.0,95344,70,1,1,1.0,1000,7,1,true,54
729,4732,17460,1000,17460,69840.0,95356,70,1,1,1.0,1000,6,1,true,54
729,4733,17464,1000,17464,69856.0,95378,70,1,1,1.0,1000,7,1,true,54
729,4734,17468,1000,17468,69872.0,95403,70,1,1,1.0,1000,7,1,true,54
729,4735,17471,1000,17471,69884.0,95415,70,1,1,1.0,1000,7,1,true,54
729,4736,17475,1000,17475,69900.0,95436,70,1,1,1.0,1000,6,1,true,54
729,4737,17479,1000,17479,69916.0,95452,70,1,1,1.0,1000,7,1,true,54
729,4738,17483,1000,17483,69932.0,95470,70,1,1,1.0,1000,7,1,true,54
729,4739,17487,1000,17487,69948.0,95489,70,1,1,1.0,1000,7,1,true,54
729,4740,17491,1000,17491,69964.0,95511,70,1,1,1.0,1000,7,1,true,54
729,4741,17495,1000,17495,69980.0,95535,70,1,1,1.0,1000,7,1,true,54
729,4742,17498,1000,17498,69992.0,95552,70,1,1,1.0,1000,6,1,true,54
729,4743,17502,1000,17502,70008.0,95571,70,1,1,1.0,1000,7,1,true,54
729,4744,17506,1000,17506,70024.0,95592,70,1,1,1.0,1000,7,1,true,54
729,4745,17510,1000,17510,70040.0,95617,70,1,1,1.0,1000,7,1,true,54
729,4746,17514,1000,17514,70056.0,95640,70,1,1,1.0,1000,7,1,true,54
729,4747,17517,1000,17517,70068.0,95657,70,1,1,1.0,1000,6,1,true,54
729,4748,17521,1000,17521,70084.0,95675,70,1,1,1.0,1000,7,1,true,54
729,4749,17525,1000,17525,70100.0,95696,70,1,1,1.0,1000,7,1,true,54
729,4750,17529,1000,17529,70116.0,95714,70,1,1,1.0,1000,7,1,true,54
729,4751,17532,1000,17532,70128.0,95731,70,1,1,1.0,1000,7,1,true,54
729,4752,17536,1000,17536,70144.0,95769,70,1,1,1.0,1000,7,1,true,54
729,4753,17540,1000,17540,70160.0,95789,70,1,1,1.0,1000,7,1,true,54
729,4754,17544,1000,17544,70176.0,95805,70,1,1,1.0,1000,7,1,true,54
729,4755,17548,1000,17548,70192.0,95829,70,1,1,1.0,1000,7,1,true,54
729,4756,17552,1000,17552,70208.0,95846,70,1,1,1.0,1000,7,1,true,54
729,4757,17555,1000,17555,70220.0,95866,70,1,1,1.0,1000,6,1,true,54
729,4758,17559,1000,17559,70236.0,95886,70,1,1,1.0,1000,7,1,true,54
729,4759,17562,1000,17562,70248.0,95900,70,1,1,1.0,1000,6,1,true,54
729,4760,17566,1000,17566,70264.0,95918,70,1,1,1.0,1000,7,1,true,54
729,4761,17570,1000,17570,70280.0,95940,70,1,1,1.0,1000,7,1,true,54
729,4762,17574,1000,17574,70296.0,95965,70,1,1,1.0,1000,7,1,true,54
729,4763,17576,1000,17576,70304.0,95976,70,1,1,1.0,1000,6,1,true,54
729,4764,17579,1000,17579,70316.0,95988,70,1,1,1.0,1000,6,1,true,54
729,4765,17583,1000,17583,70332.0,96010,70,1,1,1.0,1000,7,1,true,54
729,4766,17586,1000,17586,70344.0,96023,70,1,1,1.0,1000,7,1,true,54
729,4767,17589,1000,17589,70356.0,96038,70,1,1,1.0,1000,6,1,true,54
729,4768,17593,1000,17593,70372.0,96063,70,1,1,1.0,1000,7,1,true,54
729,4769,17596,1000,17596,70384.0,96076,70,1,1,1.0,1000,6,1,true,54
729,4770,17600,1000,17600,70400.0,96100,70,1,1,1.0,1000,7,1,true,54
729,4771,17603,1000,17603,70412.0,96115,70,1,1,1.0,1000,6,1,true,54
729,4772,17605,1000,17605,70420.0,96129,70,1,1,1.0,1000,7,1,true,54
729,4773,17609,1000,17609,70436.0,96151,70,1,1,1.0,1000,7,1,true,54
729,4774,17612,1000,17612,70448.0,96166,70,1,1,1.0,1000,6,1,true,54
729,4775,17615,1000,17615,70460.0,96177,70,1,1,1.0,1000,6,1,true,54
729,4776,17618,1000,17618,70472.0,96196,70,1,1,1.0,1000,6,1,true,54
729,4777,17621,1000,17621,70484.0,96206,70,1,1,1.0,1000,7,1,true,54
729,4778,17625,1000,17625,70500.0,96220,70,1,1,1.0,1000,7,1,true,54
729,4779,17629,1000,17629,70516.0,96245,70,1,1,1.0,1000,7,1,true,54
729,4780,17632,1000,17632,70528.0,96258,70,1,1,1.0,1000,6,1,true,54
729,4781,17636,1000,17636,70544.0,96279,70,1,1,1.0,1000,7,1,true,54
729,4782,17640,1000,17640,70560.0,96297,70,1,1,1.0,1000,7,1,true,54
729,4783,17644,1000,17644,70576.0,96315,70,1,1,1.0,1000,7,1,true,54
729,4784,17648,1000,17648,70592.0,96331,70,1,1,1.0,1000,7,1,true,54
729,4785,17652,1000,17652,70608.0,96348,70,1,1,1.0,1000,7,1,true,54
729,4786,17656,1000,17656,70624.0,96372,70,1,1,1.0,1000,7,1,true,54
729,4787,17660,1000,17660,70640.0,96391,70,1,1,1.0,1000,7,1,true,54
729,4788,17664,1000,17664,70656.0,96422,70,1,1,1.0,1000,7,1,true,54
729,4789,17667,1000,17667,70668.0,96434,70,1,1,1.0,1000,6,1,true,54
729,4790,17671,1000,17671,70684.0,96451,70,1,1,1.0,1000,7,1,true,54
729,4791,17675,1000,17675,70700.0,96477,70,1,1,1.0,1000,7,1,true,54
729,4792,17679,1000,17679,70716.0,96498,70,1,1,1.0,1000,7,1,true,54
729,4793,17682,1000,17682,70728.0,96515,70,1,1,1.0,1000,6,1,true,54
729,4794,17686,1000,17686,70744.0,96537,70,1,1,1.0,1000,7,1,true,54
729,4795,17690,1000,17690,70760.0,96561,70,1,1,1.0,1000,7,1,true,54
729,4796,17694,1000,17694,70776.0,96581,70,1,1,1.0,1000,7,1,true,54
729,4797,17697,1000,17697,70788.0,96597,70,1,1,1.0,1000,6,1,true,54
729,4798,17700,1000,17700,70800.0,96617,70,1,1,1.0,1000,7,1,true,54
729,4799,17704,1000,17704,70816.0,96632,70,1,1,1.0,1000,7,1,true,54
729,4800,17708,1000,17708,70832.0,96645,70,1,1,1.0,1000,7,1,true,54
729,4801,17712,1000,17712,70848.0,96669,70,1,1,1.0,1000,7,1,true,54
729,4802,17716,1000,17716,70864.0,96694,70,1,1,1.0,1000,6,1,true,54
729,4803,17720,1000,17720,70880.0,96713,70,1,1,1.0,1000,7,1,true,54
729,4804,17724,1000,17724,70896.0,96737,70,1,1,1.0,1000,7,1,true,54
729,4805,17727,1000,17727,70908.0,96757,70,1,1,1.0,1000,7,1,true,54
729,4806,17731,1000,17731,70924.0,96774,70,1,1,1.0,1000,7,1,true,54
729,4807,17735,1000,17735,70940.0,96790,70,1,1,1.0,1000,7,1,true,54
729,4808,17738,1000,17738,70952.0,96803,70,1,1,1.0,1000,7,1,true,54
729,4809,17742,1000,17742,70968.0,96822,70,1,1,1.0,1000,7,1,true,54
729,4810,17745,1000,17745,70980.0,96840,70,1,1,1.0,1000,6,1,true,54
729,4811,17749,1000,17749,70996.0,96859,70,1,1,1.0,1000,6,1,true,54
729,4812,17753,1000,17753,71012.0,96882,70,1,1,1.0,1000,7,1,true,54
729,4813,17757,1000,17757,71028.0,96906,70,1,1,1.0,1000,7,1,true,54
729,4814,17760,1000,17760,71040.0,96920,70,1,1,1.0,1000,6,1,true,54
729,4815,17764,1000,17764,71056.0,96944,70,1,1,1.0,1000,7,1,true,54
729,4816,17768,1000,17768,71072.0,96970,70,1,1,1.0,1000,7,1,true,54
729,4817,17771,1000,17771,71084.0,96987,70,1,1,1.0,1000,6,1,true,54
729,4818,17775,1000,17775,71100.0,97009,70,1,1,1.0,1000,7,1,true,54
729,4819,17779,1000,17779,71116.0,97031,70,1,1,1.0,1000,7,1,true,54
729,4820,17783,1000,17783,71132.0,97064,70,1,1,1.0,1000,7,1,true,54
729,4821,17787,1000,17787,71148.0,97083,70,1,1,1.0,1000,7,1,true,54
729,4822,17790,1000,17790,71160.0,97094,70,1,1,1.0,1000,6,1,true,54
729,4823,17794,1000,17794,71176.0,97118,70,1,1,1.0,1000,7,1,true,54
729,4824,17797,1000,17797,71188.0,97133,70,1,1,1.0,1000,6,1,true,54
729,4825,17801,1000,17801,71204.0,97157,70,1,1,1.0,1000,7,1,true,54
729,4826,17805,1000,17805,71220.0,97191,70,1,1,1.0,1000,7,1,true,54
729,4827,17808,1000,17808,71232.0,97210,70,1,1,1.0,1000,6,1,true,54
729,4828,17811,1000,17811,71244.0,97224,70,1,1,1.0,1000,6,1,true,54
729,4829,17814,1000,17814,71256.0,97243,70,1,1,1.0,1000,7,1,true,54
729,4830,17817,1000,17817,71268.0,97258,70,1,1,1.0,1000,6,1,true,54
729,4831,17821,1000,17821,71284.0,97284,70,1,1,1.0,1000,7,1,true,54
729,4832,17824,1000,17824,71296.0,97309,70,1,1,1.0,1000,7,1,true,54
729,4833,17828,1000,17828,71312.0,97330,70,1,1,1.0,1000,7,1,true,54
729,4834,17831,1000,17831,71324.0,97351,70,1,1,1.0,1000,6,1,true,54
729,4835,17835,1000,17835,71340.0,97380,70,1,1,1.0,1000,7,1,true,54
729,4836,17838,1000,17838,71352.0,97390,70,1,1,1.0,1000,6,1,true,54
729,4837,17841,1000,17841,71364.0,97408,70,1,1,1.0,1000,6,1,true,54
729,4838,17845,1000,17845,71380.0,97425,70,1,1,1.0,1000,7,1,true,54
729,4839,17848,1000,17848,71392.0,97440,70,1,1,1.0,1000,6,1,true,54
729,4840,17852,1000,17852,71408.0,97456,70,1,1,1.0,1000,7,1,true,54
729,4841,17856,1000,17856,71424.0,97482,70,1,1,1.0,1000,7,1,true,54
729,4842,17860,1000,17860,71440.0,97514,70,1,1,1.0,1000,7,1,true,54
729,4843,17863,1000,17863,71452.0,97527,70,1,1,1.0,1000,6,1,true,54
729,4844,17867,1000,17867,71468.0,97548,70,1,1,1.0,1000,7,1,true,54
729,4845,17870,1000,17870,71480.0,97560,70,1,1,1.0,1000,6,1,true,54
729,4846,17873,1000,17873,71492.0,97582,70,1,1,1.0,1000,6,1,true,54
729,4847,17876,1000,17876,71504.0,97593,70,1,1,1.0,1000,6,1,true,54
729,4848,17880,1000,17880,71520.0,97624,70,1,1,1.0,1000,6,1,true,54
729,4849,17883,1000,17883,71532.0,97636,70,1,1,1.0,1000,7,1,true,54
729,4850,17887,1000,17887,71548.0,97656,70,1,1,1.0,1000,7,1,true,54
729,4851,17891,1000,17891,71564.0,97681,70,1,1,1.0,1000,7,1,true,54
729,4852,17895,1000,17895,71580.0,97698,70,1,1,1.0,1000,7,1,true,54
729,4853,17899,1000,17899,71596.0,97724,70,1,1,1.0,1000,7,1,true,54
729,4854,17903,1000,17903,71612.0,97750,70,1,1,1.0,1000,7,1,true,54
729,4855,17907,1000,17907,71628.0,97768,70,1,1,1.0,1000,7,1,true,54
729,4856,17910,1000,17910,71640.0,97790,70,1,1,1.0,1000,6,1,true,54
729,4857,17913,1000,17913,71652.0,97805,70,1,1,1.0,1000,6,1,true,54
729,4858,17917,1000,17917,71668.0,97830,70,1,1,1.0,1000,7,1,true,54
729,4859,17921,1000,17921,71684.0,97850,70,1,1,1.0,1000,7,1,true,54
729,4860,17925,1000,17925,71700.0,97867,70,1,1,1.0,1000,7,1,true,54
729,4861,17928,1000,17928,71712.0,97885,70,1,1,1.0,1000,7,1,true,54
729,4862,17932,1000,17932,71728.0,97916,70,1,1,1.0,1000,7,1,true,54
729,4863,17935,1000,17935,71740.0,97935,70,1,1,1.0,1000,6,1,true,54
729,4864,17939,1000,17939,71756.0,97961,70,1,1,1.0,1000,7,1,true,54
729,4865,17942,1000,17942,71768.0,97981,70,1,1,1.0,1000,7,1,true,54
729,4866,17946,1000,17946,71784.0,98011,70,1,1,1.0,1000,7,1,true,54
729,4867,17950,1000,17950,71800.0,98023,70,1,1,1.0,1000,7,1,true,54
729,4868,17954,1000,17954,71816.0,98046,70,1,1,1.0,1000,7,1,true,54
729,4869,17958,1000,17958,71832.0,98074,70,1,1,1.0,1000,7,1,true,54
729,4870,17962,1000,17962,71848.0,98102,70,1,1,1.0,1000,6,1,true,54
729,4871,17965,1000,17965,71860.0,98120,70,1,1,1.0,1000,7,1,true,54
729,4872,17968,1000,17968,71872.0,98129,70,1,1,1.0,1000,7,1,true,54
729,4873,17972,1000,17972,71888.0,98144,70,1,1,1.0,1000,7,1,true,54
729,4874,17976,1000,17976,71904.0,98164,70,1,1,1.0,1000,7,1,true,54
729,4875,17980,1000,17980,71920.0,98186,70,1,1,1.0,1000,7,1,true,54
729,4876,17984,1000,17984,71936.0,98206,70,1,1,1.0,1000,6,1,true,54
729,4877,17988,1000,17988,71952.0,98222,70,1,1,1.0,1000,7,1,true,54
729,4878,17991,1000,17991,71964.0,98237,70,1,1,1.0,1000,6,1,true,54
729,4879,17995,1000,17995,71980.0,98262,70,1,1,1.0,1000,7,1,true,54
729,4880,17998,1000,17998,71992.0,98275,70,1,1,1.0,1000,6,1,true,54
729,4881,18002,1000,18002,72008.0,98294,70,1,1,1.0,1000,7,1,true,54
729,4882,18006,1000,18006,72024.0,98316,70,1,1,1.0,1000,7,1,true,54
729,4883,18010,1000,18010,72040.0,98344,70,1,1,1.0,1000,7,1,true,54
729,4885,18016,1000,18016,72064.0,98382,70,1,1,1.0,1000,6,1,true,54
729,4885,18016,1000,18016,72064.0,98382,70,1,1,1.0,1000,7,1,true,54
729,4886,18020,1000,18020,72080.0,98407,70,1,1,1.0,1000,7,1,true,54
729,4887,18023,1000,18023,72092.0,98421,70,1,1,1.0,1000,7,1,true,54
729,4888,18027,1000,18027,72108.0,98447,70,1,1,1.0,1000,7,1,true,54
729,4889,18031,1000,18031,72124.0,98465,70,1,1,1.0,1000,7,1,true,54
729,4890,18035,1000,18035,72140.0,98486,70,1,1,1.0,1000,7,1,true,54
729,4891,18039,1000,18039,72156.0,98505,70,1,1,1.0,1000,7,1,true,54
729,4892,18042,1000,18042,72168.0,98521,70,1,1,1.0,1000,7,1,true,54
729,4893,18046,1000,18046,72184.0,98547,70,1,1,1.0,1000,7,1,true,54
729,4894,18050,1000,18050,72200.0,98564,70,1,1,1.0,1000,7,1,true,54
729,4895,18054,1000,18054,72216.0,98589,70,1,1,1.0,1000,6,1,true,54
729,4896,18057,1000,18057,72228.0,98609,70,1,1,1.0,1000,7,1,true,54
729,4897,18061,1000,18061,72244.0,98625,70,1,1,1.0,1000,7,1,true,54
729,4898,18065,1000,18065,72260.0,98650,70,1,1,1.0,1000,7,1,true,54
729,4899,18069,1000,18069,72276.0,98671,70,1,1,1.0,1000,7,1,true,54
729,4900,18073,1000,18073,72292.0,98692,70,1,1,1.0,1000,7,1,true,54
729,4901,18077,1000,18077,72308.0,98712,70,1,1,1.0,1000,7,1,true,54
729,4902,18081,1000,18081,72324.0,98734,70,1,1,1.0,1000,7,1,true,54
729,4903,18085,1000,18085,72340.0,98749,70,1,1,1.0,1000,7,1,true,54
729,4904,18088,1000,18088,72352.0,98760,70,1,1,1.0,1000,6,1,true,54
729,4905,18092,1000,18092,72368.0,98774,70,1,1,1.0,1000,7,1,true,54
729,4906,18095,1000,18095,72380.0,98789,70,1,1,1.0,1000,6,1,true,54
729,4907,18099,1000,18099,72396.0,98806,70,1,1,1.0,1000,6,1,true,54
729,4908,18103,1000,18103,72412.0,98827,70,1,1,1.0,1000,7,1,true,54
729,4909,18107,1000,18107,72428.0,98854,70,1,1,1.0,1000,7,1,true,54
729,4910,18111,1000,18111,72444.0,98876,70,1,1,1.0,1000,7,1,true,54
729,4911,18114,1000,18114,72456.0,98893,70,1,1,1.0,1000,6,1,true,54
729,4912,18118,1000,18118,72472.0,98920,70,1,1,1.0,1000,7,1,true,54
729,4913,18121,1000,18121,72484.0,98934,70,1,1,1.0,1000,7,1,true,54
729,4914,18125,1000,18125,72500.0,98956,70,1,1,1.0,1000,7,1,true,54
729,4915,18128,1000,18128,72512.0,98977,70,1,1,1.0,1000,6,1,true,54
729,4916,18131,1000,18131,72524.0,98990,70,1,1,1.0,1000,6,1,true,54
729,4917,18135,1000,18135,72540.0,99012,70,1,1,1.0,1000,7,1,true,54
729,4918,18139,1000,18139,72556.0,99035,70,1,1,1.0,1000,7,1,true,54
729,4919,18142,1000,18142,72568.0,99052,70,1,1,1.0,1000,6,1,true,54
729,4920,18144,1000,18144,72576.0,99061,70,1,1,1.0,1000,7,1,true,54
729,4921,18147,1000,18147,72588.0,99079,70,1,1,1.0,1000,7,1,true,54
729,4922,18150,1000,18150,72600.0,99096,70,1,1,1.0,1000,7,1,true,54
729,4923,18154,1000,18154,72616.0,99126,70,1,1,1.0,1000,7,1,true,54
729,4924,18158,1000,18158,72632.0,99145,70,1,1,1.0,1000,7,1,true,54
729,4925,18162,1000,18162,72648.0,99167,70,1,1,1.0,1000,7,1,true,54
729,4926,18165,1000,18165,72660.0,99174,70,1,1,1.0,1000,6,1,true,54
729,4927,18170,1000,18170,72680.0,99201,70,1,1,1.0,1000,7,1,true,54
729,4928,18174,1000,18174,72696.0,99224,70,1,1,1.0,1000,6,1,true,54
729,4929,18177,1000,18177,72708.0,99243,70,1,1,1.0,1000,7,1,true,54
729,4930,18182,1000,18182,72728.0,99263,70,1,1,1.0,1000,7,1,true,54
729,4931,18185,1000,18185,72740.0,99282,70,1,1,1.0,1000,6,1,true,54
729,4932,18188,1000,18188,72752.0,99299,70,1,1,1.0,1000,6,1,true,54
729,4933,18191,1000,18191,72764.0,99309,70,1,1,1.0,1000,6,1,true,54
729,4934,18195,1000,18195,72780.0,99334,70,1,1,1.0,1000,7,1,true,54
729,4935,18199,1000,18199,72796.0,99352,70,1,1,1.0,1000,7,1,true,54
729,4936,18203,1000,18203,72812.0,99381,70,1,1,1.0,1000,6,1,true,54
729,4937,18207,1000,18207,72828.0,99403,70,1,1,1.0,1000,7,1,true,54
729,4938,18210,1000,18210,72840.0,99414,70,1,1,1.0,1000,7,1,true,54
729,4939,18214,1000,18214,72856.0,99440,70,1,1,1.0,1000,7,1,true,54
729,4940,18218,1000,18218,72872.0,99463,70,1,1,1.0,1000,7,1,true,54
729,4941,18222,1000,18222,72888.0,99480,70,1,1,1.0,1000,7,1,true,54
729,4942,18226,1000,18226,72904.0,99503,70,1,1,1.0,1000,7,1,true,54
729,4943,18230,1000,18230,72920.0,99519,70,1,1,1.0,1000,7,1,true,54
729,4944,18234,1000,18234,72936.0,99537,70,1,1,1.0,1000,7,1,true,54
729,4945,18238,1000,18238,72952.0,99559,70,1,1,1.0,1000,7,1,true,54
729,4946,18241,1000,18241,72964.0,99572,70,1,1,1.0,1000,6,1,true,54
729,4947,18245,1000,18245,72980.0,99595,70,1,1,1.0,1000,7,1,true,54
729,4948,18249,1000,18249,72996.0,99614,70,1,1,1.0,1000,7,1,true,54
729,4949,18253,1000,18253,73012.0,99640,70,1,1,1.0,1000,7,1,true,54
729,4950,18257,1000,18257,73028.0,99660,70,1,1,1.0,1000,7,1,true,54
729,4951,18261,1000,18261,73044.0,99693,70,1,1,1.0,1000,6,1,true,54
729,4952,18264,1000,18264,73056.0,99722,70,1,1,1.0,1000,6,1,true,54
729,4953,18268,1000,18268,73072.0,99737,70,1,1,1.0,1000,7,1,true,54
729,4954,18272,1000,18272,73088.0,99760,70,1,1,1.0,1000,7,1,true,54
729,4955,18276,1000,18276,73104.0,99786,70,1,1,1.0,1000,7,1,true,54
729,4956,18279,1000,18279,73116.0,99802,70,1,1,1.0,1000,7,1,true,54
729,4957,18283,1000,18283,73132.0,99825,70,1,1,1.0,1000,6,1,true,54
729,4958,18286,1000,18286,73144.0,99845,70,1,1,1.0,1000,6,1,true,54
729,4959,18289,1000,18289,73156.0,99867,70,1,1,1.0,1000,6,1,true,54
729,4960,18293,1000,18293,73172.0,99883,70,1,1,1.0,1000,7,1,true,54
729,4961,18296,1000,18296,73184.0,99893,70,1,1,1.0,1000,7,1,true,54
729,4962,18300,1000,18300,73200.0,99918,70,1,1,1.0,1000,7,1,true,54
729,4963,18304,1000,18304,73216.0,99940,70,1,1,1.0,1000,7,1,true,54
729,4964,18308,1000,18308,73232.0,99972,70,1,1,1.0,1000,7,1,true,54
729,4965,18312,1000,18312,73248.0,99997,70,1,1,1.0,1000,6,1,true,54
729,4966,18316,1000,18316,73264.0,100025,70,1,1,1.0,1000,7,1,true,54
729,4967,18320,1000,18320,73280.0,100050,70,1,1,1.0,1000,6,1,true,54
729,4968,18323,1000,18323,73292.0,100064,70,1,1,1.0,1000,6,1,true,54
729,4969,18327,1000,18327,73308.0,100088,70,1,1,1.0,1000,7,1,true,54
729,4970,18331,1000,18331,73324.0,100103,70,1,1,1.0,1000,7,1,true,54
729,4971,18335,1000,18335,73340.0,100125,70,1,1,1.0,1000,6,1,true,54
729,4972,18338,1000,18338,73352.0,100147,70,1,1,1.0,1000,6,1,true,54
729,4973,18342,1000,18342,73368.0,100175,70,1,1,1.0,1000,6,1,true,54
729,4974,18345,1000,18345,73380.0,100191,70,1,1,1.0,1000,6,1,true,54
729,4975,18349,1000,18349,73396.0,100212,70,1,1,1.0,1000,7,1,true,54
729,4976,18353,1000,18353,73412.0,100231,70,1,1,1.0,1000,7,1,true,54
729,4977,18357,1000,18357,73428.0,100254,70,1,1,1.0,1000,7,1,true,54
729,4978,18360,1000,18360,73440.0,100265,70,1,1,1.0,1000,6,1,true,54
729,4979,18364,1000,18364,73456.0,100283,70,1,1,1.0,1000,7,1,true,54
729,4980,18368,1000,18368,73472.0,100308,70,1,1,1.0,1000,7,1,true,54
729,4981,18371,1000,18371,73484.0,100324,70,1,1,1.0,1000,6,1,true,54
729,4982,18374,1000,18374,73496.0,100340,70,1,1,1.0,1000,7,1,true,54
729,4983,18377,1000,18377,73508.0,100350,70,1,1,1.0,1000,7,1,true,54
729,4984,18382,1000,18382,73528.0,100378,70,1,1,1.0,1000,7,1,true,54
729,4985,18386,1000,18386,73544.0,100398,70,1,1,1.0,1000,7,1,true,54
729,4986,18389,1000,18389,73556.0,100417,70,1,1,1.0,1000,6,1,true,54
729,4987,18392,1000,18392,73568.0,100437,70,1,1,1.0,1000,7,1,true,54
729,4988,18396,1000,18396,73584.0,100463,70,1,1,1.0,1000,7,1,true,54
729,4989,18400,1000,18400,73600.0,100483,70,1,1,1.0,1000,7,1,true,54
729,4990,18404,1000,18404,73616.0,100498,70,1,1,1.0,1000,7,1,true,54
729,4991,18407,1000,18407,73628.0,100508,70,1,1,1.0,1000,6,1,true,54
729,4992,18410,1000,18410,73640.0,100527,70,1,1,1.0,1000,7,1,true,54
729,4993,18414,1000,18414,73656.0,100541,70,1,1,1.0,1000,7,1,true,54
729,4994,18418,1000,18418,73672.0,100572,70,1,1,1.0,1000,7,1,true,54
729,4995,18422,1000,18422,73688.0,100590,70,1,1,1.0,1000,7,1,true,54
729,4996,18426,1000,18426,73704.0,100618,70,1,1,1.0,1000,6,1,true,54
729,4997,18430,1000,18430,73720.0,100639,70,1,1,1.0,1000,7,1,true,54
729,4998,18434,1000,18434,73736.0,100666,70,1,1,1.0,1000,7,1,true,54
729,4999,18438,1000,18438,73752.0,100686,70,1,1,1.0,1000,7,1,true,54
729,5000,18441,1000,18441,73764.0,100699,70,1,1,1.0,1000,7,1,true,54
729,5001,18445,1000,18445,73780.0,100722,70,1,1,1.0,1000,7,1,true,54
729,5002,18448,1000,18448,73792.0,100735,70,1,1,1.0,1000,7,1,true,54
729,5003,18452,1000,18452,73808.0,100757,70,1,1,1.0,1000,6,1,true,54
729,5004,18456,1000,18456,73824.0,100775,70,1,1,1.0,1000,7,1,true,54
729,5005,18460,1000,18460,73840.0,100797,70,1,1,1.0,1000,7,1,true,54
729,5006,18464,1000,18464,73856.0,100820,70,1,1,1.0,1000,7,1,true,54
729,5007,18468,1000,18468,73872.0,100835,70,1,1,1.0,1000,7,1,true,54
729,5008,18472,1000,18472,73888.0,100861,70,1,1,1.0,1000,7,1,true,54
729,5009,18475,1000,18475,73900.0,100882,70,1,1,1.0,1000,7,1,true,54
729,5010,18479,1000,18479,73916.0,100911,70,1,1,1.0,1000,7,1,true,54
729,5011,18483,1000,18483,73932.0,100932,70,1,1,1.0,1000,7,1,true,54
729,5012,18487,1000,18487,73948.0,100954,70,1,1,1.0,1000,7,1,true,54
729,5013,18491,1000,18491,73964.0,100982,70,1,1,1.0,1000,7,1,true,54
729,5014,18494,1000,18494,73976.0,100993,70,1,1,1.0,1000,6,1,true,54
729,5015,18497,1000,18497,73988.0,101013,70,1,1,1.0,1000,7,1,true,54
729,5016,18500,1000,18500,74000.0,101030,70,1,1,1.0,1000,6,1,true,54
729,5017,18504,1000,18504,74016.0,101047,70,1,1,1.0,1000,7,1,true,54
729,5018,18508,1000,18508,74032.0,101073,70,1,1,1.0,1000,7,1,true,54
729,5019,18511,1000,18511,74044.0,101089,70,1,1,1.0,1000,7,1,true,54
729,5020,18514,1000,18514,74056.0,101109,70,1,1,1.0,1000,7,1,true,54
729,5021,18517,1000,18517,74068.0,101121,70,1,1,1.0,1000,7,1,true,54
729,5022,18521,1000,18521,74084.0,101140,70,1,1,1.0,1000,7,1,true,54
729,5023,18524,1000,18524,74096.0,101161,70,1,1,1.0,1000,6,1,true,54
729,5024,18527,1000,18527,74108.0,101176,70,1,1,1.0,1000,6,1,true,54
729,5025,18530,1000,18530,74120.0,101194,70,1,1,1.0,1000,6,1,true,54
729,5026,18533,1000,18533,74132.0,101215,70,1,1,1.0,1000,6,1,true,54
729,5027,18537,1000,18537,74148.0,101242,70,1,1,1.0,1000,7,1,true,54
729,5028,18541,1000,18541,74164.0,101263,70,1,1,1.0,1000,7,1,true,54
729,5029,18545,1000,18545,74180.0,101285,70,1,1,1.0,1000,7,1,true,54
729,5030,18549,1000,18549,74196.0,101300,70,1,1,1.0,1000,7,1,true,54
729,5031,18553,1000,18553,74212.0,101320,70,1,1,1.0,1000,7,1,true,54
729,5032,18557,1000,18557,74228.0,101338,70,1,1,1.0,1000,7,1,true,54
729,5033,18560,1000,18560,74240.0,101347,70,1,1,1.0,1000,6,1,true,54
729,5034,18563,1000,18563,74252.0,101362,70,1,1,1.0,1000,6,1,true,54
729,5035,18567,1000,18567,74268.0,101383,70,1,1,1.0,1000,7,1,true,54
729,5036,18570,1000,18570,74280.0,101399,70,1,1,1.0,1000,7,1,true,54
729,5037,18573,1000,18573,74292.0,101419,70,1,1,1.0,1000,6,1,true,54
729,5038,18576,1000,18576,74304.0,101432,70,1,1,1.0,1000,7,1,true,54
729,5039,18579,1000,18579,74316.0,101448,70,1,1,1.0,1000,6,1,true,54
729,5040,18583,1000,18583,74332.0,101464,70,1,1,1.0,1000,7,1,true,54
729,5041,18587,1000,18587,74348.0,101485,70,1,1,1.0,1000,7,1,true,54
729,5042,18590,1000,18590,74360.0,101507,70,1,1,1.0,1000,6,1,true,54
729,5043,18594,1000,18594,74376.0,101533,70,1,1,1.0,1000,7,1,true,54
729,5044,18597,1000,18597,74388.0,101550,70,1,1,1.0,1000,7,1,true,54
729,5045,18601,1000,18601,74404.0,101571,70,1,1,1.0,1000,7,1,true,54
729,5046,18604,1000,18604,74416.0,101583,70,1,1,1.0,1000,6,1,true,54
729,5047,18607,1000,18607,74428.0,101597,70,1,1,1.0,1000,6,1,true,54
729,5048,18610,1000,18610,74440.0,101612,70,1,1,1.0,1000,6,1,true,54
729,5049,18614,1000,18614,74456.0,101632,70,1,1,1.0,1000,7,1,true,54
729,5050,18617,1000,18617,74468.0,101650,70,1,1,1.0,1000,6,1,true,54
729,5051,18621,1000,18621,74484.0,101672,70,1,1,1.0,1000,7,1,true,54
729,5052,18624,1000,18624,74496.0,101693,70,1,1,1.0,1000,6,1,true,54
729,5053,18628,1000,18628,74512.0,101719,70,1,1,1.0,1000,7,1,true,54
729,5054,18632,1000,18632,74528.0,101739,70,1,1,1.0,1000,7,1,true,54
729,5055,18635,1000,18635,74540.0,101756,70,1,1,1.0,1000,6,1,true,54
729,5056,18639,1000,18639,74556.0,101773,70,1,1,1.0,1000,7,1,true,54
729,5057,18642,1000,18642,74568.0,101792,70,1,1,1.0,1000,6,1,true,54
729,5058,18646,1000,18646,74584.0,101814,70,1,1,1.0,1000,7,1,true,54
729,5059,18649,1000,18649,74596.0,101829,70,1,1,1.0,1000,6,1,true,54
729,5060,18652,1000,18652,74608.0,101849,70,1,1,1.0,1000,7,1,true,54
729,5061,18655,1000,18655,74620.0,101865,70,1,1,1.0,1000,7,1,true,54
729,5062,18659,1000,18659,74636.0,101889,70,1,1,1.0,1000,6,1,true,54
729,5063,18662,1000,18662,74648.0,101905,70,1,1,1.0,1000,6,1,true,54
729,5064,18665,1000,18665,74660.0,101922,70,1,1,1.0,1000,6,1,true,54
729,5065,18669,1000,18669,74676.0,101934,70,1,1,1.0,1000,7,1,true,54
729,5066,18673,1000,18673,74692.0,101961,70,1,1,1.0,1000,7,1,true,54
729,5067,18676,1000,18676,74704.0,101974,70,1,1,1.0,1000,6,1,true,54
729,5068,18680,1000,18680,74720.0,101997,70,1,1,1.0,1000,7,1,true,54
729,5069,18684,1000,18684,74736.0,102025,70,1,1,1.0,1000,7,1,true,54
729,5070,18688,1000,18688,74752.0,102044,70,1,1,1.0,1000,7,1,true,54
729,5071,18693,1000,18693,74772.0,102066,70,1,1,1.0,1000,7,1,true,54
729,5072,18696,1000,18696,74784.0,102082,70,1,1,1.0,1000,6,1,true,54
729,5073,18699,1000,18699,74796.0,102092,70,1,1,1.0,1000,7,1,true,54
729,5074,18703,1000,18703,74812.0,102114,70,1,1,1.0,1000,6,1,true,54
729,5075,18707,1000,18707,74828.0,102135,70,1,1,1.0,1000,7,1,true,54
729,5076,18711,1000,18711,74844.0,102155,70,1,1,1.0,1000,7,1,true,54
729,5077,18715,1000,18715,74860.0,102177,70,1,1,1.0,1000,7,1,true,54
729,5078,18719,1000,18719,74876.0,102196,70,1,1,1.0,1000,7,1,true,54
729,5079,18723,1000,18723,74892.0,102224,70,1,1,1.0,1000,7,1,true,54
729,5080,18727,1000,18727,74908.0,102245,70,1,1,1.0,1000,7,1,true,54
729,5081,18730,1000,18730,74920.0,102256,70,1,1,1.0,1000,6,1,true,54
729,5082,18733,1000,18733,74932.0,102275,70,1,1,1.0,1000,6,1,true,54
729,5083,18736,1000,18736,74944.0,102290,70,1,1,1.0,1000,6,1,true,54
729,5084,18740,1000,18740,74960.0,102320,70,1,1,1.0,1000,7,1,true,54
729,5085,18744,1000,18744,74976.0,102343,70,1,1,1.0,1000,7,1,true,54
729,5086,18747,1000,18747,74988.0,102364,70,1,1,1.0,1000,7,1,true,54
729,5087,18751,1000,18751,75004.0,102383,70,1,1,1.0,1000,6,1,true,54
729,5088,18754,1000,18754,75016.0,102396,70,1,1,1.0,1000,7,1,true,54
729,5089,18757,1000,18757,75028.0,102409,70,1,1,1.0,1000,7,1,true,54
729,5090,18761,1000,18761,75044.0,102425,70,1,1,1.0,1000,7,1,true,54
729,5091,18765,1000,18765,75060.0,102451,70,1,1,1.0,1000,7,1,true,54
729,5092,18768,1000,18768,75072.0,102464,70,1,1,1.0,1000,7,1,true,54
729,5093,18772,1000,18772,75088.0,102488,70,1,1,1.0,1000,7,1,true,54
729,5094,18775,1000,18775,75100.0,102509,70,1,1,1.0,1000,7,1,true,54
729,5095,18779,1000,18779,75116.0,102533,70,1,1,1.0,1000,7,1,true,54
729,5096,18782,1000,18782,75128.0,102546,70,1,1,1.0,1000,7,1,true,54
729,5097,18786,1000,18786,75144.0,102567,70,1,1,1.0,1000,7,1,true,54
729,5098,18790,1000,18790,75160.0,102592,70,1,1,1.0,1000,7,1,true,54
729,5099,18793,1000,18793,75172.0,102613,70,1,1,1.0,1000,6,1,true,54
729,5100,18796,1000,18796,75184.0,102625,70,1,1,1.0,1000,7,1,true,54
729,5101,18800,1000,18800,75200.0,102645,70,1,1,1.0,1000,7,1,true,54
729,5102,18804,1000,18804,75216.0,102659,70,1,1,1.0,1000,6,1,true,54
729,5103,18808,1000,18808,75232.0,102678,70,1,1,1.0,1000,7,1,true,54
729,5104,18812,1000,18812,75248.0,102694,70,1,1,1.0,1000,7,1,true,54
729,5105,18815,1000,18815,75260.0,102704,70,1,1,1.0,1000,6,1,true,54
729,5106,18819,1000,18819,75276.0,102727,70,1,1,1.0,1000,7,1,true,54
729,5107,18823,1000,18823,75292.0,102751,70,1,1,1.0,1000,7,1,true,54
729,5108,18827,1000,18827,75308.0,102775,70,1,1,1.0,1000,7,1,true,54
729,5109,18831,1000,18831,75324.0,102793,70,1,1,1.0,1000,6,1,true,54
729,5110,18835,1000,18835,75340.0,102819,70,1,1,1.0,1000,7,1,true,54
729,5111,18838,1000,18838,75352.0,102840,70,1,1,1.0,1000,7,1,true,54
729,5112,18842,1000,18842,75368.0,102857,70,1,1,1.0,1000,6,1,true,54
729,5113,18846,1000,18846,75384.0,102881,70,1,1,1.0,1000,7,1,true,54
729,5114,18849,1000,18849,75396.0,102899,70,1,1,1.0,1000,6,1,true,54
729,5115,18853,1000,18853,75412.0,102921,70,1,1,1.0,1000,7,1,true,54
729,5116,18857,1000,18857,75428.0,102946,70,1,1,1.0,1000,6,1,true,54
729,5117,18860,1000,18860,75440.0,102969,70,1,1,1.0,1000,6,1,true,54
729,5118,18862,1000,18862,75448.0,102978,70,1,1,1.0,1000,6,1,true,54
729,5119,18866,1000,18866,75464.0,103000,70,1,1,1.0,1000,7,1,true,54
729,5120,18869,1000,18869,75476.0,103014,70,1,1,1.0,1000,6,1,true,54
729,5121,18872,1000,18872,75488.0,103031,70,1,1,1.0,1000,6,1,true,54
729,5122,18876,1000,18876,75504.0,103048,70,1,1,1.0,1000,7,1,true,54
729,5123,18879,1000,18879,75516.0,103062,70,1,1,1.0,1000,6,1,true,54
729,5124,18882,1000,18882,75528.0,103083,70,1,1,1.0,1000,7,1,true,54
729,5125,18886,1000,18886,75544.0,103107,70,1,1,1.0,1000,7,1,true,54
729,5126,18890,1000,18890,75560.0,103131,70,1,1,1.0,1000,7,1,true,54
729,5127,18894,1000,18894,75576.0,103152,70,1,1,1.0,1000,7,1,true,54
729,5128,18898,1000,18898,75592.0,103169,70,1,1,1.0,1000,7,1,true,54
729,5129,18901,1000,18901,75604.0,103191,70,1,1,1.0,1000,7,1,true,54
729,5130,18904,1000,18904,75616.0,103203,70,1,1,1.0,1000,6,1,true,54
729,5131,18908,1000,18908,75632.0,103226,70,1,1,1.0,1000,6,1,true,54
729,5132,18912,1000,18912,75648.0,103249,70,1,1,1.0,1000,7,1,true,54
729,5133,18916,1000,18916,75664.0,103272,70,1,1,1.0,1000,7,1,true,54
729,5134,18920,1000,18920,75680.0,103294,70,1,1,1.0,1000,7,1,true,54
729,5135,18924,1000,18924,75696.0,103320,70,1,1,1.0,1000,6,1,true,54
729,5136,18927,1000,18927,75708.0,103337,70,1,1,1.0,1000,6,1,true,54
729,5137,18931,1000,18931,75724.0,103354,70,1,1,1.0,1000,7,1,true,54
729,5138,18935,1000,18935,75740.0,103379,70,1,1,1.0,1000,7,1,true,54
729,5139,18939,1000,18939,75756.0,103413,70,1,1,1.0,1000,7,1,true,54
729,5140,18943,1000,18943,75772.0,103428,70,1,1,1.0,1000,7,1,true,54
729,5141,18947,1000,18947,75788.0,103446,70,1,1,1.0,1000,7,1,true,54
729,5142,18951,1000,18951,75804.0,103466,70,1,1,1.0,1000,7,1,true,54
729,5143,18954,1000,18954,75816.0,103482,70,1,1,1.0,1000,6,1,true,54
729,5144,18958,1000,18958,75832.0,103503,70,1,1,1.0,1000,6,1,true,54
729,5145,18962,1000,18962,75848.0,103526,70,1,1,1.0,1000,7,1,true,54
729,5146,18966,1000,18966,75864.0,103548,70,1,1,1.0,1000,7,1,true,54
729,5147,18970,1000,18970,75880.0,103575,70,1,1,1.0,1000,6,1,true,54
729,5148,18974,1000,18974,75896.0,103594,70,1,1,1.0,1000,7,1,true,54
729,5149,18976,1000,18976,75904.0,103604,70,1,1,1.0,1000,6,1,true,54
729,5150,18979,1000,18979,75916.0,103620,70,1,1,1.0,1000,6,1,true,54
729,5151,18982,1000,18982,75928.0,103633,70,1,1,1.0,1000,6,1,true,54
729,5152,18987,1000,18987,75948.0,103662,70,1,1,1.0,1000,7,1,true,54
729,5153,18990,1000,18990,75960.0,103671,70,1,1,1.0,1000,6,1,true,54
729,5154,18993,1000,18993,75972.0,103685,70,1,1,1.0,1000,7,1,true,54
729,5155,18996,1000,18996,75984.0,103700,70,1,1,1.0,1000,6,1,true,54
729,5156,18999,1000,18999,75996.0,103706,70,1,1,1.0,1000,6,1,true,54
729,5157,19002,1000,19002,76008.0,103714,70,1,1,1.0,1000,6,1,true,54
729,5158,19006,1000,19006,76024.0,103734,70,1,1,1.0,1000,7,1,true,54
729,5159,19010,1000,19010,76040.0,103755,70,1,1,1.0,1000,7,1,true,54
729,5160,19014,1000,19014,76056.0,103782,70,1,1,1.0,1000,6,1,true,54
729,5161,19018,1000,19018,76072.0,103813,70,1,1,1.0,1000,7,1,true,54
729,5162,19022,1000,19022,76088.0,103837,70,1,1,1.0,1000,7,1,true,54
729,5163,19026,1000,19026,76104.0,103861,70,1,1,1.0,1000,7,1,true,54
729,5164,19029,1000,19029,76116.0,103874,70,1,1,1.0,1000,6,1,true,54
729,5165,19032,1000,19032,76128.0,103893,70,1,1,1.0,1000,6,1,true,54
729,5166,19036,1000,19036,76144.0,103915,70,1,1,1.0,1000,7,1,true,54
729,5167,19040,1000,19040,76160.0,103941,70,1,1,1.0,1000,7,1,true,54
729,5168,19044,1000,19044,76176.0,103967,70,1,1,1.0,1000,7,1,true,54
729,5169,19048,1000,19048,76192.0,103994,70,1,1,1.0,1000,7,1,true,54
729,5170,19051,1000,19051,76204.0,104009,70,1,1,1.0,1000,6,1,true,54
729,5171,19054,1000,19054,76216.0,104031,70,1,1,1.0,1000,6,1,true,54
729,5172,19057,1000,19057,76228.0,104049,70,1,1,1.0,1000,7,1,true,54
729,5173,19061,1000,19061,76244.0,104075,70,1,1,1.0,1000,7,1,true,54
729,5174,19065,1000,19065,76260.0,104099,70,1,1,1.0,1000,7,1,true,54
729,5175,19068,1000,19068,76272.0,104115,70,1,1,1.0,1000,6,1,true,54
729,5176,19071,1000,19071,76284.0,104136,70,1,1,1.0,1000,6,1,true,54
729,5177,19075,1000,19075,76300.0,104159,70,1,1,1.0,1000,7,1,true,54
729,5178,19079,1000,19079,76316.0,104180,70,1,1,1.0,1000,6,1,true,54
729,5179,19082,1000,19082,76328.0,104197,70,1,1,1.0,1000,6,1,true,54
729,5180,19086,1000,19086,76344.0,104216,70,1,1,1.0,1000,6,1,true,54
729,5181,19090,1000,19090,76360.0,104246,70,1,1,1.0,1000,7,1,true,54
729,5182,19094,1000,19094,76376.0,104263,70,1,1,1.0,1000,6,1,true,54
729,5183,19097,1000,19097,76388.0,104273,70,1,1,1.0,1000,7,1,true,54
729,5184,19101,1000,19101,76404.0,104299,70,1,1,1.0,1000,7,1,true,54
729,5185,19104,1000,19104,76416.0,104315,70,1,1,1.0,1000,7,1,true,54
729,5186,19108,1000,19108,76432.0,104338,70,1,1,1.0,1000,7,1,true,54
729,5187,19112,1000,19112,76448.0,104353,70,1,1,1.0,1000,7,1,true,54
729,5188,19116,1000,19116,76464.0,104375,70,1,1,1.0,1000,7,1,true,54
729,5189,19120,1000,19120,76480.0,104393,70,1,1,1.0,1000,7,1,true,54
729,5190,19123,1000,19123,76492.0,104412,70,1,1,1.0,1000,7,1,true,54
729,5191,19127,1000,19127,76508.0,104428,70,1,1,1.0,1000,7,1,true,54
729,5192,19131,1000,19131,76524.0,104449,70,1,1,1.0,1000,7,1,true,54
729,5193,19135,1000,19135,76540.0,104471,70,1,1,1.0,1000,7,1,true,54
729,5194,19139,1000,19139,76556.0,104506,70,1,1,1.0,1000,7,1,true,54
729,5195,19142,1000,19142,76568.0,104521,70,1,1,1.0,1000,6,1,true,54
729,5196,19146,1000,19146,76584.0,104550,70,1,1,1.0,1000,6,1,true,54
729,5197,19150,1000,19150,76600.0,104566,70,1,1,1.0,1000,6,1,true,54
729,5198,19154,1000,19154,76616.0,104585,70,1,1,1.0,1000,7,1,true,54
729,5199,19158,1000,19158,76632.0,104608,70,1,1,1.0,1000,7,1,true,54
729,5200,19161,1000,19161,76644.0,104626,70,1,1,1.0,1000,6,1,true,54
729,5201,19165,1000,19165,76660.0,104640,70,1,1,1.0,1000,7,1,true,54
729,5202,19169,1000,19169,76676.0,104658,70,1,1,1.0,1000,7,1,true,54
729,5203,19173,1000,19173,76692.0,104681,70,1,1,1.0,1000,7,1,true,54
729,5204,19176,1000,19176,76704.0,104698,70,1,1,1.0,1000,6,1,true,54
729,5205,19180,1000,19180,76720.0,104729,70,1,1,1.0,1000,7,1,true,54
729,5206,19184,1000,19184,76736.0,104759,70,1,1,1.0,1000,7,1,true,54
729,5207,19188,1000,19188,76752.0,104780,70,1,1,1.0,1000,6,1,true,54
729,5208,19191,1000,19191,76764.0,104790,70,1,1,1.0,1000,7,1,true,54
729,5209,19194,1000,19194,76776.0,104811,70,1,1,1.0,1000,6,1,true,54
729,5210,19198,1000,19198,76792.0,104830,70,1,1,1.0,1000,7,1,true,54
729,5211,19202,1000,19202,76808.0,104855,70,1,1,1.0,1000,7,1,true,54
729,5212,19206,1000,19206,76824.0,104886,70,1,1,1.0,1000,7,1,true,54
729,5213,19210,1000,19210,76840.0,104905,70,1,1,1.0,1000,7,1,true,54
729,5214,19213,1000,19213,76852.0,104923,70,1,1,1.0,1000,6,1,true,54
729,5215,19217,1000,19217,76868.0,104942,70,1,1,1.0,1000,7,1,true,54
729,5216,19221,1000,19221,76884.0,104969,70,1,1,1.0,1000,7,1,true,54
729,5217,19224,1000,19224,76896.0,104993,70,1,1,1.0,1000,7,1,true,54
729,5218,19228,1000,19228,76912.0,105012,70,1,1,1.0,1000,7,1,true,54
729,5219,19232,1000,19232,76928.0,105037,70,1,1,1.0,1000,7,1,true,54
729,5220,19235,1000,19235,76940.0,105052,70,1,1,1.0,1000,6,1,true,54
729,5221,19239,1000,19239,76956.0,105067,70,1,1,1.0,1000,7,1,true,54
729,5222,19242,1000,19242,76968.0,105085,70,1,1,1.0,1000,6,1,true,54
729,5223,19245,1000,19245,76980.0,105107,70,1,1,1.0,1000,7,1,true,54
729,5224,19249,1000,19249,76996.0,105127,70,1,1,1.0,1000,6,1,true,54
729,5225,19253,1000,19253,77012.0,105153,70,1,1,1.0,1000,6,1,true,54
729,5226,19256,1000,19256,77024.0,105169,70,1,1,1.0,1000,6,1,true,54
729,5227,19259,1000,19259,77036.0,105184,70,1,1,1.0,1000,7,1,true,54
729,5228,19262,1000,19262,77048.0,105205,70,1,1,1.0,1000,7,1,true,54
729,5229,19266,1000,19266,77064.0,105221,70,1,1,1.0,1000,7,1,true,54
729,5230,19270,1000,19270,77080.0,105247,70,1,1,1.0,1000,7,1,true,54
729,5231,19274,1000,19274,77096.0,105274,70,1,1,1.0,1000,7,1,true,54
729,5232,19278,1000,19278,77112.0,105301,70,1,1,1.0,1000,7,1,true,54
729,5233,19281,1000,19281,77124.0,105314,70,1,1,1.0,1000,7,1,true,54
729,5234,19284,1000,19284,77136.0,105328,70,1,1,1.0,1000,6,1,true,54
729,5235,19287,1000,19287,77148.0,105343,70,1,1,1.0,1000,7,1,true,54
729,5236,19291,1000,19291,77164.0,105364,70,1,1,1.0,1000,7,1,true,54
729,5237,19295,1000,19295,77180.0,105397,70,1,1,1.0,1000,6,1,true,54
729,5238,19299,1000,19299,77196.0,105424,70,1,1,1.0,1000,7,1,true,54
729,5239,19303,1000,19303,77212.0,105446,70,1,1,1.0,1000,7,1,true,54
729,5240,19307,1000,19307,77228.0,105466,70,1,1,1.0,1000,7,1,true,54
729,5241,19311,1000,19311,77244.0,105489,70,1,1,1.0,1000,7,1,true,54
729,5242,19315,1000,19315,77260.0,105516,70,1,1,1.0,1000,7,1,true,54
729,5243,19319,1000,19319,77276.0,105534,70,1,1,1.0,1000,7,1,true,54
729,5244,19322,1000,19322,77288.0,105558,70,1,1,1.0,1000,6,1,true,54
729,5245,19326,1000,19326,77304.0,105575,70,1,1,1.0,1000,7,1,true,54
729,5246,19329,1000,19329,77316.0,105593,70,1,1,1.0,1000,7,1,true,54
729,5247,19332,1000,19332,77328.0,105608,70,1,1,1.0,1000,6,1,true,54
729,5248,19336,1000,19336,77344.0,105636,70,1,1,1.0,1000,7,1,true,54
729,5249,19339,1000,19339,77356.0,105647,70,1,1,1.0,1000,6,1,true,54
729,5250,19343,1000,19343,77372.0,105667,70,1,1,1.0,1000,7,1,true,54
729,5251,19347,1000,19347,77388.0,105690,70,1,1,1.0,1000,7,1,true,54
729,5252,19351,1000,19351,77404.0,105709,70,1,1,1.0,1000,7,1,true,54
729,5253,19354,1000,19354,77416.0,105729,70,1,1,1.0,1000,6,1,true,54
729,5254,19358,1000,19358,77432.0,105748,70,1,1,1.0,1000,7,1,true,54
729,5255,19362,1000,19362,77448.0,105769,70,1,1,1.0,1000,7,1,true,54
729,5256,19365,1000,19365,77460.0,105778,70,1,1,1.0,1000,7,1,true,54
729,5257,19369,1000,19369,77476.0,105809,70,1,1,1.0,1000,7,1,true,54
729,5258,19372,1000,19372,77488.0,105824,70,1,1,1.0,1000,7,1,true,54
729,5259,19376,1000,19376,77504.0,105851,70,1,1,1.0,1000,7,1,true,54
729,5260,19378,1000,19378,77512.0,105857,70,1,1,1.0,1000,7,1,true,54
729,5261,19382,1000,19382,77528.0,105881,70,1,1,1.0,1000,7,1,true,54
729,5262,19386,1000,19386,77544.0,105894,70,1,1,1.0,1000,7,1,true,54
729,5263,19390,1000,19390,77560.0,105919,70,1,1,1.0,1000,7,1,true,54
729,5264,19394,1000,19394,77576.0,105934,70,1,1,1.0,1000,7,1,true,54
729,5265,19398,1000,19398,77592.0,105963,70,1,1,1.0,1000,7,1,true,54
729,5266,19402,1000,19402,77608.0,105985,70,1,1,1.0,1000,7,1,true,54
729,5267,19406,1000,19406,77624.0,106007,70,1,1,1.0,1000,7,1,true,54
729,5268,19410,1000,19410,77640.0,106028,70,1,1,1.0,1000,7,1,true,54
729,5269,19413,1000,19413,77652.0,106045,70,1,1,1.0,1000,6,1,true,54
729,5270,19417,1000,19417,77668.0,106067,70,1,1,1.0,1000,7,1,true,54
729,5272,19425,1000,19425,77700.0,106120,70,1,1,1.0,1000,7,1,true,54
729,5272,19425,1000,19425,77700.0,106120,70,1,1,1.0,1000,7,1,true,54
729,5273,19429,1000,19429,77716.0,106143,70,1,1,1.0,1000,7,1,true,54
729,5274,19433,1000,19433,77732.0,106170,70,1,1,1.0,1000,7,1,true,54
729,5275,19437,1000,19437,77748.0,106188,70,1,1,1.0,1000,7,1,true,54
729,5276,19441,1000,19441,77764.0,106209,70,1,1,1.0,1000,7,1,true,54
729,5277,19444,1000,19444,77776.0,106221,70,1,1,1.0,1000,7,1,true,54
729,5278,19447,1000,19447,77788.0,106232,70,1,1,1.0,1000,6,1,true,54
729,5279,19451,1000,19451,77804.0,106246,70,1,1,1.0,1000,7,1,true,54
729,5280,19455,1000,19455,77820.0,106261,70,1,1,1.0,1000,7,1,true,54
729,5281,19459,1000,19459,77836.0,106278,70,1,1,1.0,1000,7,1,true,54
729,5282,19463,1000,19463,77852.0,106300,70,1,1,1.0,1000,7,1,true,54
729,5283,19467,1000,19467,77868.0,106323,70,1,1,1.0,1000,7,1,true,54
729,5284,19470,1000,19470,77880.0,106335,70,1,1,1.0,1000,7,1,true,54
729,5285,19474,1000,19474,77896.0,106350,70,1,1,1.0,1000,7,1,true,54
729,5286,19477,1000,19477,77908.0,106359,70,1,1,1.0,1000,7,1,true,54
729,5287,19480,1000,19480,77920.0,106378,70,1,1,1.0,1000,6,1,true,54
729,5288,19483,1000,19483,77932.0,106401,70,1,1,1.0,1000,7,1,true,54
729,5289,19487,1000,19487,77948.0,106426,70,1,1,1.0,1000,7,1,true,54
729,5290,19491,1000,19491,77964.0,106442,70,1,1,1.0,1000,7,1,true,54
729,5291,19494,1000,19494,77976.0,106458,70,1,1,1.0,1000,6,1,true,54
729,5292,19498,1000,19498,77992.0,106482,70,1,1,1.0,1000,7,1,true,54
729,5293,19502,1000,19502,78008.0,106508,70,1,1,1.0,1000,7,1,true,54
729,5294,19506,1000,19506,78024.0,106532,70,1,1,1.0,1000,7,1,true,54
729,5295,19510,1000,19510,78040.0,106555,70,1,1,1.0,1000,7,1,true,54
729,5296,19513,1000,19513,78052.0,106568,70,1,1,1.0,1000,7,1,true,54
729,5297,19516,1000,19516,78064.0,106585,70,1,1,1.0,1000,6,1,true,54
729,5298,19519,1000,19519,78076.0,106602,70,1,1,1.0,1000,7,1,true,54
729,5299,19522,1000,19522,78088.0,106619,70,1,1,1.0,1000,7,1,true,54
729,5300,19526,1000,19526,78104.0,106636,70,1,1,1.0,1000,7,1,true,54
729,5301,19530,1000,19530,78120.0,106647,70,1,1,1.0,1000,7,1,true,54
729,5302,19534,1000,19534,78136.0,106668,70,1,1,1.0,1000,6,1,true,54
729,5303,19538,1000,19538,78152.0,106689,70,1,1,1.0,1000,7,1,true,54
729,5304,19541,1000,19541,78164.0,106707,70,1,1,1.0,1000,6,1,true,54
729,5305,19545,1000,19545,78180.0,106724,70,1,1,1.0,1000,7,1,true,54
729,5306,19548,1000,19548,78192.0,106738,70,1,1,1.0,1000,6,1,true,54
729,5307,19551,1000,19551,78204.0,106755,70,1,1,1.0,1000,6,1,true,54
729,5308,19555,1000,19555,78220.0,106775,70,1,1,1.0,1000,7,1,true,54
729,5309,19559,1000,19559,78236.0,106800,70,1,1,1.0,1000,7,1,true,54
729,5310,19563,1000,19563,78252.0,106824,70,1,1,1.0,1000,7,1,true,54
729,5311,19567,1000,19567,78268.0,106855,70,1,1,1.0,1000,7,1,true,54
729,5312,19570,1000,19570,78280.0,106867,70,1,1,1.0,1000,6,1,true,54
729,5313,19574,1000,19574,78296.0,106885,70,1,1,1.0,1000,7,1,true,54
729,5314,19578,1000,19578,78312.0,106907,70,1,1,1.0,1000,6,1,true,54
729,5315,19581,1000,19581,78324.0,106927,70,1,1,1.0,1000,6,1,true,54
729,5316,19585,1000,19585,78340.0,106942,70,1,1,1.0,1000,7,1,true,54
729,5317,19588,1000,19588,78352.0,106957,70,1,1,1.0,1000,6,1,true,54
729,5318,19591,1000,19591,78364.0,106968,70,1,1,1.0,1000,6,1,true,54
729,5319,19595,1000,19595,78380.0,106995,70,1,1,1.0,1000,7,1,true,54
729,5320,19599,1000,19599,78396.0,107012,70,1,1,1.0,1000,7,1,true,54
729,5321,19603,1000,19603,78412.0,107032,70,1,1,1.0,1000,6,1,true,54
729,5322,19607,1000,19607,78428.0,107049,70,1,1,1.0,1000,7,1,true,54
729,5323,19611,1000,19611,78444.0,107063,70,1,1,1.0,1000,7,1,true,54
729,5324,19614,1000,19614,78456.0,107079,70,1,1,1.0,1000,6,1,true,54
729,5325,19617,1000,19617,78468.0,107089,70,1,1,1.0,1000,6,1,true,54
729,5326,19620,1000,19620,78480.0,107109,70,1,1,1.0,1000,6,1,true,54
729,5327,19623,1000,19623,78492.0,107124,70,1,1,1.0,1000,6,1,true,54
729,5328,19627,1000,19627,78508.0,107140,70,1,1,1.0,1000,7,1,true,54
729,5329,19630,1000,19630,78520.0,107149,70,1,1,1.0,1000,7,1,true,54
729,5330,19634,1000,19634,78536.0,107168,70,1,1,1.0,1000,7,1,true,54
729,5331,19638,1000,19638,78552.0,107189,70,1,1,1.0,1000,6,1,true,54
729,5332,19642,1000,19642,78568.0,107204,70,1,1,1.0,1000,7,1,true,54
729,5333,19646,1000,19646,78584.0,107229,70,1,1,1.0,1000,7,1,true,54
729,5334,19650,1000,19650,78600.0,107253,70,1,1,1.0,1000,7,1,true,54
729,5335,19654,1000,19654,78616.0,107271,70,1,1,1.0,1000,7,1,true,54
729,5336,19657,1000,19657,78628.0,107294,70,1,1,1.0,1000,6,1,true,54
729,5337,19660,1000,19660,78640.0,107309,70,1,1,1.0,1000,6,1,true,54
729,5338,19664,1000,19664,78656.0,107328,70,1,1,1.0,1000,7,1,true,54
729,5339,19667,1000,19667,78668.0,107344,70,1,1,1.0,1000,7,1,true,54
729,5340,19671,1000,19671,78684.0,107372,70,1,1,1.0,1000,7,1,true,54
729,5341,19675,1000,19675,78700.0,107395,70,1,1,1.0,1000,7,1,true,54
729,5342,19679,1000,19679,78716.0,107424,70,1,1,1.0,1000,7,1,true,54
729,5343,19683,1000,19683,78732.0,107451,70,1,1,1.0,1000,7,1,true,54
729,5344,19686,1000,19686,78744.0,107471,70,1,1,1.0,1000,6,1,true,54
729,5345,19690,1000,19690,78760.0,107488,70,1,1,1.0,1000,7,1,true,54
729,5346,19693,1000,19693,78772.0,107504,70,1,1,1.0,1000,7,1,true,54
729,5347,19696,1000,19696,78784.0,107525,70,1,1,1.0,1000,7,1,true,54
729,5348,19700,1000,19700,78800.0,107541,70,1,1,1.0,1000,7,1,true,54
729,5349,19704,1000,19704,78816.0,107560,70,1,1,1.0,1000,7,1,true,54
729,5350,19708,1000,19708,78832.0,107586,70,1,1,1.0,1000,7,1,true,54
729,5351,19712,1000,19712,78848.0,107604,70,1,1,1.0,1000,7,1,true,54
729,5352,19716,1000,19716,78864.0,107631,70,1,1,1.0,1000,6,1,true,54
729,5353,19720,1000,19720,78880.0,107652,70,1,1,1.0,1000,7,1,true,54
729,5354,19724,1000,19724,78896.0,107679,70,1,1,1.0,1000,6,1,true,54
729,5355,19728,1000,19728,78912.0,107701,70,1,1,1.0,1000,7,1,true,54
729,5356,19731,1000,19731,78924.0,107713,70,1,1,1.0,1000,6,1,true,54
729,5357,19735,1000,19735,78940.0,107740,70,1,1,1.0,1000,7,1,true,54
729,5358,19738,1000,19738,78952.0,107759,70,1,1,1.0,1000,6,1,true,54
729,5359,19741,1000,19741,78964.0,107783,70,1,1,1.0,1000,6,1,true,54
729,5360,19745,1000,19745,78980.0,107797,70,1,1,1.0,1000,7,1,true,54
729,5361,19749,1000,19749,78996.0,107813,70,1,1,1.0,1000,7,1,true,54
729,5362,19753,1000,19753,79012.0,107832,70,1,1,1.0,1000,7,1,true,54
729,5363,19756,1000,19756,79024.0,107844,70,1,1,1.0,1000,6,1,true,54
729,5364,19760,1000,19760,79040.0,107858,70,1,1,1.0,1000,7,1,true,54
729,5365,19763,1000,19763,79052.0,107872,70,1,1,1.0,1000,6,1,true,54
729,5366,19767,1000,19767,79068.0,107892,70,1,1,1.0,1000,7,1,true,54
729,5367,19771,1000,19771,79084.0,107917,70,1,1,1.0,1000,7,1,true,54
729,5368,19775,1000,19775,79100.0,107937,70,1,1,1.0,1000,7,1,true,54
729,5369,19778,1000,19778,79112.0,107952,70,1,1,1.0,1000,6,1,true,54
729,5370,19781,1000,19781,79124.0,107964,70,1,1,1.0,1000,6,1,true,54
729,5371,19784,1000,19784,79136.0,107978,70,1,1,1.0,1000,7,1,true,54
729,5372,19788,1000,19788,79152.0,107997,70,1,1,1.0,1000,7,1,true,54
729,5373,19791,1000,19791,79164.0,108018,70,1,1,1.0,1000,6,1,true,54
729,5374,19794,1000,19794,79176.0,108036,70,1,1,1.0,1000,6,1,true,54
729,5375,19797,1000,19797,79188.0,108052,70,1,1,1.0,1000,7,1,true,54
729,5376,19801,1000,19801,79204.0,108070,70,1,1,1.0,1000,7,1,true,54
729,5377,19804,1000,19804,79216.0,108094,70,1,1,1.0,1000,6,1,true,54
729,5378,19808,1000,19808,79232.0,108113,70,1,1,1.0,1000,7,1,true,54
729,5379,19811,1000,19811,79244.0,108130,70,1,1,1.0,1000,7,1,true,54
729,5380,19815,1000,19815,79260.0,108158,70,1,1,1.0,1000,7,1,true,54
729,5381,19819,1000,19819,79276.0,108185,70,1,1,1.0,1000,6,1,true,54
729,5382,19822,1000,19822,79288.0,108196,70,1,1,1.0,1000,7,1,true,54
729,5383,19825,1000,19825,79300.0,108213,70,1,1,1.0,1000,6,1,true,54
729,5384,19829,1000,19829,79316.0,108231,70,1,1,1.0,1000,7,1,true,54
729,5385,19833,1000,19833,79332.0,108253,70,1,1,1.0,1000,6,1,true,54
729,5386,19837,1000,19837,79348.0,108273,70,1,1,1.0,1000,7,1,true,54
729,5387,19841,1000,19841,79364.0,108289,70,1,1,1.0,1000,7,1,true,54
729,5388,19845,1000,19845,79380.0,108307,70,1,1,1.0,1000,7,1,true,54
729,5389,19849,1000,19849,79396.0,108330,70,1,1,1.0,1000,7,1,true,54
729,5390,19853,1000,19853,79412.0,108359,70,1,1,1.0,1000,7,1,true,54
729,5391,19856,1000,19856,79424.0,108371,70,1,1,1.0,1000,6,1,true,54
729,5392,19860,1000,19860,79440.0,108387,70,1,1,1.0,1000,7,1,true,54
729,5393,19863,1000,19863,79452.0,108401,70,1,1,1.0,1000,6,1,true,54
729,5394,19867,1000,19867,79468.0,108415,70,1,1,1.0,1000,7,1,true,54
729,5395,19871,1000,19871,79484.0,108434,70,1,1,1.0,1000,7,1,true,54
729,5396,19874,1000,19874,79496.0,108448,70,1,1,1.0,1000,6,1,true,54
729,5397,19878,1000,19878,79512.0,108472,70,1,1,1.0,1000,7,1,true,54
729,5398,19881,1000,19881,79524.0,108484,70,1,1,1.0,1000,6,1,true,54
729,5399,19885,1000,19885,79540.0,108503,70,1,1,1.0,1000,7,1,true,54
729,5400,19889,1000,19889,79556.0,108526,70,1,1,1.0,1000,7,1,true,54
729,5401,19893,1000,19893,79572.0,108550,70,1,1,1.0,1000,7,1,true,54
729,5402,19897,1000,19897,79588.0,108568,70,1,1,1.0,1000,7,1,true,54
729,5403,19901,1000,19901,79604.0,108589,70,1,1,1.0,1000,7,1,true,54
729,5404,19905,1000,19905,79620.0,108611,70,1,1,1.0,1000,7,1,true,54
729,5405,19909,1000,19909,79636.0,108628,70,1,1,1.0,1000,7,1,true,54
729,5406,19913,1000,19913,79652.0,108651,70,1,1,1.0,1000,7,1,true,54
729,5407,19917,1000,19917,79668.0,108673,70,1,1,1.0,1000,7,1,true,54
729,5408,19920,1000,19920,79680.0,108694,70,1,1,1.0,1000,6,1,true,54
729,5409,19923,1000,19923,79692.0,108714,70,1,1,1.0,1000,6,1,true,54
729,5410,19927,1000,19927,79708.0,108732,70,1,1,1.0,1000,7,1,true,54
729,5411,19931,1000,19931,79724.0,108755,70,1,1,1.0,1000,7,1,true,54
729,5412,19935,1000,19935,79740.0,108779,70,1,1,1.0,1000,7,1,true,54
729,5413,19939,1000,19939,79756.0,108799,70,1,1,1.0,1000,6,1,true,54
729,5414,19943,1000,19943,79772.0,108822,70,1,1,1.0,1000,7,1,true,54
729,5415,19947,1000,19947,79788.0,108848,70,1,1,1.0,1000,7,1,true,54
729,5416,19951,1000,19951,79804.0,108866,70,1,1,1.0,1000,7,1,true,54
729,5417,19955,1000,19955,79820.0,108885,70,1,1,1.0,1000,7,1,true,54
729,5418,19959,1000,19959,79836.0,108907,70,1,1,1.0,1000,6,1,true,54
729,5419,19963,1000,19963,79852.0,108922,70,1,1,1.0,1000,6,1,true,54
729,5420,19966,1000,19966,79864.0,108935,70,1,1,1.0,1000,7,1,true,54
729,5421,19969,1000,19969,79876.0,108947,70,1,1,1.0,1000,7,1,true,54
729,5422,19973,1000,19973,79892.0,108977,70,1,1,1.0,1000,7,1,true,54
729,5423,19977,1000,19977,79908.0,108997,70,1,1,1.0,1000,7,1,true,54
729,5424,19981,1000,19981,79924.0,109016,70,1,1,1.0,1000,7,1,true,54
729,5425,19984,1000,19984,79936.0,109026,70,1,1,1.0,1000,6,1,true,54
729,5426,19987,1000,19987,79948.0,109044,70,1,1,1.0,1000,6,1,true,54
729,5427,19990,1000,19990,79960.0,109060,70,1,1,1.0,1000,7,1,true,54
729,5428,19994,1000,19994,79976.0,109083,70,1,1,1.0,1000,7,1,true,54
729,5429,19998,1000,19998,79992.0,109102,70,1,1,1.0,1000,6,1,true,54
729,5430,20002,1000,20002,80008.0,109119,70,1,1,1.0,1000,7,1,true,54
729,5431,20006,1000,20006,80024.0,109141,70,1,1,1.0,1000,7,1,true,54
729,5432,20010,1000,20010,80040.0,109170,70,1,1,1.0,1000,7,1,true,54
729,5433,20014,1000,20014,80056.0,109197,70,1,1,1.0,1000,7,1,true,54
729,5434,20018,1000,20018,80072.0,109225,70,1,1,1.0,1000,7,1,true,54
729,5435,20021,1000,20021,80084.0,109242,70,1,1,1.0,1000,6,1,true,54
729,5436,20025,1000,20025,80100.0,109259,70,1,1,1.0,1000,7,1,true,54
729,5437,20029,1000,20029,80116.0,109286,70,1,1,1.0,1000,7,1,true,54
729,5438,20033,1000,20033,80132.0,109307,70,1,1,1.0,1000,7,1,true,54
729,5439,20037,1000,20037,80148.0,109329,70,1,1,1.0,1000,7,1,true,54
729,5441,20044,1000,20044,80176.0,109363,70,1,1,1.0,1000,7,1,true,54
729,5441,20044,1000,20044,80176.0,109363,70,1,1,1.0,1000,7,1,true,54
729,5442,20048,1000,20048,80192.0,109397,70,1,1,1.0,1000,7,1,true,54
729,5443,20051,1000,20051,80204.0,109414,70,1,1,1.0,1000,6,1,true,54
729,5444,20054,1000,20054,80216.0,109429,70,1,1,1.0,1000,6,1,true,54
729,5445,20057,1000,20057,80228.0,109439,70,1,1,1.0,1000,6,1,true,54
729,5446,20061,1000,20061,80244.0,109467,70,1,1,1.0,1000,7,1,true,54
729,5447,20065,1000,20065,80260.0,109486,70,1,1,1.0,1000,7,1,true,54
729,5448,20068,1000,20068,80272.0,109499,70,1,1,1.0,1000,7,1,true,54
729,5449,20071,1000,20071,80284.0,109514,70,1,1,1.0,1000,7,1,true,54
729,5450,20075,1000,20075,80300.0,109535,70,1,1,1.0,1000,7,1,true,54
729,5451,20079,1000,20079,80316.0,109554,70,1,1,1.0,1000,7,1,true,54
729,5452,20082,1000,20082,80328.0,109567,70,1,1,1.0,1000,7,1,true,54
729,5453,20086,1000,20086,80344.0,109587,70,1,1,1.0,1000,7,1,true,54
729,5454,20090,1000,20090,80360.0,109610,70,1,1,1.0,1000,6,1,true,54
729,5455,20093,1000,20093,80372.0,109623,70,1,1,1.0,1000,6,1,true,54
729,5456,20097,1000,20097,80388.0,109644,70,1,1,1.0,1000,7,1,true,54
729,5457,20101,1000,20101,80404.0,109676,70,1,1,1.0,1000,7,1,true,54
729,5458,20105,1000,20105,80420.0,109696,70,1,1,1.0,1000,6,1,true,54
729,5459,20109,1000,20109,80436.0,109716,70,1,1,1.0,1000,7,1,true,54
729,5460,20112,1000,20112,80448.0,109732,70,1,1,1.0,1000,6,1,true,54
729,5461,20116,1000,20116,80464.0,109757,70,1,1,1.0,1000,7,1,true,54
729,5462,20120,1000,20120,80480.0,109783,70,1,1,1.0,1000,7,1,true,54
729,5463,20123,1000,20123,80492.0,109794,70,1,1,1.0,1000,6,1,true,54
729,5464,20126,1000,20126,80504.0,109807,70,1,1,1.0,1000,7,1,true,54
729,5465,20130,1000,20130,80520.0,109829,70,1,1,1.0,1000,7,1,true,54
729,5466,20133,1000,20133,80532.0,109846,70,1,1,1.0,1000,6,1,true,54
729,5467,20137,1000,20137,80548.0,109866,70,1,1,1.0,1000,7,1,true,54
729,5468,20141,1000,20141,80564.0,109892,70,1,1,1.0,1000,7,1,true,54
729,5469,20145,1000,20145,80580.0,109916,70,1,1,1.0,1000,7,1,true,54
729,5470,20149,1000,20149,80596.0,109937,70,1,1,1.0,1000,7,1,true,54
729,5471,20153,1000,20153,80612.0,109957,70,1,1,1.0,1000,7,1,true,54
729,5472,20156,1000,20156,80624.0,109975,70,1,1,1.0,1000,6,1,true,54
729,5473,20160,1000,20160,80640.0,109995,70,1,1,1.0,1000,7,1,true,54
729,5474,20163,1000,20163,80652.0,110011,70,1,1,1.0,1000,6,1,true,54
729,5475,20166,1000,20166,80664.0,110026,70,1,1,1.0,1000,6,1,true,54
729,5476,20170,1000,20170,80680.0,110039,70,1,1,1.0,1000,7,1,true,54
729,5477,20174,1000,20174,80696.0,110059,70,1,1,1.0,1000,7,1,true,54
729,5478,20178,1000,20178,80712.0,110089,70,1,1,1.0,1000,7,1,true,54
729,5479,20181,1000,20181,80724.0,110104,70,1,1,1.0,1000,7,1,true,54
729,5480,20185,1000,20185,80740.0,110120,70,1,1,1.0,1000,7,1,true,54
729,5481,20189,1000,20189,80756.0,110138,70,1,1,1.0,1000,7,1,true,54
729,5482,20192,1000,20192,80768.0,110150,70,1,1,1.0,1000,6,1,true,54
729,5483,20196,1000,20196,80784.0,110173,70,1,1,1.0,1000,7,1,true,54
729,5484,20200,1000,20200,80800.0,110205,70,1,1,1.0,1000,6,1,true,54
729,5485,20204,1000,20204,80816.0,110227,70,1,1,1.0,1000,7,1,true,54
729,5486,20208,1000,20208,80832.0,110245,70,1,1,1.0,1000,7,1,true,54
729,5487,20211,1000,20211,80844.0,110267,70,1,1,1.0,1000,6,1,true,54
729,5488,20214,1000,20214,80856.0,110282,70,1,1,1.0,1000,7,1,true,54
729,5489,20217,1000,20217,80868.0,110302,70,1,1,1.0,1000,6,1,true,54
729,5490,20221,1000,20221,80884.0,110321,70,1,1,1.0,1000,7,1,true,54
729,5491,20224,1000,20224,80896.0,110340,70,1,1,1.0,1000,7,1,true,54
729,5492,20227,1000,20227,80908.0,110357,70,1,1,1.0,1000,6,1,true,54
729,5493,20231,1000,20231,80924.0,110379,70,1,1,1.0,1000,6,1,true,54
729,5494,20235,1000,20235,80940.0,110403,70,1,1,1.0,1000,7,1,true,54
729,5495,20238,1000,20238,80952.0,110423,70,1,1,1.0,1000,6,1,true,54
729,5496,20241,1000,20241,80964.0,110449,70,1,1,1.0,1000,6,1,true,54
729,5497,20244,1000,20244,80976.0,110468,70,1,1,1.0,1000,7,1,true,54
729,5498,20248,1000,20248,80992.0,110487,70,1,1,1.0,1000,7,1,true,54
729,5499,20252,1000,20252,81008.0,110506,70,1,1,1.0,1000,6,1,true,54
729,5500,20255,1000,20255,81020.0,110517,70,1,1,1.0,1000,6,1,true,54
729,5501,20259,1000,20259,81036.0,110536,70,1,1,1.0,1000,7,1,true,54
729,5502,20262,1000,20262,81048.0,110557,70,1,1,1.0,1000,6,1,true,54
729,5503,20266,1000,20266,81064.0,110579,70,1,1,1.0,1000,7,1,true,54
729,5504,20270,1000,20270,81080.0,110599,70,1,1,1.0,1000,7,1,true,54
729,5505,20273,1000,20273,81092.0,110615,70,1,1,1.0,1000,6,1,true,54
729,5506,20277,1000,20277,81108.0,110634,70,1,1,1.0,1000,7,1,true,54
729,5507,20281,1000,20281,81124.0,110659,70,1,1,1.0,1000,6,1,true,54
729,5508,20284,1000,20284,81136.0,110672,70,1,1,1.0,1000,7,1,true,54
729,5509,20288,1000,20288,81152.0,110695,70,1,1,1.0,1000,7,1,true,54
729,5510,20291,1000,20291,81164.0,110704,70,1,1,1.0,1000,6,1,true,54
729,5511,20294,1000,20294,81176.0,110722,70,1,1,1.0,1000,7,1,true,54
729,5512,20297,1000,20297,81188.0,110745,70,1,1,1.0,1000,6,1,true,54
729,5513,20301,1000,20301,81204.0,110771,70,1,1,1.0,1000,7,1,true,54
729,5514,20305,1000,20305,81220.0,110802,70,1,1,1.0,1000,7,1,true,54
729,5515,20308,1000,20308,81232.0,110820,70,1,1,1.0,1000,6,1,true,54
729,5516,20311,1000,20311,81244.0,110843,70,1,1,1.0,1000,6,1,true,54
729,5517,20314,1000,20314,81256.0,110859,70,1,1,1.0,1000,6,1,true,54
729,5518,20318,1000,20318,81272.0,110874,70,1,1,1.0,1000,7,1,true,54
729,5519,20322,1000,20322,81288.0,110895,70,1,1,1.0,1000,7,1,true,54
729,5520,20326,1000,20326,81304.0,110910,70,1,1,1.0,1000,7,1,true,54
729,5521,20329,1000,20329,81316.0,110930,70,1,1,1.0,1000,6,1,true,54
729,5522,20333,1000,20333,81332.0,110949,70,1,1,1.0,1000,7,1,true,54
729,5523,20337,1000,20337,81348.0,110972,70,1,1,1.0,1000,7,1,true,54
729,5524,20341,1000,20341,81364.0,111001,70,1,1,1.0,1000,7,1,true,54
729,5525,20345,1000,20345,81380.0,111023,70,1,1,1.0,1000,7,1,true,54
729,5526,20349,1000,20349,81396.0,111044,70,1,1,1.0,1000,7,1,true,54
729,5527,20353,1000,20353,81412.0,111063,70,1,1,1.0,1000,7,1,true,54
729,5528,20356,1000,20356,81424.0,111084,70,1,1,1.0,1000,7,1,true,54
729,5529,20359,1000,20359,81436.0,111108,70,1,1,1.0,1000,7,1,true,54
729,5530,20363,1000,20363,81452.0,111130,70,1,1,1.0,1000,7,1,true,54
729,5531,20367,1000,20367,81468.0,111146,70,1,1,1.0,1000,7,1,true,54
729,5532,20371,1000,20371,81484.0,111176,70,1,1,1.0,1000,7,1,true,54
729,5533,20375,1000,20375,81500.0,111201,70,1,1,1.0,1000,7,1,true,54
729,5534,20377,1000,20377,81508.0,111217,70,1,1,1.0,1000,7,1,true,54
729,5535,20381,1000,20381,81524.0,111230,70,1,1,1.0,1000,7,1,true,54
729,5536,20385,1000,20385,81540.0,111254,70,1,1,1.0,1000,6,1,true,54
729,5537,20389,1000,20389,81556.0,111274,70,1,1,1.0,1000,7,1,true,54
729,5538,20393,1000,20393,81572.0,111296,70,1,1,1.0,1000,7,1,true,54
729,5539,20396,1000,20396,81584.0,111320,70,1,1,1.0,1000,6,1,true,54
729,5540,20400,1000,20400,81600.0,111341,70,1,1,1.0,1000,7,1,true,54
729,5541,20404,1000,20404,81616.0,111361,70,1,1,1.0,1000,7,1,true,54
729,5543,20412,1000,20412,81648.0,111401,70,1,1,1.0,1000,7,1,true,54
729,5543,20412,1000,20412,81648.0,111401,70,1,1,1.0,1000,7,1,true,54
729,5544,20416,1000,20416,81664.0,111422,70,1,1,1.0,1000,7,1,true,54
729,5545,20419,1000,20419,81676.0,111441,70,1,1,1.0,1000,6,1,true,54
729,5546,20423,1000,20423,81692.0,111457,70,1,1,1.0,1000,7,1,true,54
729,5547,20426,1000,20426,81704.0,111478,70,1,1,1.0,1000,7,1,true,54
729,5548,20430,1000,20430,81720.0,111503,70,1,1,1.0,1000,7,1,true,54
729,5549,20433,1000,20433,81732.0,111519,70,1,1,1.0,1000,7,1,true,54
729,5550,20436,1000,20436,81744.0,111530,70,1,1,1.0,1000,6,1,true,54
729,5551,20440,1000,20440,81760.0,111558,70,1,1,1.0,1000,7,1,true,54
729,5552,20444,1000,20444,81776.0,111578,70,1,1,1.0,1000,7,1,true,54
729,5553,20448,1000,20448,81792.0,111600,70,1,1,1.0,1000,7,1,true,54
729,5554,20452,1000,20452,81808.0,111621,70,1,1,1.0,1000,7,1,true,54
729,5555,20455,1000,20455,81820.0,111636,70,1,1,1.0,1000,6,1,true,54
729,5556,20459,1000,20459,81836.0,111654,70,1,1,1.0,1000,7,1,true,54
729,5557,20463,1000,20463,81852.0,111677,70,1,1,1.0,1000,7,1,true,54
729,5558,20466,1000,20466,81864.0,111691,70,1,1,1.0,1000,7,1,true,54
729,5559,20470,1000,20470,81880.0,111712,70,1,1,1.0,1000,7,1,true,54
729,5560,20474,1000,20474,81896.0,111729,70,1,1,1.0,1000,7,1,true,54
729,5561,20478,1000,20478,81912.0,111753,70,1,1,1.0,1000,7,1,true,54
729,5562,20481,1000,20481,81924.0,111768,70,1,1,1.0,1000,7,1,true,54
729,5563,20484,1000,20484,81936.0,111784,70,1,1,1.0,1000,6,1,true,54
729,5564,20487,1000,20487,81948.0,111808,70,1,1,1.0,1000,7,1,true,54
729,5565,20491,1000,20491,81964.0,111831,70,1,1,1.0,1000,6,1,true,54
729,5566,20495,1000,20495,81980.0,111850,70,1,1,1.0,1000,7,1,true,54
729,5567,20498,1000,20498,81992.0,111871,70,1,1,1.0,1000,6,1,true,54
729,5568,20501,1000,20501,82004.0,111901,70,1,1,1.0,1000,6,1,true,54
729,5569,20505,1000,20505,82020.0,111921,70,1,1,1.0,1000,7,1,true,54
729,5570,20509,1000,20509,82036.0,111941,70,1,1,1.0,1000,7,1,true,54
729,5571,20513,1000,20513,82052.0,111964,70,1,1,1.0,1000,6,1,true,54
729,5572,20516,1000,20516,82064.0,111978,70,1,1,1.0,1000,6,1,true,54
729,5573,20519,1000,20519,82076.0,111990,70,1,1,1.0,1000,6,1,true,54
729,5574,20523,1000,20523,82092.0,112012,70,1,1,1.0,1000,7,1,true,54
729,5575,20527,1000,20527,82108.0,112034,70,1,1,1.0,1000,6,1,true,54
729,5576,20530,1000,20530,82120.0,112056,70,1,1,1.0,1000,6,1,true,54
729,5577,20533,1000,20533,82132.0,112070,70,1,1,1.0,1000,6,1,true,54
729,5578,20537,1000,20537,82148.0,112091,70,1,1,1.0,1000,7,1,true,54
729,5579,20541,1000,20541,82164.0,112111,70,1,1,1.0,1000,7,1,true,54
729,5580,20545,1000,20545,82180.0,112127,70,1,1,1.0,1000,7,1,true,54
729,5581,20548,1000,20548,82192.0,112142,70,1,1,1.0,1000,6,1,true,54
729,5582,20551,1000,20551,82204.0,112161,70,1,1,1.0,1000,7,1,true,54
729,5583,20555,1000,20555,82220.0,112174,70,1,1,1.0,1000,6,1,true,54
729,5584,20559,1000,20559,82236.0,112199,70,1,1,1.0,1000,7,1,true,54
729,5585,20562,1000,20562,82248.0,112220,70,1,1,1.0,1000,6,1,true,54
729,5586,20566,1000,20566,82264.0,112240,70,1,1,1.0,1000,7,1,true,54
729,5587,20569,1000,20569,82276.0,112253,70,1,1,1.0,1000,6,1,true,54
729,5588,20573,1000,20573,82292.0,112279,70,1,1,1.0,1000,7,1,true,54
729,5589,20576,1000,20576,82304.0,112295,70,1,1,1.0,1000,6,1,true,54
729,5590,20579,1000,20579,82316.0,112310,70,1,1,1.0,1000,6,1,true,54
729,5591,20583,1000,20583,82332.0,112340,70,1,1,1.0,1000,7,1,true,54
729,5592,20587,1000,20587,82348.0,112363,70,1,1,1.0,1000,7,1,true,54
729,5593,20591,1000,20591,82364.0,112384,70,1,1,1.0,1000,6,1,true,54
729,5594,20594,1000,20594,82376.0,112400,70,1,1,1.0,1000,7,1,true,54
729,5595,20598,1000,20598,82392.0,112420,70,1,1,1.0,1000,7,1,true,54
729,5596,20601,1000,20601,82404.0,112437,70,1,1,1.0,1000,6,1,true,54
729,5597,20605,1000,20605,82420.0,112455,70,1,1,1.0,1000,7,1,true,54
729,5598,20609,1000,20609,82436.0,112477,70,1,1,1.0,1000,7,1,true,54
729,5599,20612,1000,20612,82448.0,112489,70,1,1,1.0,1000,6,1,true,54
729,5600,20615,1000,20615,82460.0,112503,70,1,1,1.0,1000,6,1,true,54
729,5601,20619,1000,20619,82476.0,112522,70,1,1,1.0,1000,7,1,true,54
729,5602,20622,1000,20622,82488.0,112535,70,1,1,1.0,1000,6,1,true,54
729,5603,20626,1000,20626,82504.0,112550,70,1,1,1.0,1000,7,1,true,54
729,5604,20630,1000,20630,82520.0,112573,70,1,1,1.0,1000,7,1,true,54
729,5605,20633,1000,20633,82532.0,112590,70,1,1,1.0,1000,6,1,true,54
729,5606,20636,1000,20636,82544.0,112600,70,1,1,1.0,1000,6,1,true,54
729,5607,20640,1000,20640,82560.0,112624,70,1,1,1.0,1000,6,1,true,54
729,5608,20644,1000,20644,82576.0,112646,70,1,1,1.0,1000,7,1,true,54
729,5609,20648,1000,20648,82592.0,112658,70,1,1,1.0,1000,7,1,true,54
729,5610,20652,1000,20652,82608.0,112680,70,1,1,1.0,1000,7,1,true,54
729,5611,20655,1000,20655,82620.0,112695,70,1,1,1.0,1000,6,1,true,54
729,5612,20659,1000,20659,82636.0,112716,70,1,1,1.0,1000,7,1,true,54
729,5613,20663,1000,20663,82652.0,112732,70,1,1,1.0,1000,7,1,true,54
729,5614,20667,1000,20667,82668.0,112757,70,1,1,1.0,1000,7,1,true,54
729,5615,20671,1000,20671,82684.0,112782,70,1,1,1.0,1000,7,1,true,54
729,5616,20675,1000,20675,82700.0,112804,70,1,1,1.0,1000,7,1,true,54
729,5617,20679,1000,20679,82716.0,112823,70,1,1,1.0,1000,7,1,true,54
729,5618,20683,1000,20683,82732.0,112841,70,1,1,1.0,1000,7,1,true,54
729,5619,20686,1000,20686,82744.0,112852,70,1,1,1.0,1000,7,1,true,54
729,5620,20690,1000,20690,82760.0,112868,70,1,1,1.0,1000,7,1,true,54
729,5621,20694,1000,20694,82776.0,112888,70,1,1,1.0,1000,7,1,true,54
729,5622,20697,1000,20697,82788.0,112914,70,1,1,1.0,1000,6,1,true,54
729,5623,20700,1000,20700,82800.0,112932,70,1,1,1.0,1000,6,1,true,54
729,5624,20703,1000,20703,82812.0,112949,70,1,1,1.0,1000,6,1,true,54
729,5625,20707,1000,20707,82828.0,112977,70,1,1,1.0,1000,7,1,true,54
729,5626,20710,1000,20710,82840.0,112991,70,1,1,1.0,1000,6,1,true,54
729,5627,20714,1000,20714,82856.0,113005,70,1,1,1.0,1000,7,1,true,54
729,5628,20718,1000,20718,82872.0,113026,70,1,1,1.0,1000,7,1,true,54
729,5629,20721,1000,20721,82884.0,113037,70,1,1,1.0,1000,7,1,true,54
729,5630,20724,1000,20724,82896.0,113050,70,1,1,1.0,1000,6,1,true,54
