725,1,3,4,3,6.0,11,70,0,1,0.0,1000,6,5,false,22
725,2,6,7,6,12.0,20,70,0,1,0.0,1000,6,5,false,22
725,3,9,10,9,18.0,32,70,0,1,0.0,1000,6,5,false,22
725,4,12,13,12,24.0,46,70,0,1,0.0,1000,6,5,false,22
725,5,15,16,15,30.0,58,70,0,1,0.0,1000,6,5,false,22
725,6,18,19,18,36.0,69,70,0,1,0.0,1000,6,5,false,22
725,7,21,22,21,42.0,77,70,0,1,0.0,1000,6,5,false,22
725,8,24,25,24,48.0,88,70,0,1,0.0,1000,6,5,false,22
725,9,27,28,27,54.0,99,70,0,1,0.0,1000,6,5,false,22
725,10,30,31,30,60.0,112,70,0,1,0.0,1000,6,5,false,22
725,11,33,34,33,66.0,125,70,0,1,0.0,1000,6,5,false,22
725,12,36,37,36,72.0,134,70,0,1,0.0,1000,6,5,false,22
725,13,39,40,39,78.0,143,70,0,1,0.0,1000,6,5,false,22
725,14,42,43,42,84.0,154,70,0,1,0.0,1000,6,5,false,22
725,15,45,102,127,90.0,432,70,0,1,0.0,1000,6,5,false,22
725,16,48,104,130,96.0,450,70,0,1,0.0,1000,6,5,false,22
725,17,51,107,133,102.0,471,70,0,1,0.0,1000,6,5,false,22
725,18,54,110,136,108.0,486,70,0,1,0.0,1000,6,5,false,22
725,19,57,113,139,114.0,500,70,0,1,0.0,1000,6,5,false,22
725,20,60,116,142,120.0,509,70,0,1,0.0,1000,6,5,false,22
725,21,63,119,145,126.0,522,70,0,1,0.0,1000,6,5,false,22
725,22,66,122,148,132.0,532,70,0,1,0.0,1000,6,5,false,22
725,23,69,125,151,138.0,545,70,0,1,0.0,1000,6,5,false,22
725,24,72,128,154,144.0,561,70,0,1,0.0,1000,6,5,false,22
725,25,75,130,157,150.0,574,70,0,1,0.0,1000,6,5,false,22
725,26,78,133,160,156.0,588,70,0,1,0.0,1000,6,5,false,22
725,27,81,136,163,162.0,598,70,0,1,0.0,1000,6,5,false,22
725,28,84,139,166,168.0,609,70,0,1,0.0,1000,6,5,false,22
725,29,87,142,169,174.0,622,70,0,1,0.0,1000,6,5,false,22
725,30,90,145,172,180.0,631,70,0,1,0.0,1000,6,5,false,22
725,31,93,148,175,186.0,644,70,0,1,0.0,1000,6,5,false,22
725,32,96,289,488,194.0,1906,70,0,1,0.0,1000,6,5,false,22
725,33,99,292,491,200.0,1917,70,0,1,0.0,1000,6,5,false,22
725,34,102,295,494,206.0,1927,70,0,1,0.0,1000,6,5,false,22
725,35,105,297,497,212.0,1941,70,0,1,0.0,1000,6,5,false,22
725,36,108,299,500,218.0,1953,70,0,1,0.0,1000,6,5,false,22
725,37,111,301,503,224.0,1963,70,0,1,0.0,1000,6,5,false,22
725,38,114,304,506,230.0,1980,70,0,1,0.0,1000,6,5,false,22
725,39,117,307,509,236.0,1991,70,0,1,0.0,1000,6,5,false,22
725,40,120,309,512,242.0,2003,70,0,1,0.0,1000,6,5,false,22
725,41,123,310,515,248.0,2022,70,0,1,0.0,1000,6,5,false,22
725,42,126,313,518,254.0,2031,70,0,1,0.0,1000,6,5,false,22
725,43,129,316,521,260.0,2046,70,0,1,0.0,1000,6,5,false,22
725,44,132,319,524,266.0,2058,70,0,1,0.0,1000,6,5,false,22
725,45,135,320,527,272.0,2073,70,0,1,0.0,1000,6,5,false,22
725,46,138,322,530,278.0,2081,70,0,1,0.0,1000,6,5,false,22
725,47,141,323,533,284.0,2091,70,0,1,0.0,1000,6,5,false,22
725,49,147,354,725,296.0,3490,70,0,1,0.0,1000,6,5,false,22
725,49,147,354,725,296.0,3490,70,0,1,0.0,1000,6,5,false,22
725,50,150,355,728,302.0,3506,70,0,1,0.0,1000,6,5,false,22
725,51,153,356,731,308.0,3526,70,0,1,0.0,1000,6,5,false,22
725,52,156,358,734,314.0,3538,70,0,1,0.0,1000,6,5,false,22
725,53,159,359,737,320.0,3550,70,0,1,0.0,1000,6,5,false,22
725,54,162,361,740,326.0,3566,70,0,1,0.0,1000,6,5,false,22
725,55,165,362,743,332.0,3584,70,0,1,0.0,1000,6,5,false,22
725,56,168,365,746,338.0,3596,70,0,1,0.0,1000,6,5,false,22
725,57,171,368,749,344.0,3606,70,0,1,0.0,1000,6,5,false,22
725,58,174,369,752,350.0,3622,70,0,1,0.0,1000,6,5,false,22
725,59,177,370,755,356.0,3636,70,0,1,0.0,1000,6,5,false,22
725,60,180,371,758,362.0,3646,70,0,1,0.0,1000,6,5,false,22
725,61,183,374,761,368.0,3657,70,0,1,0.0,1000,6,5,false,22
725,62,186,376,764,374.0,3668,70,0,1,0.0,1000,6,5,false,22
725,63,188,436,930,380.0,5554,70,0,1,0.0,1000,6,5,false,22
725,64,191,438,933,386.0,5564,70,0,1,0.0,1000,6,5,false,22
725,65,194,439,936,392.0,5575,70,0,1,0.0,1000,6,5,false,22
725,66,197,441,939,398.0,5585,70,0,1,0.0,1000,6,5,false,22
725,67,200,442,942,404.0,5596,70,0,1,0.0,1000,6,5,false,22
725,68,203,444,945,410.0,5608,70,0,1,0.0,1000,6,5,false,22
725,69,206,446,948,416.0,5620,70,0,1,0.0,1000,6,5,false,22
725,70,209,447,951,422.0,5630,70,0,1,0.0,1000,6,5,false,22
725,71,212,448,954,428.0,5639,70,0,1,0.0,1000,6,5,false,22
725,72,215,451,957,434.0,5655,70,0,1,0.0,1000,6,5,false,22
725,73,218,453,960,440.0,5668,70,0,1,0.0,1000,6,5,false,22
725,74,221,454,963,446.0,5675,70,0,1,0.0,1000,6,5,false,22
725,75,224,456,966,452.0,5686,70,0,1,0.0,1000,6,5,false,22
725,76,227,458,969,458.0,5699,70,0,1,0.0,1000,6,5,false,22
725,77,230,459,972,464.0,5717,70,0,1,0.0,1000,6,5,false,22
725,78,233,460,975,470.0,5724,70,0,1,0.0,1000,6,5,false,22
725,79,236,462,978,476.0,5731,70,0,1,0.0,1000,6,5,false,22
725,80,239,464,981,482.0,5748,70,0,1,0.0,1000,6,5,false,22
725,81,242,466,984,488.0,5766,70,0,1,0.0,1000,6,5,false,22
725,82,245,469,987,494.0,5774,70,0,1,0.0,1000,6,5,false,22
725,83,248,472,990,500.0,5787,70,0,1,0.0,1000,6,5,false,22
725,84,250,473,992,504.0,5793,70,0,1,0.0,1000,6,5,false,22
725,85,253,475,995,510.0,5815,70,0,1,0.0,1000,6,5,false,22
725,86,256,477,998,516.0,5826,70,0,1,0.0,1000,6,5,false,22
725,87,259,478,1001,522.0,5837,70,0,1,0.0,1000,6,5,false,22
725,88,262,480,1004,528.0,5849,70,0,1,0.0,1000,6,5,false,22
725,89,265,482,1007,534.0,5861,70,0,1,0.0,1000,6,5,false,22
725,90,268,484,1010,540.0,5878,70,0,1,0.0,1000,6,5,false,22
725,91,271,485,1013,546.0,5884,70,0,1,0.0,1000,6,5,false,22
725,92,274,486,1016,552.0,5894,70,0,1,0.0,1000,6,5,false,22
725,93,277,487,1019,558.0,5911,70,0,1,0.0,1000,6,5,false,22
725,94,280,489,1022,564.0,5924,70,0,1,0.0,1000,6,5,false,22
725,95,283,490,1025,570.0,5935,70,0,1,0.0,1000,6,5,false,22
725,96,286,492,1028,576.0,5949,70,0,1,0.0,1000,6,5,false,22
725,97,289,494,1031,582.0,5959,70,0,1,0.0,1000,6,5,false,22
725,98,292,496,1034,588.0,5974,70,0,1,0.0,1000,6,5,false,22
725,99,295,498,1037,594.0,5979,70,0,1,0.0,1000,6,5,false,22
725,100,298,500,1040,600.0,5986,70,0,1,0.0,1000,6,5,false,22
725,101,301,502,1043,606.0,5993,70,0,1,0.0,1000,6,5,false,22
725,102,304,503,1046,612.0,6004,70,0,1,0.0,1000,6,5,false,22
725,103,307,504,1049,618.0,6017,70,0,1,0.0,1000,6,5,false,22
725,104,310,506,1052,624.0,6027,70,0,1,0.0,1000,6,5,false,22
725,105,313,508,1055,630.0,6044,70,0,1,0.0,1000,6,5,false,22
725,106,316,510,1058,636.0,6053,70,0,1,0.0,1000,6,5,false,22
725,107,319,511,1061,642.0,6070,70,0,1,0.0,1000,6,5,false,22
725,108,322,512,1064,648.0,6082,70,0,1,0.0,1000,6,5,false,22
725,109,325,513,1067,654.0,6096,70,0,1,0.0,1000,6,5,false,22
725,110,328,515,1070,660.0,6108,70,0,1,0.0,1000,6,5,false,22
725,111,331,518,1073,666.0,6116,70,0,1,0.0,1000,6,5,false,22
725,112,334,518,1076,672.0,6128,70,0,1,0.0,1000,6,5,false,22
725,113,337,520,1079,678.0,6145,70,0,1,0.0,1000,6,5,false,22
725,114,340,520,1082,684.0,6159,70,0,1,0.0,1000,6,5,false,22
725,115,343,521,1085,690.0,6170,70,0,1,0.0,1000,6,5,false,22
725,116,347,522,1089,698.0,6187,70,0,1,0.0,1000,6,5,false,22
725,117,350,524,1092,704.0,6199,70,0,1,0.0,1000,6,5,false,22
725,118,353,527,1095,710.0,6216,70,0,1,0.0,1000,6,5,false,22
725,119,356,529,1098,716.0,6230,70,0,1,0.0,1000,6,5,false,22
725,120,359,531,1101,722.0,6238,70,0,1,0.0,1000,6,5,false,22
725,121,362,532,1104,728.0,6251,70,0,1,0.0,1000,6,5,false,22
725,122,365,535,1107,734.0,6264,70,0,1,0.0,1000,6,5,false,22
725,123,368,537,1110,740.0,6279,70,0,1,0.0,1000,6,5,false,22
725,124,371,539,1113,746.0,6291,70,0,1,0.0,1000,6,5,false,22
725,125,374,540,1116,752.0,6307,70,0,1,0.0,1000,6,5,false,22
725,126,377,541,1119,758.0,6324,70,0,1,0.0,1000,6,5,false,22
725,127,380,542,1122,764.0,6339,70,0,1,0.0,1000,6,5,false,22
725,128,383,543,1125,770.0,6353,70,0,1,0.0,1000,6,5,false,22
725,129,386,545,1128,776.0,6368,70,0,1,0.0,1000,6,5,false,22
725,130,389,545,1131,782.0,6384,70,0,1,0.0,1000,6,5,false,22
725,131,392,547,1134,788.0,6393,70,0,1,0.0,1000,6,5,false,22
725,132,395,548,1137,794.0,6399,70,0,1,0.0,1000,6,5,false,22
725,133,398,548,1140,800.0,6414,70,0,1,0.0,1000,6,5,false,22
725,134,401,549,1143,806.0,6425,70,0,1,0.0,1000,6,5,false,22
725,135,404,549,1146,812.0,6439,70,0,1,0.0,1000,6,5,false,22
725,136,407,549,1149,818.0,6449,70,0,1,0.0,1000,6,5,false,22
725,137,410,549,1152,824.0,6466,70,0,1,0.0,1000,6,5,false,22
725,138,413,551,1155,830.0,6483,70,0,1,0.0,1000,6,5,false,22
725,139,416,552,1158,836.0,6498,70,0,1,0.0,1000,6,5,false,22
725,140,419,553,1161,842.0,6512,70,0,1,0.0,1000,6,5,false,22
725,141,422,553,1164,848.0,6525,70,0,1,0.0,1000,6,5,false,22
725,142,425,554,1167,854.0,6530,70,0,1,0.0,1000,6,5,false,22
725,143,428,643,2131,860.0,8900,70,0,1,0.0,1000,6,5,false,22
725,144,431,643,2134,866.0,8911,70,0,1,0.0,1000,6,5,false,22
725,145,434,645,2137,872.0,8929,70,0,1,0.0,1000,6,5,false,22
725,146,437,646,2140,878.0,8938,70,0,1,0.0,1000,6,5,false,22
725,147,440,646,2143,884.0,8956,70,0,1,0.0,1000,6,5,false,22
725,148,443,646,2146,890.0,8966,70,0,1,0.0,1000,6,5,false,22
725,149,446,647,2149,896.0,8978,70,0,1,0.0,1000,6,5,false,22
725,150,449,648,2152,902.0,8991,70,0,1,0.0,1000,6,5,false,22
725,151,452,649,2155,908.0,9004,70,0,1,0.0,1000,6,5,false,22
725,152,455,649,2158,914.0,9016,70,0,1,0.0,1000,6,5,false,22
725,153,458,651,2161,920.0,9031,70,0,1,0.0,1000,6,5,false,22
725,154,461,651,2164,926.0,9045,70,0,1,0.0,1000,6,5,false,22
725,155,464,654,2167,932.0,9053,70,0,1,0.0,1000,6,5,false,22
725,156,467,654,2170,938.0,9067,70,0,1,0.0,1000,6,5,false,22
725,157,470,655,2173,944.0,9076,70,0,1,0.0,1000,6,5,false,22
725,158,473,656,2176,950.0,9086,70,0,1,0.0,1000,6,5,false,22
725,159,476,657,2179,956.0,9095,70,0,1,0.0,1000,6,5,false,22
725,160,479,658,2182,962.0,9109,70,0,1,0.0,1000,6,5,false,22
725,161,482,660,2185,968.0,9119,70,0,1,0.0,1000,6,5,false,22
725,162,485,660,2188,974.0,9134,70,0,1,0.0,1000,6,5,false,22
725,163,488,660,2191,980.0,9144,70,0,1,0.0,1000,6,5,false,22
725,164,491,662,2194,986.0,9156,70,0,1,0.0,1000,6,5,false,22
725,165,494,664,2197,992.0,9172,70,0,1,0.0,1000,6,5,false,22
725,166,497,665,2200,998.0,9186,70,0,1,0.0,1000,6,5,false,22
725,167,500,666,2203,1004.0,9192,70,0,1,0.0,1000,6,5,false,22
725,168,503,666,2206,1010.0,9202,70,0,1,0.0,1000,6,5,false,22
725,169,506,666,2209,1016.0,9211,70,0,1,0.0,1000,6,5,false,22
725,170,509,667,2212,1022.0,9223,70,0,1,0.0,1000,6,5,false,22
725,171,512,667,2215,1028.0,9236,70,0,1,0.0,1000,6,5,false,22
725,172,515,670,2218,1034.0,9252,70,0,1,0.0,1000,6,5,false,22
725,173,518,671,2221,1040.0,9262,70,0,1,0.0,1000,6,5,false,22
725,174,521,672,2224,1046.0,9280,70,0,1,0.0,1000,6,5,false,22
725,175,524,672,2227,1052.0,9293,70,0,1,0.0,1000,6,5,false,22
725,176,527,673,2230,1058.0,9300,70,0,1,0.0,1000,6,5,false,22
725,177,530,673,2233,1064.0,9313,70,0,1,0.0,1000,6,5,false,22
725,178,533,674,2236,1070.0,9331,70,0,1,0.0,1000,6,5,false,22
725,179,536,674,2239,1076.0,9343,70,0,1,0.0,1000,6,5,false,22
725,180,539,676,2242,1082.0,9350,70,0,1,0.0,1000,6,5,false,22
725,181,542,676,2245,1088.0,9367,70,0,1,0.0,1000,6,5,false,22
725,182,545,676,2248,1094.0,9378,70,0,1,0.0,1000,6,5,false,22
725,183,548,677,2251,1100.0,9392,70,0,1,0.0,1000,6,5,false,22
725,184,551,678,2254,1106.0,9397,70,0,1,0.0,1000,6,5,false,22
725,185,554,680,2257,1112.0,9412,70,0,1,0.0,1000,6,5,false,22
725,186,557,680,2260,1118.0,9423,70,0,1,0.0,1000,6,5,false,22
725,187,560,681,2263,1124.0,9435,70,0,1,0.0,1000,6,5,false,22
725,188,563,682,2266,1130.0,9449,70,0,1,0.0,1000,6,5,false,22
725,189,566,683,2269,1136.0,9461,70,0,1,0.0,1000,6,5,false,22
725,190,569,683,2272,1142.0,9479,70,0,1,0.0,1000,6,5,false,22
725,191,572,684,2275,1148.0,9488,70,0,1,0.0,1000,6,5,false,22
725,192,575,684,2278,1154.0,9506,70,0,1,0.0,1000,6,5,false,22
725,193,578,684,2281,1160.0,9520,70,0,1,0.0,1000,6,5,false,22
725,194,581,685,2284,1166.0,9534,70,0,1,0.0,1000,6,5,false,22
725,195,584,687,2287,1172.0,9550,70,0,1,0.0,1000,6,5,false,22
725,196,587,688,2290,1178.0,9561,70,0,1,0.0,1000,6,5,false,22
725,197,590,689,2293,1184.0,9573,70,0,1,0.0,1000,6,5,false,22
725,198,593,691,2296,1190.0,9583,70,0,1,0.0,1000,6,5,false,22
725,199,596,692,2299,1196.0,9595,70,0,1,0.0,1000,6,5,false,22
725,200,599,693,2302,1202.0,9601,70,0,1,0.0,1000,6,5,false,22
725,201,602,695,2305,1208.0,9610,70,0,1,0.0,1000,6,5,false,22
725,202,605,696,2308,1214.0,9622,70,0,1,0.0,1000,6,5,false,22
725,203,608,697,2311,1220.0,9634,70,0,1,0.0,1000,6,5,false,22
725,204,611,697,2314,1226.0,9648,70,0,1,0.0,1000,6,5,false,22
725,205,614,698,2317,1232.0,9665,70,0,1,0.0,1000,6,5,false,22
725,206,617,699,2320,1238.0,9682,70,0,1,0.0,1000,6,5,false,22
725,207,620,699,2323,1244.0,9691,70,0,1,0.0,1000,6,5,false,22
725,208,623,700,2326,1250.0,9707,70,0,1,0.0,1000,6,5,false,22
725,209,626,701,2329,1256.0,9717,70,0,1,0.0,1000,6,5,false,22
725,210,629,703,2332,1262.0,9727,70,0,1,0.0,1000,6,5,false,22
725,211,632,704,2335,1268.0,9739,70,0,1,0.0,1000,6,5,false,22
725,212,635,705,2338,1274.0,9754,70,0,1,0.0,1000,6,5,false,22
725,213,638,707,2341,1280.0,9768,70,0,1,0.0,1000,6,5,false,22
725,214,641,709,2344,1286.0,9788,70,0,1,0.0,1000,6,5,false,22
725,215,644,711,2347,1292.0,9804,70,0,1,0.0,1000,6,5,false,22
725,216,647,712,2350,1298.0,9818,70,0,1,0.0,1000,6,5,false,22
725,217,650,712,2353,1304.0,9838,70,0,1,0.0,1000,6,5,false,22
725,218,653,712,2356,1310.0,9853,70,0,1,0.0,1000,6,5,false,22
725,219,656,712,2359,1316.0,9868,70,0,1,0.0,1000,6,5,false,22
725,220,659,713,2362,1322.0,9880,70,0,1,0.0,1000,6,5,false,22
725,221,662,715,2365,1328.0,9894,70,1,1,1.0,1000,6,5,false,22
725,222,665,717,2368,1334.0,9902,70,1,1,1.0,1000,6,5,false,22
725,223,668,717,2371,1340.0,9920,70,1,1,1.0,1000,6,5,false,22
725,224,671,719,2374,1346.0,9928,70,1,1,1.0,1000,6,5,false,22
725,225,674,719,2377,1352.0,9943,70,1,1,1.0,1000,6,5,false,22
725,226,677,720,2380,1358.0,9959,70,1,1,1.0,1000,6,5,false,22
725,227,680,721,2383,1364.0,9972,70,1,1,1.0,1000,6,5,false,22
725,228,683,722,2386,1370.0,9988,70,1,1,1.0,1000,6,5,false,22
725,229,686,724,2389,1376.0,10004,70,1,1,1.0,1000,6,5,false,22
725,230,689,726,2392,1382.0,10022,70,1,1,1.0,1000,6,5,false,22
725,231,692,727,2395,1388.0,10029,70,1,1,1.0,1000,6,5,false,22
725,232,695,727,2398,1394.0,10048,70,1,1,1.0,1000,6,5,false,22
725,233,698,727,2401,1400.0,10058,70,1,1,1.0,1000,6,5,false,22
725,234,701,727,2404,1406.0,10069,70,1,1,1.0,1000,6,5,false,22
725,235,704,730,2407,1412.0,10083,70,1,1,1.0,1000,6,5,false,22
725,236,707,731,2410,1418.0,10096,70,1,1,1.0,1000,6,5,false,22
725,237,710,733,2413,1424.0,10102,70,1,1,1.0,1000,6,5,false,22
725,238,713,733,2416,1430.0,10110,70,1,1,1.0,1000,6,5,false,22
725,239,716,733,2419,1436.0,10126,70,1,1,1.0,1000,6,5,false,22
725,240,719,734,2422,1442.0,10140,70,1,1,1.0,1000,6,5,false,22
725,241,722,734,2425,1448.0,10150,70,1,1,1.0,1000,6,5,false,22
725,242,725,735,2428,1454.0,10165,70,1,1,1.0,1000,6,5,false,22
725,243,728,736,2431,1460.0,10179,70,1,1,1.0,1000,6,5,false,22
725,244,731,737,2434,1466.0,10192,70,1,1,1.0,1000,6,5,false,22
725,245,734,737,2437,1472.0,10202,70,1,1,1.0,1000,6,5,false,22
725,246,737,738,2440,1478.0,10212,70,1,1,1.0,1000,6,5,false,22
725,247,740,949,3683,1486.0,14223,70,1,1,1.0,1000,6,5,false,22
725,248,743,950,3686,1492.0,14237,70,1,1,1.0,1000,6,5,false,22
725,249,746,950,3689,1498.0,14249,70,1,1,1.0,1000,6,5,false,22
725,250,749,950,3692,1504.0,14263,70,1,1,1.0,1000,6,5,false,22
725,251,752,950,3695,1510.0,14274,70,1,1,1.0,1000,6,5,false,22
725,252,755,951,3698,1516.0,14284,70,1,1,1.0,1000,6,5,false,22
725,253,758,951,3701,1522.0,14292,70,1,1,1.0,1000,6,5,false,22
725,254,761,951,3704,1528.0,14307,70,1,1,1.0,1000,6,5,false,22
725,255,764,951,3707,1534.0,14323,70,1,1,1.0,1000,6,5,false,22
725,256,767,952,3710,1540.0,14341,70,1,1,1.0,1000,6,5,false,22
725,257,770,952,3713,1546.0,14353,70,1,1,1.0,1000,6,5,false,22
725,258,773,952,3716,1552.0,14361,70,1,1,1.0,1000,6,5,false,22
725,259,776,952,3719,1558.0,14375,70,1,1,1.0,1000,6,5,false,22
725,260,779,952,3722,1564.0,14386,70,1,1,1.0,1000,6,5,false,22
725,261,782,952,3725,1570.0,14396,70,1,1,1.0,1000,6,5,false,22
725,262,785,953,3728,1576.0,14407,70,1,1,1.0,1000,6,5,false,22
725,263,788,953,3731,1582.0,14418,70,1,1,1.0,1000,6,5,false,22
725,264,791,953,3734,1588.0,14430,70,1,1,1.0,1000,6,5,false,22
725,265,794,953,3737,1594.0,14443,70,1,1,1.0,1000,6,5,false,22
725,266,797,953,3740,1600.0,14455,70,1,1,1.0,1000,6,5,false,22
725,267,800,953,3743,1606.0,14466,70,1,1,1.0,1000,6,5,false,22
725,268,803,953,3746,1612.0,14483,70,1,1,1.0,1000,6,5,false,22
725,269,806,953,3749,1618.0,14499,70,1,1,1.0,1000,6,5,false,22
725,270,809,953,3752,1624.0,14510,70,1,1,1.0,1000,6,5,false,22
725,271,812,953,3755,1630.0,14526,70,1,1,1.0,1000,6,5,false,22
725,272,815,954,3758,1636.0,14544,70,1,1,1.0,1000,6,5,false,22
725,273,818,954,3761,1642.0,14554,70,1,1,1.0,1000,6,5,false,22
725,274,821,954,3764,1648.0,14567,70,1,1,1.0,1000,6,5,false,22
725,275,824,954,3767,1654.0,14575,70,1,1,1.0,1000,6,5,false,22
725,276,827,955,3770,1660.0,14598,70,1,1,1.0,1000,6,5,false,22
725,277,830,955,3773,1666.0,14609,70,1,1,1.0,1000,6,5,false,22
725,278,833,955,3776,1672.0,14618,70,1,1,1.0,1000,6,5,false,22
725,279,836,955,3779,1678.0,14636,70,1,1,1.0,1000,6,5,false,22
725,280,839,956,3782,1684.0,14649,70,1,1,1.0,1000,6,5,false,22
725,281,842,956,3785,1690.0,14659,70,1,1,1.0,1000,6,5,false,22
725,282,845,967,4220,1698.0,18745,70,1,1,1.0,1000,6,5,false,22
725,283,848,967,4223,1704.0,18756,70,1,1,1.0,1000,6,5,false,22
725,284,851,968,4226,1710.0,18776,70,1,1,1.0,1000,6,5,false,22
725,285,854,968,4253,1718.0,22862,70,1,1,1.0,1000,6,5,false,22
725,286,857,968,4256,1724.0,22874,70,1,1,1.0,1000,6,5,false,22
725,287,860,968,4259,1730.0,22883,70,1,1,1.0,1000,6,5,false,22
725,288,863,968,4262,1736.0,22899,70,1,1,1.0,1000,6,5,false,22
725,289,866,968,4265,1742.0,22906,70,1,1,1.0,1000,6,5,false,22
725,290,869,968,4268,1748.0,22920,70,1,1,1.0,1000,6,5,false,22
725,291,872,968,4271,1754.0,22935,70,1,1,1.0,1000,6,5,false,22
725,292,875,969,4274,1760.0,22948,70,1,1,1.0,1000,6,5,false,22
725,293,878,969,4277,1766.0,22966,70,1,1,1.0,1000,6,5,false,22
725,294,881,969,4280,1772.0,22981,70,1,1,1.0,1000,6,5,false,22
725,295,884,969,4283,1778.0,22995,70,1,1,1.0,1000,6,5,false,22
725,296,887,969,4286,1784.0,23010,70,1,1,1.0,1000,6,5,false,22
725,297,890,969,4289,1790.0,23023,70,1,1,1.0,1000,6,5,false,22
725,298,893,974,4460,1798.0,27146,70,1,1,1.0,1000,6,5,false,22
725,299,896,974,4463,1804.0,27156,70,1,1,1.0,1000,6,5,false,22
725,300,899,975,4466,1810.0,27173,70,1,1,1.0,1000,6,5,false,22
725,301,902,975,4469,1816.0,27182,70,1,1,1.0,1000,6,5,false,22
725,302,905,975,4472,1822.0,27193,70,1,1,1.0,1000,6,5,false,22
725,303,908,975,4475,1828.0,27209,70,1,1,1.0,1000,6,5,false,22
725,304,911,975,4478,1834.0,27221,70,1,1,1.0,1000,6,5,false,22
725,305,914,976,4481,1840.0,27237,70,1,1,1.0,1000,6,5,false,22
725,306,917,976,4484,1846.0,27253,70,1,1,1.0,1000,6,5,false,22
725,307,920,976,4487,1852.0,27266,70,1,1,1.0,1000,6,5,false,22
725,308,923,976,4490,1858.0,27286,70,1,1,1.0,1000,6,5,false,22
725,309,926,976,4493,1864.0,27292,70,1,1,1.0,1000,6,5,false,22
725,310,929,976,4496,1870.0,27303,70,1,1,1.0,1000,6,5,false,22
725,311,932,976,4499,1876.0,27316,70,1,1,1.0,1000,6,5,false,22
725,312,935,977,4502,1882.0,27334,70,1,1,1.0,1000,6,5,false,22
725,313,938,977,4505,1888.0,27347,70,1,1,1.0,1000,6,5,false,22
725,314,941,978,4508,1894.0,27363,70,1,1,1.0,1000,6,5,false,22
725,315,944,978,4511,1900.0,27377,70,1,1,1.0,1000,6,5,false,22
725,316,947,978,4514,1906.0,27391,70,1,1,1.0,1000,6,5,false,22
725,318,953,978,4520,1918.0,27411,70,1,1,1.0,1000,6,5,false,22
725,318,953,978,4520,1918.0,27411,70,1,1,1.0,1000,6,5,false,22
725,319,956,978,4523,1924.0,27422,70,1,1,1.0,1000,6,5,false,22
725,320,959,978,4526,1930.0,27433,70,1,1,1.0,1000,6,5,false,22
725,321,962,978,4529,1936.0,27441,70,1,1,1.0,1000,6,5,false,22
725,322,965,978,4532,1942.0,27453,70,1,1,1.0,1000,6,5,false,22
725,323,968,978,4535,1948.0,27471,70,1,1,1.0,1000,6,5,false,22
725,324,971,979,4538,1954.0,27483,70,1,1,1.0,1000,6,5,false,22
725,325,974,980,4541,1960.0,27495,70,1,1,1.0,1000,6,5,false,22
725,326,977,982,4857,1966.0,31596,70,1,1,1.0,1000,6,5,false,22
725,327,980,982,4860,1972.0,31613,70,1,1,1.0,1000,6,5,false,22
725,328,983,982,4863,1978.0,31629,70,1,1,1.0,1000,6,5,false,22
725,329,986,983,4866,1984.0,31645,70,1,1,1.0,1000,6,5,false,22
725,330,989,983,4869,1990.0,31655,70,1,1,1.0,1000,6,5,false,22
725,331,992,983,4872,1996.0,31663,70,1,1,1.0,1000,6,5,false,22
725,332,995,983,4875,2002.0,31670,70,1,1,1.0,1000,6,5,false,22
725,333,998,983,4878,2008.0,31678,70,1,1,1.0,1000,6,5,false,22
725,335,1004,983,4884,2020.0,31701,70,1,1,1.0,1000,6,5,false,22
725,335,1004,983,4884,2020.0,31701,70,1,1,1.0,1000,6,5,false,22
725,336,1007,983,4887,2026.0,31713,70,1,1,1.0,1000,6,5,false,22
725,337,1010,983,4890,2032.0,31727,70,1,1,1.0,1000,6,5,false,22
725,338,1013,984,4893,2038.0,31735,70,1,1,1.0,1000,6,5,false,22
725,339,1016,984,4896,2044.0,31749,70,1,1,1.0,1000,6,5,false,22
725,340,1019,984,4899,2050.0,31765,70,1,1,1.0,1000,6,5,false,22
725,341,1022,984,4902,2056.0,31775,70,1,1,1.0,1000,6,5,false,22
725,342,1025,984,4905,2062.0,31795,70,1,1,1.0,1000,6,5,false,22
725,343,1028,984,4908,2068.0,31811,70,1,1,1.0,1000,6,5,false,22
725,344,1031,984,4911,2074.0,31825,70,1,1,1.0,1000,6,5,false,22
725,345,1034,984,4914,2080.0,31842,70,1,1,1.0,1000,6,5,false,22
725,346,1037,984,4917,2086.0,31857,70,1,1,1.0,1000,6,5,false,22
725,347,1040,985,4920,2092.0,31865,70,1,1,1.0,1000,6,5,false,22
725,348,1043,985,4923,2098.0,31881,70,1,1,1.0,1000,6,5,false,22
725,349,1046,985,4926,2104.0,31891,70,1,1,1.0,1000,6,5,false,22
725,350,1049,985,4929,2110.0,31899,70,1,1,1.0,1000,6,5,false,22
725,351,1052,985,4932,2116.0,31922,70,1,1,1.0,1000,6,5,false,22
725,352,1055,985,4935,2122.0,31929,70,1,1,1.0,1000,6,5,false,22
725,353,1058,985,4938,2128.0,31936,70,1,1,1.0,1000,6,5,false,22
725,354,1061,985,4941,2134.0,31947,70,1,1,1.0,1000,6,5,false,22
725,355,1064,985,4944,2140.0,31958,70,1,1,1.0,1000,6,5,false,22
725,356,1067,985,4947,2146.0,31978,70,1,1,1.0,1000,6,5,false,22
725,357,1070,985,4950,2152.0,31988,70,1,1,1.0,1000,6,5,false,22
725,358,1073,985,4953,2158.0,32003,70,1,1,1.0,1000,6,5,false,22
725,359,1076,985,4956,2164.0,32010,70,1,1,1.0,1000,6,5,false,22
725,360,1079,985,4959,2170.0,32023,70,1,1,1.0,1000,6,5,false,22
725,361,1082,985,4962,2176.0,32039,70,1,1,1.0,1000,6,5,false,22
725,362,1085,985,4965,2182.0,32045,70,1,1,1.0,1000,6,5,false,22
725,363,1088,985,4968,2188.0,32065,70,1,1,1.0,1000,6,5,false,22
725,364,1091,985,4971,2194.0,32078,70,1,1,1.0,1000,6,5,false,22
725,365,1094,985,4974,2200.0,32089,70,1,1,1.0,1000,6,5,false,22
725,366,1097,985,4977,2206.0,32095,70,1,1,1.0,1000,6,5,false,22
725,367,1100,985,4980,2212.0,32110,70,1,1,1.0,1000,6,5,false,22
725,368,1103,985,4983,2218.0,32123,70,1,1,1.0,1000,6,5,false,22
725,369,1106,985,4986,2224.0,32136,70,1,1,1.0,1000,6,5,false,22
725,370,1109,985,4989,2230.0,32148,70,1,1,1.0,1000,6,5,false,22
725,371,1112,985,4992,2236.0,32159,70,1,1,1.0,1000,6,5,false,22
725,372,1115,985,4995,2242.0,32173,70,1,1,1.0,1000,6,5,false,22
725,373,1118,985,4998,2248.0,32186,70,1,1,1.0,1000,6,5,false,22
725,374,1121,985,5001,2254.0,32202,70,1,1,1.0,1000,6,5,false,22
725,375,1124,985,5004,2260.0,32217,70,1,1,1.0,1000,6,5,false,22
725,376,1127,985,5007,2266.0,32223,70,1,1,1.0,1000,6,5,false,22
725,377,1130,985,5010,2272.0,32233,70,1,1,1.0,1000,6,5,false,22
725,378,1133,985,5013,2278.0,32250,70,1,1,1.0,1000,6,5,false,22
725,379,1136,985,5016,2284.0,32264,70,1,1,1.0,1000,6,5,false,22
725,380,1139,985,5019,2290.0,32283,70,1,1,1.0,1000,6,5,false,22
725,381,1142,985,5022,2296.0,32294,70,1,1,1.0,1000,6,5,false,22
725,382,1145,985,5025,2302.0,32311,70,1,1,1.0,1000,6,5,false,22
725,383,1148,985,5028,2308.0,32323,70,1,1,1.0,1000,6,5,false,22
725,384,1152,986,5032,2316.0,32342,70,1,1,1.0,1000,6,5,false,22
725,385,1155,986,5035,2322.0,32354,70,1,1,1.0,1000,6,5,false,22
725,386,1158,986,5038,2328.0,32363,70,1,1,1.0,1000,6,5,false,22
725,387,1161,986,5041,2334.0,32374,70,1,1,1.0,1000,6,5,false,22
725,388,1164,986,5044,2340.0,32388,70,1,1,1.0,1000,6,5,false,22
725,389,1167,986,5047,2346.0,32402,70,1,1,1.0,1000,6,5,false,22
725,390,1170,986,5050,2352.0,32411,70,1,1,1.0,1000,6,5,false,22
725,391,1173,986,5053,2358.0,32423,70,1,1,1.0,1000,6,5,false,22
725,392,1176,986,5056,2364.0,32434,70,1,1,1.0,1000,6,5,false,22
725,393,1179,986,5059,2370.0,32452,70,1,1,1.0,1000,6,5,false,22
725,394,1182,986,5062,2376.0,32473,70,1,1,1.0,1000,6,5,false,22
725,395,1185,986,5065,2382.0,32483,70,1,1,1.0,1000,6,5,false,22
725,396,1188,986,5068,2388.0,32494,70,1,1,1.0,1000,6,5,false,22
725,397,1191,986,5071,2394.0,32507,70,1,1,1.0,1000,6,5,false,22
725,398,1194,986,5074,2400.0,32517,70,1,1,1.0,1000,6,5,false,22
725,399,1197,986,5077,2406.0,32533,70,1,1,1.0,1000,6,5,false,22
725,400,1200,986,5080,2412.0,32544,70,1,1,1.0,1000,6,5,false,22
725,401,1203,986,5083,2418.0,32557,70,1,1,1.0,1000,6,5,false,22
725,402,1206,986,5086,2424.0,32569,70,1,1,1.0,1000,6,5,false,22
725,403,1209,986,5089,2430.0,32578,70,1,1,1.0,1000,6,5,false,22
725,404,1212,986,5092,2436.0,32589,70,1,1,1.0,1000,6,5,false,22
725,405,1215,986,5095,2442.0,32595,70,1,1,1.0,1000,6,5,false,22
725,406,1218,986,5098,2448.0,32610,70,1,1,1.0,1000,6,5,false,22
725,407,1221,986,5101,2454.0,32625,70,1,1,1.0,1000,6,5,false,22
725,408,1224,994,6100,2462.0,36822,70,1,1,1.0,1000,6,5,false,22
725,409,1227,994,6103,2468.0,36830,70,1,1,1.0,1000,6,5,false,22
725,410,1230,994,6106,2474.0,36841,70,1,1,1.0,1000,6,5,false,22
725,411,1233,994,6109,2480.0,36852,70,1,1,1.0,1000,6,5,false,22
725,412,1236,994,6112,2486.0,36865,70,1,1,1.0,1000,6,5,false,22
725,413,1239,994,6115,2492.0,36878,70,1,1,1.0,1000,6,5,false,22
725,414,1242,994,6118,2498.0,36892,70,1,1,1.0,1000,6,5,false,22
725,415,1245,994,6121,2504.0,36903,70,1,1,1.0,1000,6,5,false,22
725,416,1248,994,6124,2510.0,36918,70,1,1,1.0,1000,6,5,false,22
725,417,1251,994,6127,2516.0,36927,70,1,1,1.0,1000,6,5,false,22
725,418,1254,994,6130,2522.0,36942,70,1,1,1.0,1000,6,5,false,22
725,419,1257,994,6133,2528.0,36951,70,1,1,1.0,1000,6,5,false,22
725,420,1260,994,6136,2534.0,36962,70,1,1,1.0,1000,6,5,false,22
725,421,1263,994,6139,2540.0,36971,70,1,1,1.0,1000,6,5,false,22
725,422,1266,994,6142,2546.0,36984,70,1,1,1.0,1000,6,5,false,22
725,423,1269,994,6145,2552.0,36995,70,1,1,1.0,1000,6,5,false,22
725,424,1272,994,6148,2558.0,37007,70,1,1,1.0,1000,6,5,false,22
725,425,1275,996,6343,2566.0,41217,70,1,1,1.0,1000,6,5,false,22
725,426,1278,996,6346,2572.0,41236,70,1,1,1.0,1000,6,5,false,22
725,427,1282,996,6350,2580.0,41256,70,1,1,1.0,1000,6,5,false,22
725,428,1285,996,6353,2586.0,41265,70,1,1,1.0,1000,6,5,false,22
725,429,1288,996,6356,2592.0,41278,70,1,1,1.0,1000,6,5,false,22
725,430,1291,996,6359,2598.0,41286,70,1,1,1.0,1000,6,5,false,22
725,431,1294,996,6362,2604.0,41297,70,1,1,1.0,1000,6,5,false,22
725,432,1297,996,6365,2610.0,41307,70,1,1,1.0,1000,6,5,false,22
725,433,1300,996,6368,2616.0,41319,70,1,1,1.0,1000,6,5,false,22
725,434,1303,996,6371,2622.0,41331,70,1,1,1.0,1000,6,5,false,22
725,435,1306,997,6374,2628.0,41343,70,1,1,1.0,1000,6,5,false,22
725,436,1309,997,6377,2634.0,41352,70,1,1,1.0,1000,6,5,false,22
725,437,1312,997,6380,2640.0,41360,70,1,1,1.0,1000,6,5,false,22
725,438,1315,997,6383,2646.0,41370,70,1,1,1.0,1000,6,5,false,22
725,439,1318,997,6386,2652.0,41379,70,1,1,1.0,1000,6,5,false,22
725,440,1321,997,6389,2658.0,41392,70,1,1,1.0,1000,6,5,false,22
725,441,1324,997,6392,2664.0,41405,70,1,1,1.0,1000,6,5,false,22
725,442,1327,997,6395,2670.0,41419,70,1,1,1.0,1000,6,5,false,22
725,443,1330,997,6398,2676.0,41434,70,1,1,1.0,1000,6,5,false,22
725,444,1333,997,6401,2682.0,41445,70,1,1,1.0,1000,6,5,false,22
725,445,1336,997,6404,2688.0,41460,70,1,1,1.0,1000,6,5,false,22
725,446,1339,997,6407,2694.0,41471,70,1,1,1.0,1000,6,5,false,22
725,447,1342,997,6410,2700.0,41481,70,1,1,1.0,1000,6,5,false,22
725,448,1345,997,6705,2708.0,45700,70,1,1,1.0,1000,6,5,false,22
725,449,1348,997,6708,2714.0,45709,70,1,1,1.0,1000,6,5,false,22
725,450,1351,997,6711,2720.0,45724,70,1,1,1.0,1000,6,5,false,22
725,451,1354,997,6714,2726.0,45740,70,1,1,1.0,1000,6,5,false,22
725,452,1357,997,6717,2732.0,45760,70,1,1,1.0,1000,6,5,false,22
725,453,1360,997,6720,2738.0,45768,70,1,1,1.0,1000,6,5,false,22
725,454,1363,997,6723,2744.0,45783,70,1,1,1.0,1000,6,5,false,22
725,455,1366,997,6726,2750.0,45792,70,1,1,1.0,1000,6,5,false,22
725,456,1369,997,6729,2756.0,45800,70,1,1,1.0,1000,6,5,false,22
725,457,1372,997,6732,2762.0,45812,70,1,1,1.0,1000,6,5,false,22
725,458,1375,997,6735,2768.0,45822,70,1,1,1.0,1000,6,5,false,22
725,459,1378,997,6738,2774.0,45833,70,1,1,1.0,1000,6,5,false,22
725,460,1381,997,6741,2780.0,45843,70,1,1,1.0,1000,6,5,false,22
725,461,1384,997,6744,2786.0,45853,70,1,1,1.0,1000,6,5,false,22
725,462,1387,997,6747,2792.0,45866,70,1,1,1.0,1000,6,5,false,22
725,463,1390,997,6750,2798.0,45881,70,1,1,1.0,1000,6,5,false,22
725,464,1393,997,6753,2804.0,45892,70,1,1,1.0,1000,6,5,false,22
725,465,1396,997,6756,2810.0,45903,70,1,1,1.0,1000,6,5,false,22
725,466,1399,997,6759,2816.0,45915,70,1,1,1.0,1000,6,5,false,22
725,467,1403,997,6763,2824.0,45934,70,1,1,1.0,1000,6,5,false,22
725,468,1406,997,6766,2830.0,45950,70,1,1,1.0,1000,6,5,false,22
725,469,1409,997,6769,2836.0,45964,70,1,1,1.0,1000,6,5,false,22
725,470,1412,997,6772,2842.0,45974,70,1,1,1.0,1000,6,5,false,22
725,471,1415,997,6775,2848.0,45992,70,1,1,1.0,1000,6,5,false,22
725,472,1418,997,6778,2854.0,46002,70,1,1,1.0,1000,6,5,false,22
725,473,1421,997,6781,2860.0,46012,70,1,1,1.0,1000,6,5,false,22
725,474,1424,997,6784,2866.0,46029,70,1,1,1.0,1000,6,5,false,22
725,475,1427,997,6787,2872.0,46036,70,1,1,1.0,1000,6,5,false,22
725,476,1430,997,6790,2878.0,46052,70,1,1,1.0,1000,6,5,false,22
725,477,1433,997,6793,2884.0,46071,70,1,1,1.0,1000,6,5,false,22
725,478,1436,997,6796,2890.0,46081,70,1,1,1.0,1000,6,5,false,22
725,479,1439,997,6799,2896.0,46088,70,1,1,1.0,1000,6,5,false,22
725,480,1442,997,6802,2902.0,46102,70,1,1,1.0,1000,6,5,false,22
725,481,1445,997,6805,2908.0,46114,70,1,1,1.0,1000,6,5,false,22
725,482,1448,997,6808,2914.0,46122,70,1,1,1.0,1000,6,5,false,22
725,483,1451,997,6811,2920.0,46141,70,1,1,1.0,1000,6,5,false,22
725,484,1454,997,6814,2926.0,46147,70,1,1,1.0,1000,6,5,false,22
725,485,1457,997,6817,2932.0,46164,70,1,1,1.0,1000,6,5,false,22
725,486,1460,997,6820,2938.0,46172,70,1,1,1.0,1000,6,5,false,22
725,487,1463,997,6823,2944.0,46185,70,1,1,1.0,1000,6,5,false,22
725,488,1466,997,6826,2950.0,46204,70,1,1,1.0,1000,6,5,false,22
725,489,1469,997,6829,2956.0,46213,70,1,1,1.0,1000,6,5,false,22
725,490,1472,997,6832,2962.0,46229,70,1,1,1.0,1000,6,5,false,22
725,491,1475,997,6835,2968.0,46236,70,1,1,1.0,1000,6,5,false,22
725,492,1478,997,6838,2974.0,46247,70,1,1,1.0,1000,6,5,false,22
725,493,1481,997,6841,2980.0,46262,70,1,1,1.0,1000,6,5,false,22
725,494,1484,997,6844,2986.0,46273,70,1,1,1.0,1000,6,5,false,22
725,495,1487,997,6847,2992.0,46284,70,1,1,1.0,1000,6,5,false,22
725,496,1490,997,6850,2998.0,46293,70,1,1,1.0,1000,6,5,false,22
725,497,1493,997,6853,3004.0,46303,70,1,1,1.0,1000,6,5,false,22
725,498,1496,997,6856,3010.0,46318,70,1,1,1.0,1000,6,5,false,22
725,499,1499,997,6859,3016.0,46333,70,1,1,1.0,1000,6,5,false,22
725,500,1502,997,6862,3022.0,46345,70,1,1,1.0,1000,6,5,false,22
725,501,1505,997,6865,3028.0,46362,70,1,1,1.0,1000,6,5,false,22
725,502,1508,997,6868,3034.0,46379,70,1,1,1.0,1000,6,5,false,22
725,503,1511,997,6871,3040.0,46393,70,1,1,1.0,1000,6,5,false,22
725,504,1513,997,6873,3044.0,46396,70,1,1,1.0,1000,6,5,false,22
725,505,1516,997,6876,3050.0,46413,70,1,1,1.0,1000,6,5,false,22
725,506,1519,997,6879,3056.0,46425,70,1,1,1.0,1000,6,5,false,22
725,507,1522,997,6882,3062.0,46437,70,1,1,1.0,1000,6,5,false,22
725,508,1525,997,6885,3068.0,46457,70,1,1,1.0,1000,6,5,false,22
725,509,1528,997,6888,3074.0,46470,70,1,1,1.0,1000,6,5,false,22
725,510,1531,997,6891,3080.0,46491,70,1,1,1.0,1000,6,5,false,22
725,511,1534,997,6894,3086.0,46507,70,1,1,1.0,1000,6,5,false,22
725,512,1537,997,7653,3094.0,50718,70,1,1,1.0,1000,6,5,false,22
725,513,1540,997,7656,3100.0,50732,70,1,1,1.0,1000,6,5,false,22
725,514,1543,997,7659,3106.0,50745,70,1,1,1.0,1000,6,5,false,22
725,515,1546,997,7662,3112.0,50757,70,1,1,1.0,1000,6,5,false,22
725,516,1549,997,7665,3118.0,50767,70,1,1,1.0,1000,6,5,false,22
725,517,1552,997,7668,3124.0,50775,70,1,1,1.0,1000,6,5,false,22
725,518,1555,997,7671,3130.0,50789,70,1,1,1.0,1000,6,5,false,22
725,519,1558,997,7674,3136.0,50800,70,1,1,1.0,1000,6,5,false,22
725,520,1561,997,7677,3142.0,50809,70,1,1,1.0,1000,6,5,false,22
725,521,1564,997,7680,3148.0,50815,70,1,1,1.0,1000,6,5,false,22
725,522,1567,997,7683,3154.0,50827,70,1,1,1.0,1000,6,5,false,22
725,523,1570,997,7686,3160.0,50841,70,1,1,1.0,1000,6,5,false,22
725,524,1573,997,7689,3166.0,50852,70,1,1,1.0,1000,6,5,false,22
725,525,1576,997,7692,3172.0,50863,70,1,1,1.0,1000,6,5,false,22
725,526,1579,997,7695,3178.0,50880,70,1,1,1.0,1000,6,5,false,22
725,527,1582,997,7698,3184.0,50898,70,1,1,1.0,1000,6,5,false,22
725,528,1585,997,7701,3190.0,50917,70,1,1,1.0,1000,6,5,false,22
725,529,1588,997,7704,3196.0,50929,70,1,1,1.0,1000,6,5,false,22
725,530,1591,997,7707,3202.0,50943,70,1,1,1.0,1000,6,5,false,22
725,531,1594,997,7710,3208.0,50963,70,1,1,1.0,1000,6,5,false,22
725,532,1597,997,7713,3214.0,50969,70,1,1,1.0,1000,6,5,false,22
725,533,1600,997,7716,3220.0,50979,70,1,1,1.0,1000,6,5,false,22
725,534,1603,997,7719,3226.0,50992,70,1,1,1.0,1000,6,5,false,22
725,535,1606,997,7722,3232.0,51013,70,1,1,1.0,1000,6,5,false,22
725,536,1609,997,7725,3238.0,51024,70,1,1,1.0,1000,6,5,false,22
725,537,1612,997,7728,3244.0,51040,70,1,1,1.0,1000,6,5,false,22
725,538,1615,997,7731,3250.0,51051,70,1,1,1.0,1000,6,5,false,22
725,539,1618,997,7734,3256.0,51066,70,1,1,1.0,1000,6,5,false,22
725,540,1621,997,7737,3262.0,51086,70,1,1,1.0,1000,6,5,false,22
725,542,1627,997,7743,3274.0,51100,70,1,1,1.0,1000,6,5,false,22
725,542,1627,997,7743,3274.0,51100,70,1,1,1.0,1000,6,5,false,22
725,543,1630,997,7746,3280.0,51115,70,1,1,1.0,1000,6,5,false,22
725,544,1633,997,7749,3286.0,51134,70,1,1,1.0,1000,6,5,false,22
725,545,1636,997,7752,3292.0,51144,70,1,1,1.0,1000,6,5,false,22
725,546,1639,997,7755,3298.0,51156,70,1,1,1.0,1000,6,5,false,22
725,547,1642,997,7758,3304.0,51176,70,1,1,1.0,1000,6,5,false,22
725,548,1645,997,7761,3310.0,51185,70,1,1,1.0,1000,6,5,false,22
725,549,1648,997,7764,3316.0,51191,70,1,1,1.0,1000,6,5,false,22
725,550,1651,997,7767,3322.0,51203,70,1,1,1.0,1000,6,5,false,22
725,551,1654,997,7770,3328.0,51212,70,1,1,1.0,1000,6,5,false,22
725,552,1657,997,7773,3334.0,51219,70,1,1,1.0,1000,6,5,false,22
725,553,1660,997,7776,3340.0,51237,70,1,1,1.0,1000,6,5,false,22
725,554,1663,997,7779,3346.0,51244,70,1,1,1.0,1000,6,5,false,22
725,555,1666,997,7782,3352.0,51254,70,1,1,1.0,1000,6,5,false,22
725,556,1669,997,7785,3358.0,51274,70,1,1,1.0,1000,6,5,false,22
725,557,1672,997,7788,3364.0,51286,70,1,1,1.0,1000,6,5,false,22
725,558,1675,997,7791,3370.0,51303,70,1,1,1.0,1000,6,5,false,22
725,559,1678,997,7794,3376.0,51322,70,1,1,1.0,1000,6,5,false,22
725,560,1681,997,7797,3382.0,51334,70,1,1,1.0,1000,6,5,false,22
725,561,1684,997,7800,3388.0,51345,70,1,1,1.0,1000,6,5,false,22
725,562,1687,997,7803,3394.0,51359,70,1,1,1.0,1000,6,5,false,22
725,563,1690,997,7806,3400.0,51376,70,1,1,1.0,1000,6,5,false,22
725,564,1693,997,7809,3406.0,51389,70,1,1,1.0,1000,6,5,false,22
725,565,1696,997,7812,3412.0,51401,70,1,1,1.0,1000,6,5,false,22
725,566,1699,998,7815,3418.0,51417,70,1,1,1.0,1000,6,5,false,22
725,567,1702,998,7818,3424.0,51429,70,1,1,1.0,1000,6,5,false,22
725,568,1705,998,7821,3430.0,51440,70,1,1,1.0,1000,6,5,false,22
725,569,1708,998,7824,3436.0,51456,70,1,1,1.0,1000,6,5,false,22
725,570,1711,998,7827,3442.0,51467,70,1,1,1.0,1000,6,5,false,22
725,571,1714,998,7830,3448.0,51471,70,1,1,1.0,1000,6,5,false,22
725,572,1717,998,7833,3454.0,51481,70,1,1,1.0,1000,6,5,false,22
725,573,1720,998,7836,3460.0,51496,70,1,1,1.0,1000,6,5,false,22
725,574,1723,998,7839,3466.0,51508,70,1,1,1.0,1000,6,5,false,22
725,575,1726,998,7842,3472.0,51519,70,1,1,1.0,1000,6,5,false,22
725,576,1729,998,7845,3478.0,51525,70,1,1,1.0,1000,6,5,false,22
725,577,1732,998,7848,3484.0,51537,70,1,1,1.0,1000,6,5,false,22
725,578,1735,998,7851,3490.0,51555,70,1,1,1.0,1000,6,5,false,22
725,579,1738,998,7854,3496.0,51564,70,1,1,1.0,1000,6,5,false,22
725,580,1741,998,7857,3502.0,51573,70,1,1,1.0,1000,6,5,false,22
725,581,1744,998,7860,3508.0,51586,70,1,1,1.0,1000,6,5,false,22
725,582,1747,998,7863,3514.0,51602,70,1,1,1.0,1000,6,5,false,22
725,583,1750,998,7866,3520.0,51620,70,1,1,1.0,1000,6,5,false,22
725,584,1753,998,7869,3526.0,51630,70,1,1,1.0,1000,6,5,false,22
725,585,1756,998,7872,3532.0,51642,70,1,1,1.0,1000,6,5,false,22
725,586,1759,998,7875,3538.0,51653,70,1,1,1.0,1000,6,5,false,22
725,587,1762,998,7878,3544.0,51661,70,1,1,1.0,1000,6,5,false,22
725,588,1765,998,7881,3550.0,51673,70,1,1,1.0,1000,6,5,false,22
725,589,1768,998,7884,3556.0,51685,70,1,1,1.0,1000,6,5,false,22
725,590,1771,998,7887,3562.0,51703,70,1,1,1.0,1000,6,5,false,22
725,591,1774,998,7890,3568.0,51723,70,1,1,1.0,1000,6,5,false,22
725,592,1777,998,7893,3574.0,51735,70,1,1,1.0,1000,6,5,false,22
725,593,1780,998,7896,3580.0,51751,70,1,1,1.0,1000,6,5,false,22
725,594,1783,998,7899,3586.0,51767,70,1,1,1.0,1000,6,5,false,22
725,595,1786,998,7902,3592.0,51780,70,1,1,1.0,1000,6,5,false,22
725,596,1789,998,7905,3598.0,51794,70,1,1,1.0,1000,6,5,false,22
725,597,1792,998,7908,3604.0,51803,70,1,1,1.0,1000,6,5,false,22
725,598,1795,998,7911,3610.0,51814,70,1,1,1.0,1000,6,5,false,22
725,599,1798,998,7914,3616.0,51830,70,1,1,1.0,1000,6,5,false,22
725,600,1801,998,7917,3622.0,51840,70,1,1,1.0,1000,6,5,false,22
725,601,1804,998,7920,3628.0,51851,70,1,1,1.0,1000,6,5,false,22
725,602,1807,998,7923,3634.0,51864,70,1,1,1.0,1000,6,5,false,22
725,603,1810,998,7926,3640.0,51876,70,1,1,1.0,1000,6,5,false,22
725,604,1813,998,7929,3646.0,51890,70,1,1,1.0,1000,6,5,false,22
725,605,1816,998,7932,3652.0,51904,70,1,1,1.0,1000,6,5,false,22
725,606,1819,998,7935,3658.0,51921,70,1,1,1.0,1000,6,5,false,22
725,607,1822,998,7938,3664.0,51932,70,1,1,1.0,1000,6,5,false,22
725,608,1825,998,7941,3670.0,51945,70,1,1,1.0,1000,6,5,false,22
725,609,1828,998,7944,3676.0,51965,70,1,1,1.0,1000,6,5,false,22
725,610,1831,998,7947,3682.0,51975,70,1,1,1.0,1000,6,5,false,22
725,611,1834,998,7950,3688.0,51986,70,1,1,1.0,1000,6,5,false,22
725,612,1837,998,7953,3694.0,52001,70,1,1,1.0,1000,6,5,false,22
725,613,1840,998,7956,3700.0,52019,70,1,1,1.0,1000,6,5,false,22
725,614,1843,998,7959,3706.0,52029,70,1,1,1.0,1000,6,5,false,22
725,615,1846,998,7962,3712.0,52041,70,1,1,1.0,1000,6,5,false,22
725,616,1849,998,7965,3718.0,52061,70,1,1,1.0,1000,6,5,false,22
725,617,1852,998,7968,3724.0,52071,70,1,1,1.0,1000,6,5,false,22
725,618,1855,998,7971,3730.0,52083,70,1,1,1.0,1000,6,5,false,22
725,619,1858,998,7974,3736.0,52101,70,1,1,1.0,1000,6,5,false,22
725,620,1861,998,7977,3742.0,52115,70,1,1,1.0,1000,6,5,false,22
725,621,1864,998,7980,3748.0,52123,70,1,1,1.0,1000,6,5,false,22
725,622,1867,998,7983,3754.0,52132,70,1,1,1.0,1000,6,5,false,22
725,623,1870,998,7986,3760.0,52140,70,1,1,1.0,1000,6,5,false,22
725,624,1873,998,7989,3766.0,52151,70,1,1,1.0,1000,6,5,false,22
725,625,1876,998,7992,3772.0,52163,70,1,1,1.0,1000,6,5,false,22
725,626,1879,998,7995,3778.0,52179,70,1,1,1.0,1000,6,5,false,22
725,627,1882,998,7998,3784.0,52191,70,1,1,1.0,1000,6,5,false,22
725,628,1885,998,8001,3790.0,52200,70,1,1,1.0,1000,6,5,false,22
725,629,1888,998,8004,3796.0,52210,70,1,1,1.0,1000,6,5,false,22
725,630,1891,998,8007,3802.0,52221,70,1,1,1.0,1000,6,5,false,22
725,631,1894,998,8010,3808.0,52225,70,1,1,1.0,1000,6,5,false,22
725,632,1897,998,8013,3814.0,52229,70,1,1,1.0,1000,6,5,false,22
725,633,1900,998,8016,3820.0,52243,70,1,1,1.0,1000,6,5,false,22
725,634,1903,998,8019,3826.0,52261,70,1,1,1.0,1000,6,5,false,22
725,635,1906,998,8022,3832.0,52278,70,1,1,1.0,1000,6,5,false,22
725,636,1909,998,8025,3838.0,52293,70,1,1,1.0,1000,6,5,false,22
725,637,1912,998,8028,3844.0,52309,70,1,1,1.0,1000,6,5,false,22
725,638,1915,998,8031,3850.0,52322,70,1,1,1.0,1000,6,5,false,22
725,639,1917,998,8033,3854.0,52331,70,1,1,1.0,1000,6,5,false,22
725,640,1920,998,8036,3860.0,52345,70,1,1,1.0,1000,6,5,false,22
725,641,1923,998,8039,3866.0,52356,70,1,1,1.0,1000,6,5,false,22
725,642,1926,998,8042,3872.0,52372,70,1,1,1.0,1000,6,5,false,22
725,643,1929,998,8045,3878.0,52378,70,1,1,1.0,1000,6,5,false,22
725,644,1932,998,8048,3884.0,52392,70,1,1,1.0,1000,6,5,false,22
725,645,1935,998,8051,3890.0,52399,70,1,1,1.0,1000,6,5,false,22
725,646,1938,1000,9655,3896.0,56620,70,1,1,1.0,1000,6,5,false,22
725,647,1941,1000,9658,3902.0,56639,70,1,1,1.0,1000,6,5,false,22
725,648,1944,1000,9661,3908.0,56650,70,1,1,1.0,1000,6,5,false,22
725,649,1947,1000,9664,3914.0,56665,70,1,1,1.0,1000,6,5,false,22
725,650,1950,1000,9667,3920.0,56675,70,1,1,1.0,1000,6,5,false,22
725,651,1953,1000,9670,3926.0,56685,70,1,1,1.0,1000,6,5,false,22
725,652,1956,1000,9673,3932.0,56697,70,1,1,1.0,1000,6,5,false,22
725,653,1959,1000,9676,3938.0,56712,70,1,1,1.0,1000,6,5,false,22
725,654,1962,1000,9679,3944.0,56730,70,1,1,1.0,1000,6,5,false,22
725,655,1965,1000,9682,3950.0,56748,70,1,1,1.0,1000,6,5,false,22
725,656,1968,1000,9685,3956.0,56763,70,1,1,1.0,1000,6,5,false,22
725,657,1971,1000,9688,3962.0,56777,70,1,1,1.0,1000,6,5,false,22
725,658,1974,1000,9691,3968.0,56786,70,1,1,1.0,1000,6,5,false,22
725,659,1977,1000,9694,3974.0,56796,70,1,1,1.0,1000,6,5,false,22
725,660,1980,1000,9697,3980.0,56810,70,1,1,1.0,1000,6,5,false,22
725,661,1983,1000,9700,3986.0,56823,70,1,1,1.0,1000,6,5,false,22
725,662,1987,1000,9704,3994.0,56844,70,1,1,1.0,1000,6,5,false,22
725,663,1990,1000,9707,4000.0,56857,70,1,1,1.0,1000,6,5,false,22
725,664,1993,1000,9710,4006.0,56873,70,1,1,1.0,1000,6,5,false,22
725,665,1996,1000,9713,4012.0,56880,70,1,1,1.0,1000,6,5,false,22
725,666,1999,1000,9716,4018.0,56892,70,1,1,1.0,1000,6,5,false,22
725,667,2002,1000,9719,4024.0,56908,70,1,1,1.0,1000,6,5,false,22
725,668,2005,1000,9722,4030.0,56917,70,1,1,1.0,1000,6,5,false,22
725,669,2008,1000,9725,4036.0,56932,70,1,1,1.0,1000,6,5,false,22
725,670,2011,1000,9728,4042.0,56947,70,1,1,1.0,1000,6,5,false,22
725,671,2014,1000,9731,4048.0,56956,70,1,1,1.0,1000,6,5,false,22
725,672,2017,1000,9734,4054.0,56966,70,1,1,1.0,1000,6,5,false,22
725,673,2020,1000,9737,4060.0,56975,70,1,1,1.0,1000,6,5,false,22
725,674,2023,1000,10092,4066.0,61194,70,1,1,1.0,1000,6,5,false,22
725,675,2026,1000,10095,4072.0,61211,70,1,1,1.0,1000,6,5,false,22
725,676,2029,1000,10098,4078.0,61223,70,1,1,1.0,1000,6,5,false,22
725,677,2032,1000,10101,4084.0,61233,70,1,1,1.0,1000,6,5,false,22
725,679,2038,1000,10107,4096.0,61252,70,1,1,1.0,1000,6,5,false,22
725,679,2038,1000,10107,4096.0,61252,70,1,1,1.0,1000,6,5,false,22
725,680,2041,1000,10110,4102.0,61263,70,1,1,1.0,1000,6,5,false,22
725,681,2044,1000,10113,4108.0,61279,70,1,1,1.0,1000,6,5,false,22
725,682,2047,1000,10210,4114.0,65499,70,1,1,1.0,1000,6,5,false,22
725,683,2050,1000,10213,4120.0,65513,70,1,1,1.0,1000,6,5,false,22
725,684,2053,1000,10216,4126.0,65523,70,1,1,1.0,1000,6,5,false,22
725,685,2056,1000,10219,4132.0,65533,70,1,1,1.0,1000,6,5,false,22
725,686,2059,1000,10257,4138.0,69753,70,1,1,1.0,1000,6,5,false,22
725,687,2062,1000,10260,4144.0,69764,70,1,1,1.0,1000,6,5,false,22
725,688,2065,1000,10263,4150.0,69767,70,1,1,1.0,1000,6,5,false,22
725,689,2068,1000,10266,4156.0,69779,70,1,1,1.0,1000,6,5,false,22
725,690,2071,1000,10269,4162.0,69794,70,1,1,1.0,1000,6,5,false,22
725,691,2074,1000,10272,4168.0,69807,70,1,1,1.0,1000,6,5,false,22
725,692,2077,1000,10275,4174.0,69819,70,1,1,1.0,1000,6,5,false,22
725,693,2080,1000,10278,4180.0,69829,70,1,1,1.0,1000,6,5,false,22
725,694,2083,1000,10281,4186.0,69843,70,1,1,1.0,1000,6,5,false,22
725,695,2086,1000,10284,4192.0,69862,70,1,1,1.0,1000,6,5,false,22
725,696,2089,1000,10287,4198.0,69872,70,1,1,1.0,1000,6,5,false,22
725,697,2092,1000,10290,4204.0,69887,70,1,1,1.0,1000,6,5,false,22
725,698,2095,1000,10293,4210.0,69902,70,1,1,1.0,1000,6,5,false,22
725,699,2098,1000,10296,4216.0,69914,70,1,1,1.0,1000,6,5,false,22
725,700,2101,1000,10299,4222.0,69925,70,1,1,1.0,1000,6,5,false,22
725,701,2104,1000,10302,4228.0,69936,70,1,1,1.0,1000,6,5,false,22
725,702,2107,1000,10305,4234.0,69943,70,1,1,1.0,1000,6,5,false,22
725,703,2110,1000,10308,4240.0,69956,70,1,1,1.0,1000,6,5,false,22
725,704,2113,1000,10311,4246.0,69968,70,1,1,1.0,1000,6,5,false,22
725,705,2116,1000,10314,4252.0,69983,70,1,1,1.0,1000,6,5,false,22
725,706,2119,1000,10317,4258.0,69995,70,1,1,1.0,1000,6,5,false,22
725,707,2122,1000,10320,4264.0,70009,70,1,1,1.0,1000,6,5,false,22
725,708,2124,1000,10322,4268.0,70018,70,1,1,1.0,1000,6,5,false,22
725,709,2127,1000,10325,4274.0,70029,70,1,1,1.0,1000,6,5,false,22
725,710,2130,1000,10328,4280.0,70040,70,1,1,1.0,1000,6,5,false,22
725,711,2133,1000,10331,4286.0,70049,70,1,1,1.0,1000,6,5,false,22
725,712,2136,1000,10334,4292.0,70061,70,1,1,1.0,1000,6,5,false,22
725,713,2139,1000,10337,4298.0,70075,70,1,1,1.0,1000,6,5,false,22
725,714,2142,1000,10340,4304.0,70087,70,1,1,1.0,1000,6,5,false,22
725,715,2145,1000,10343,4310.0,70096,70,1,1,1.0,1000,6,5,false,22
725,716,2148,1000,10346,4316.0,70107,70,1,1,1.0,1000,6,5,false,22
725,717,2151,1000,10349,4322.0,70124,70,1,1,1.0,1000,6,5,false,22
725,718,2154,1000,10352,4328.0,70140,70,1,1,1.0,1000,6,5,false,22
725,719,2157,1000,10355,4334.0,70157,70,1,1,1.0,1000,6,5,false,22
725,720,2160,1000,10358,4340.0,70171,70,1,1,1.0,1000,6,5,false,22
725,721,2163,1000,10361,4346.0,70186,70,1,1,1.0,1000,6,5,false,22
725,722,2166,1000,10364,4352.0,70197,70,1,1,1.0,1000,6,5,false,22
725,723,2169,1000,10367,4358.0,70205,70,1,1,1.0,1000,6,5,false,22
725,724,2172,1000,10370,4364.0,70221,70,1,1,1.0,1000,6,5,false,22
725,725,2175,1000,10373,4370.0,70233,70,1,1,1.0,1000,6,5,false,22
725,726,2178,1000,10376,4376.0,70246,70,1,1,1.0,1000,6,5,false,22
725,727,2181,1000,10379,4382.0,70268,70,1,1,1.0,1000,6,5,false,22
725,728,2184,1000,10382,4388.0,70283,70,1,1,1.0,1000,6,5,false,22
725,729,2187,1000,10385,4394.0,70300,70,1,1,1.0,1000,6,5,false,22
725,730,2190,1000,10388,4400.0,70312,70,1,1,1.0,1000,6,5,false,22
725,731,2193,1000,10391,4406.0,70323,70,1,1,1.0,1000,6,5,false,22
725,732,2196,1000,10394,4412.0,70336,70,1,1,1.0,1000,6,5,false,22
725,733,2199,1000,10397,4418.0,70346,70,1,1,1.0,1000,6,5,false,22
725,734,2202,1000,10400,4424.0,70360,70,1,1,1.0,1000,6,5,false,22
725,735,2205,1000,10403,4430.0,70378,70,1,1,1.0,1000,6,5,false,22
725,736,2208,1000,10406,4436.0,70389,70,1,1,1.0,1000,6,5,false,22
725,737,2211,1000,10409,4442.0,70398,70,1,1,1.0,1000,6,5,false,22
725,738,2214,1000,10412,4448.0,70403,70,1,1,1.0,1000,6,5,false,22
725,739,2217,1000,10415,4454.0,70411,70,1,1,1.0,1000,6,5,false,22
725,740,2220,1000,10418,4460.0,70426,70,1,1,1.0,1000,6,5,false,22
725,741,2223,1000,10421,4466.0,70438,70,1,1,1.0,1000,6,5,false,22
725,742,2226,1000,10424,4472.0,70449,70,1,1,1.0,1000,6,5,false,22
725,743,2229,1000,10427,4478.0,70462,70,1,1,1.0,1000,6,5,false,22
725,744,2232,1000,10430,4484.0,70469,70,1,1,1.0,1000,6,5,false,22
725,745,2235,1000,10433,4490.0,70490,70,1,1,1.0,1000,6,5,false,22
725,746,2238,1000,10436,4496.0,70497,70,1,1,1.0,1000,6,5,false,22
725,747,2241,1000,10439,4502.0,70509,70,1,1,1.0,1000,6,5,false,22
725,748,2244,1000,10442,4508.0,70520,70,1,1,1.0,1000,6,5,false,22
725,749,2247,1000,10445,4514.0,70531,70,1,1,1.0,1000,6,5,false,22
725,750,2250,1000,10448,4520.0,70550,70,1,1,1.0,1000,6,5,false,22
725,751,2253,1000,10451,4526.0,70557,70,1,1,1.0,1000,6,5,false,22
725,752,2256,1000,10454,4532.0,70571,70,1,1,1.0,1000,6,5,false,22
725,753,2259,1000,10457,4538.0,70590,70,1,1,1.0,1000,6,5,false,22
725,754,2262,1000,10460,4544.0,70600,70,1,1,1.0,1000,6,5,false,22
725,755,2265,1000,10463,4550.0,70610,70,1,1,1.0,1000,6,5,false,22
725,756,2268,1000,10466,4556.0,70624,70,1,1,1.0,1000,6,5,false,22
725,757,2271,1000,10469,4562.0,70640,70,1,1,1.0,1000,6,5,false,22
725,758,2274,1000,10472,4568.0,70649,70,1,1,1.0,1000,6,5,false,22
725,759,2277,1000,10475,4574.0,70665,70,1,1,1.0,1000,6,5,false,22
725,760,2280,1000,10478,4580.0,70681,70,1,1,1.0,1000,6,5,false,22
725,761,2283,1000,10481,4586.0,70698,70,1,1,1.0,1000,6,5,false,22
725,762,2286,1000,10484,4592.0,70706,70,1,1,1.0,1000,6,5,false,22
725,763,2289,1000,10487,4598.0,70722,70,1,1,1.0,1000,6,5,false,22
725,764,2292,1000,10490,4604.0,70738,70,1,1,1.0,1000,6,5,false,22
725,765,2295,1000,10493,4610.0,70753,70,1,1,1.0,1000,6,5,false,22
725,766,2298,1000,10496,4616.0,70764,70,1,1,1.0,1000,6,5,false,22
725,767,2301,1000,10499,4622.0,70773,70,1,1,1.0,1000,6,5,false,22
725,768,2304,1000,10502,4628.0,70782,70,1,1,1.0,1000,6,5,false,22
725,769,2307,1000,10505,4634.0,70804,70,1,1,1.0,1000,6,5,false,22
725,770,2310,1000,10508,4640.0,70816,70,1,1,1.0,1000,6,5,false,22
725,771,2313,1000,10511,4646.0,70824,70,1,1,1.0,1000,6,5,false,22
725,772,2316,1000,10514,4652.0,70836,70,1,1,1.0,1000,6,5,false,22
725,773,2319,1000,10517,4658.0,70846,70,1,1,1.0,1000,6,5,false,22
725,774,2322,1000,10520,4664.0,70863,70,1,1,1.0,1000,6,5,false,22
725,775,2325,1000,10523,4670.0,70877,70,1,1,1.0,1000,6,5,false,22
725,776,2328,1000,10526,4676.0,70888,70,1,1,1.0,1000,6,5,false,22
725,777,2331,1000,10529,4682.0,70902,70,1,1,1.0,1000,6,5,false,22
725,778,2334,1000,10532,4688.0,70917,70,1,1,1.0,1000,6,5,false,22
725,779,2337,1000,10535,4694.0,70928,70,1,1,1.0,1000,6,5,false,22
725,780,2340,1000,10538,4700.0,70944,70,1,1,1.0,1000,6,5,false,22
725,781,2343,1000,10541,4706.0,70950,70,1,1,1.0,1000,6,5,false,22
725,782,2346,1000,10544,4712.0,70970,70,1,1,1.0,1000,6,5,false,22
725,783,2349,1000,10547,4718.0,70981,70,1,1,1.0,1000,6,5,false,22
725,784,2352,1000,10550,4724.0,70993,70,1,1,1.0,1000,6,5,false,22
725,785,2355,1000,10553,4730.0,71012,70,1,1,1.0,1000,6,5,false,22
725,786,2358,1000,10556,4736.0,71020,70,1,1,1.0,1000,6,5,false,22
725,787,2361,1000,10559,4742.0,71039,70,1,1,1.0,1000,6,5,false,22
725,788,2364,1000,10562,4748.0,71046,70,1,1,1.0,1000,6,5,false,22
725,789,2367,1000,10565,4754.0,71057,70,1,1,1.0,1000,6,5,false,22
725,790,2370,1000,10568,4760.0,71072,70,1,1,1.0,1000,6,5,false,22
725,791,2373,1000,10571,4766.0,71081,70,1,1,1.0,1000,6,5,false,22
725,792,2376,1000,10574,4772.0,71086,70,1,1,1.0,1000,6,5,false,22
725,793,2378,1000,10576,4776.0,71096,70,1,1,1.0,1000,6,5,false,22
725,794,2381,1000,10579,4782.0,71108,70,1,1,1.0,1000,6,5,false,22
725,795,2384,1000,10582,4788.0,71119,70,1,1,1.0,1000,6,5,false,22
725,796,2387,1000,10585,4794.0,71128,70,1,1,1.0,1000,6,5,false,22
725,797,2390,1000,10588,4800.0,71141,70,1,1,1.0,1000,6,5,false,22
725,798,2393,1000,10591,4806.0,71154,70,1,1,1.0,1000,6,5,false,22
725,799,2396,1000,10594,4812.0,71168,70,1,1,1.0,1000,6,5,false,22
725,800,2399,1000,10597,4818.0,71187,70,1,1,1.0,1000,6,5,false,22
725,801,2402,1000,10600,4824.0,71193,70,1,1,1.0,1000,6,5,false,22
725,802,2405,1000,10603,4830.0,71204,70,1,1,1.0,1000,6,5,false,22
725,803,2408,1000,10606,4836.0,71216,70,1,1,1.0,1000,6,5,false,22
725,804,2411,1000,10609,4842.0,71232,70,1,1,1.0,1000,6,5,false,22
725,805,2414,1000,10612,4848.0,71241,70,1,1,1.0,1000,6,5,false,22
725,806,2417,1000,10615,4854.0,71253,70,1,1,1.0,1000,6,5,false,22
725,807,2420,1000,10618,4860.0,71267,70,1,1,1.0,1000,6,5,false,22
725,808,2423,1000,10621,4866.0,71284,70,1,1,1.0,1000,6,5,false,22
725,809,2426,1000,10624,4872.0,71294,70,1,1,1.0,1000,6,5,false,22
725,810,2429,1000,10627,4878.0,71303,70,1,1,1.0,1000,6,5,false,22
725,811,2432,1000,10630,4884.0,71316,70,1,1,1.0,1000,6,5,false,22
725,812,2435,1000,10633,4890.0,71335,70,1,1,1.0,1000,6,5,false,22
725,813,2438,1000,10636,4896.0,71352,70,1,1,1.0,1000,6,5,false,22
725,814,2441,1000,10639,4902.0,71365,70,1,1,1.0,1000,6,5,false,22
725,815,2444,1000,10642,4908.0,71374,70,1,1,1.0,1000,6,5,false,22
725,816,2447,1000,10645,4914.0,71380,70,1,1,1.0,1000,6,5,false,22
725,817,2450,1000,10648,4920.0,71392,70,1,1,1.0,1000,6,5,false,22
725,818,2453,1000,10651,4926.0,71399,70,1,1,1.0,1000,6,5,false,22
725,819,2456,1000,10654,4932.0,71415,70,1,1,1.0,1000,6,5,false,22
725,820,2459,1000,10657,4938.0,71429,70,1,1,1.0,1000,6,5,false,22
725,821,2462,1000,10660,4944.0,71438,70,1,1,1.0,1000,6,5,false,22
725,822,2465,1000,10663,4950.0,71447,70,1,1,1.0,1000,6,5,false,22
725,823,2468,1000,10666,4956.0,71462,70,1,1,1.0,1000,6,5,false,22
725,824,2471,1000,10669,4962.0,71474,70,1,1,1.0,1000,6,5,false,22
725,825,2474,1000,10672,4968.0,71481,70,1,1,1.0,1000,6,5,false,22
725,826,2477,1000,10675,4974.0,71500,70,1,1,1.0,1000,6,5,false,22
725,827,2480,1000,10678,4980.0,71514,70,1,1,1.0,1000,6,5,false,22
725,828,2483,1000,10681,4986.0,71527,70,1,1,1.0,1000,6,5,false,22
725,829,2486,1000,10684,4992.0,71538,70,1,1,1.0,1000,6,5,false,22
725,830,2489,1000,10687,4998.0,71548,70,1,1,1.0,1000,6,5,false,22
725,831,2492,1000,10690,5004.0,71560,70,1,1,1.0,1000,6,5,false,22
725,832,2495,1000,10693,5010.0,71568,70,1,1,1.0,1000,6,5,false,22
725,833,2498,1000,10696,5016.0,71580,70,1,1,1.0,1000,6,5,false,22
725,834,2501,1000,10699,5022.0,71596,70,1,1,1.0,1000,6,5,false,22
725,835,2504,1000,10702,5028.0,71608,70,1,1,1.0,1000,6,5,false,22
725,836,2507,1000,10705,5034.0,71616,70,1,1,1.0,1000,6,5,false,22
725,837,2510,1000,10708,5040.0,71632,70,1,1,1.0,1000,6,5,false,22
725,838,2513,1000,10711,5046.0,71644,70,1,1,1.0,1000,6,5,false,22
725,839,2516,1000,10714,5052.0,71659,70,1,1,1.0,1000,6,5,false,22
725,840,2519,1000,10717,5058.0,71674,70,1,1,1.0,1000,6,5,false,22
725,841,2522,1000,10720,5064.0,71687,70,1,1,1.0,1000,6,5,false,22
725,842,2525,1000,10723,5070.0,71694,70,1,1,1.0,1000,6,5,false,22
725,843,2528,1000,10726,5076.0,71708,70,1,1,1.0,1000,6,5,false,22
725,844,2531,1000,10729,5082.0,71728,70,1,1,1.0,1000,6,5,false,22
725,845,2534,1000,10732,5088.0,71743,70,1,1,1.0,1000,6,5,false,22
725,846,2537,1000,10735,5094.0,71759,70,1,1,1.0,1000,6,5,false,22
725,847,2540,1000,10738,5100.0,71775,70,1,1,1.0,1000,6,5,false,22
725,848,2543,1000,10741,5106.0,71787,70,1,1,1.0,1000,6,5,false,22
725,849,2546,1000,10744,5112.0,71800,70,1,1,1.0,1000,6,5,false,22
725,850,2549,1000,10747,5118.0,71820,70,1,1,1.0,1000,6,5,false,22
725,851,2552,1000,10750,5124.0,71831,70,1,1,1.0,1000,6,5,false,22
725,852,2555,1000,10753,5130.0,71844,70,1,1,1.0,1000,6,5,false,22
725,853,2558,1000,10756,5136.0,71857,70,1,1,1.0,1000,6,5,false,22
725,854,2561,1000,10759,5142.0,71868,70,1,1,1.0,1000,6,5,false,22
725,855,2564,1000,10762,5148.0,71883,70,1,1,1.0,1000,6,5,false,22
725,856,2567,1000,10765,5154.0,71896,70,1,1,1.0,1000,6,5,false,22
725,857,2570,1000,10768,5160.0,71913,70,1,1,1.0,1000,6,5,false,22
725,858,2573,1000,10771,5166.0,71924,70,1,1,1.0,1000,6,5,false,22
725,859,2576,1000,10774,5172.0,71938,70,1,1,1.0,1000,6,5,false,22
725,860,2579,1000,10777,5178.0,71949,70,1,1,1.0,1000,6,5,false,22
725,861,2582,1000,10780,5184.0,71957,70,1,1,1.0,1000,6,5,false,22
725,862,2585,1000,10783,5190.0,71971,70,1,1,1.0,1000,6,5,false,22
725,863,2588,1000,10786,5196.0,71982,70,1,1,1.0,1000,6,5,false,22
725,864,2591,1000,10789,5202.0,71994,70,1,1,1.0,1000,6,5,false,22
725,865,2594,1000,10792,5208.0,72011,70,1,1,1.0,1000,6,5,false,22
725,866,2597,1000,10795,5214.0,72032,70,1,1,1.0,1000,6,5,false,22
725,867,2600,1000,10798,5220.0,72038,70,1,1,1.0,1000,6,5,false,22
725,868,2603,1000,10801,5226.0,72053,70,1,1,1.0,1000,6,5,false,22
725,869,2606,1000,10804,5232.0,72063,70,1,1,1.0,1000,6,5,false,22
725,870,2609,1000,10807,5238.0,72080,70,1,1,1.0,1000,6,5,false,22
725,871,2612,1000,10810,5244.0,72097,70,1,1,1.0,1000,6,5,false,22
725,872,2615,1000,10813,5250.0,72104,70,1,1,1.0,1000,6,5,false,22
725,873,2618,1000,10816,5256.0,72121,70,1,1,1.0,1000,6,5,false,22
725,874,2621,1000,10819,5262.0,72134,70,1,1,1.0,1000,6,5,false,22
725,875,2624,1000,10822,5268.0,72151,70,1,1,1.0,1000,6,5,false,22
725,876,2627,1000,10825,5274.0,72158,70,1,1,1.0,1000,6,5,false,22
725,877,2630,1000,10828,5280.0,72169,70,1,1,1.0,1000,6,5,false,22
725,878,2633,1000,10831,5286.0,72175,70,1,1,1.0,1000,6,5,false,22
725,879,2636,1000,10834,5292.0,72188,70,1,1,1.0,1000,6,5,false,22
725,880,2639,1000,10837,5298.0,72198,70,1,1,1.0,1000,6,5,false,22
725,881,2642,1000,10840,5304.0,72202,70,1,1,1.0,1000,6,5,false,22
725,882,2645,1000,10843,5310.0,72212,70,1,1,1.0,1000,6,5,false,22
725,883,2648,1000,10846,5316.0,72223,70,1,1,1.0,1000,6,5,false,22
725,884,2651,1000,10849,5322.0,72225,70,1,1,1.0,1000,6,5,false,22
725,885,2654,1000,10852,5328.0,72241,70,1,1,1.0,1000,6,5,false,22
725,886,2657,1000,10855,5334.0,72251,70,1,1,1.0,1000,6,5,false,22
725,887,2660,1000,10858,5340.0,72266,70,1,1,1.0,1000,6,5,false,22
725,888,2663,1000,10861,5346.0,72277,70,1,1,1.0,1000,6,5,false,22
725,889,2666,1000,10864,5352.0,72301,70,1,1,1.0,1000,6,5,false,22
725,890,2668,1000,10866,5356.0,72306,70,1,1,1.0,1000,6,5,false,22
725,891,2671,1000,10869,5362.0,72322,70,1,1,1.0,1000,6,5,false,22
725,892,2674,1000,10872,5368.0,72338,70,1,1,1.0,1000,6,5,false,22
725,893,2677,1000,10875,5374.0,72349,70,1,1,1.0,1000,6,5,false,22
725,894,2680,1000,10878,5380.0,72367,70,1,1,1.0,1000,6,5,false,22
725,895,2683,1000,10881,5386.0,72376,70,1,1,1.0,1000,6,5,false,22
725,896,2686,1000,10884,5392.0,72393,70,1,1,1.0,1000,6,5,false,22
725,897,2689,1000,10887,5398.0,72401,70,1,1,1.0,1000,6,5,false,22
725,898,2692,1000,10890,5404.0,72414,70,1,1,1.0,1000,6,5,false,22
725,899,2695,1000,10893,5410.0,72429,70,1,1,1.0,1000,6,5,false,22
725,900,2698,1000,10896,5416.0,72449,70,1,1,1.0,1000,6,5,false,22
725,901,2701,1000,10899,5422.0,72466,70,1,1,1.0,1000,6,5,false,22
725,902,2704,1000,10902,5428.0,72484,70,1,1,1.0,1000,6,5,false,22
725,903,2707,1000,10905,5434.0,72496,70,1,1,1.0,1000,6,5,false,22
725,904,2710,1000,10908,5440.0,72509,70,1,1,1.0,1000,6,5,false,22
725,905,2713,1000,10911,5446.0,72523,70,1,1,1.0,1000,6,5,false,22
725,906,2716,1000,10914,5452.0,72536,70,1,1,1.0,1000,6,5,false,22
725,907,2719,1000,10917,5458.0,72554,70,1,1,1.0,1000,6,5,false,22
725,908,2722,1000,10920,5464.0,72573,70,1,1,1.0,1000,6,5,false,22
725,909,2725,1000,10923,5470.0,72581,70,1,1,1.0,1000,6,5,false,22
725,910,2728,1000,10926,5476.0,72593,70,1,1,1.0,1000,6,5,false,22
725,911,2731,1000,10929,5482.0,72608,70,1,1,1.0,1000,6,5,false,22
725,912,2734,1000,10932,5488.0,72619,70,1,1,1.0,1000,6,5,false,22
725,913,2737,1000,10935,5494.0,72637,70,1,1,1.0,1000,6,5,false,22
725,914,2740,1000,10938,5500.0,72650,70,1,1,1.0,1000,6,5,false,22
725,915,2743,1000,10941,5506.0,72664,70,1,1,1.0,1000,6,5,false,22
725,916,2746,1000,10944,5512.0,72679,70,1,1,1.0,1000,6,5,false,22
725,917,2749,1000,10947,5518.0,72689,70,1,1,1.0,1000,6,5,false,22
725,918,2752,1000,10950,5524.0,72705,70,1,1,1.0,1000,6,5,false,22
725,919,2755,1000,10953,5530.0,72715,70,1,1,1.0,1000,6,5,false,22
725,920,2758,1000,10956,5536.0,72732,70,1,1,1.0,1000,6,5,false,22
725,921,2761,1000,10959,5542.0,72746,70,1,1,1.0,1000,6,5,false,22
725,922,2764,1000,10962,5548.0,72759,70,1,1,1.0,1000,6,5,false,22
725,923,2767,1000,10965,5554.0,72773,70,1,1,1.0,1000,6,5,false,22
725,924,2770,1000,10968,5560.0,72789,70,1,1,1.0,1000,6,5,false,22
725,925,2773,1000,10971,5566.0,72804,70,1,1,1.0,1000,6,5,false,22
725,926,2776,1000,10974,5572.0,72817,70,1,1,1.0,1000,6,5,false,22
725,927,2779,1000,10977,5578.0,72836,70,1,1,1.0,1000,6,5,false,22
725,928,2782,1000,10980,5584.0,72845,70,1,1,1.0,1000,6,5,false,22
725,929,2785,1000,10983,5590.0,72859,70,1,1,1.0,1000,6,5,false,22
725,930,2788,1000,10986,5596.0,72871,70,1,1,1.0,1000,6,5,false,22
725,931,2791,1000,10989,5602.0,72884,70,1,1,1.0,1000,6,5,false,22
725,932,2794,1000,10992,5608.0,72903,70,1,1,1.0,1000,6,5,false,22
725,933,2797,1000,10995,5614.0,72913,70,1,1,1.0,1000,6,5,false,22
725,934,2800,1000,10998,5620.0,72922,70,1,1,1.0,1000,6,5,false,22
725,935,2803,1000,11001,5626.0,72937,70,1,1,1.0,1000,6,5,false,22
725,936,2806,1000,11004,5632.0,72945,70,1,1,1.0,1000,6,5,false,22
725,937,2809,1000,11007,5638.0,72958,70,1,1,1.0,1000,6,5,false,22
725,938,2812,1000,11010,5644.0,72965,70,1,1,1.0,1000,6,5,false,22
725,939,2815,1000,11013,5650.0,72980,70,1,1,1.0,1000,6,5,false,22
725,940,2818,1000,11016,5656.0,72993,70,1,1,1.0,1000,6,5,false,22
725,941,2821,1000,11019,5662.0,73011,70,1,1,1.0,1000,6,5,false,22
725,942,2824,1000,11022,5668.0,73019,70,1,1,1.0,1000,6,5,false,22
725,943,2827,1000,11025,5674.0,73033,70,1,1,1.0,1000,6,5,false,22
725,944,2830,1000,11028,5680.0,73045,70,1,1,1.0,1000,6,5,false,22
725,945,2833,1000,11031,5686.0,73060,70,1,1,1.0,1000,6,5,false,22
725,946,2836,1000,11034,5692.0,73066,70,1,1,1.0,1000,6,5,false,22
725,947,2839,1000,11037,5698.0,73074,70,1,1,1.0,1000,6,5,false,22
725,948,2842,1000,11040,5704.0,73090,70,1,1,1.0,1000,6,5,false,22
725,949,2845,1000,14226,5710.0,77309,70,1,1,1.0,1000,6,5,false,22
725,950,2848,1000,14229,5716.0,77325,70,1,1,1.0,1000,6,5,false,22
725,951,2851,1000,14232,5722.0,77339,70,1,1,1.0,1000,6,5,false,22
725,952,2854,1000,14235,5728.0,77355,70,1,1,1.0,1000,6,5,false,22
725,953,2857,1000,14238,5734.0,77367,70,1,1,1.0,1000,6,5,false,22
725,954,2860,1000,14241,5740.0,77382,70,1,1,1.0,1000,6,5,false,22
725,955,2863,1000,14244,5746.0,77394,70,1,1,1.0,1000,6,5,false,22
725,956,2866,1000,14247,5752.0,77407,70,1,1,1.0,1000,6,5,false,22
725,957,2868,1000,14249,5756.0,77414,70,1,1,1.0,1000,6,5,false,22
725,958,2871,1000,14252,5762.0,77430,70,1,1,1.0,1000,6,5,false,22
725,959,2873,1000,14254,5766.0,77438,70,1,1,1.0,1000,6,5,false,22
725,960,2876,1000,14257,5772.0,77447,70,1,1,1.0,1000,6,5,false,22
725,961,2879,1000,14260,5778.0,77453,70,1,1,1.0,1000,6,5,false,22
725,962,2882,1000,14263,5784.0,77461,70,1,1,1.0,1000,6,5,false,22
725,963,2885,1000,14266,5790.0,77478,70,1,1,1.0,1000,6,5,false,22
725,964,2888,1000,14269,5796.0,77489,70,1,1,1.0,1000,6,5,false,22
725,965,2891,1000,14272,5802.0,77498,70,1,1,1.0,1000,6,5,false,22
725,966,2894,1000,14275,5808.0,77508,70,1,1,1.0,1000,6,5,false,22
725,967,2897,1000,14278,5814.0,77519,70,1,1,1.0,1000,6,5,false,22
725,968,2900,1000,14281,5820.0,77535,70,1,1,1.0,1000,6,5,false,22
725,969,2903,1000,14284,5826.0,77546,70,1,1,1.0,1000,6,5,false,22
725,970,2906,1000,14287,5832.0,77556,70,1,1,1.0,1000,6,5,false,22
725,971,2909,1000,14290,5838.0,77562,70,1,1,1.0,1000,6,5,false,22
725,972,2912,1000,14293,5844.0,77572,70,1,1,1.0,1000,6,5,false,22
725,973,2915,1000,14296,5850.0,77581,70,1,1,1.0,1000,6,5,false,22
725,974,2918,1000,14299,5856.0,77595,70,1,1,1.0,1000,6,5,false,22
725,975,2921,1000,14302,5862.0,77614,70,1,1,1.0,1000,6,5,false,22
725,976,2924,1000,14305,5868.0,77636,70,1,1,1.0,1000,6,5,false,22
725,977,2927,1000,14308,5874.0,77651,70,1,1,1.0,1000,6,5,false,22
725,978,2930,1000,14311,5880.0,77667,70,1,1,1.0,1000,6,5,false,22
725,979,2933,1000,14314,5886.0,77677,70,1,1,1.0,1000,6,5,false,22
725,980,2936,1000,14317,5892.0,77686,70,1,1,1.0,1000,6,5,false,22
725,981,2939,1000,14320,5898.0,77703,70,1,1,1.0,1000,6,5,false,22
725,982,2942,1000,14323,5904.0,77715,70,1,1,1.0,1000,6,5,false,22
725,983,2945,1000,14326,5910.0,77728,70,1,1,1.0,1000,6,5,false,22
725,984,2948,1000,14329,5916.0,77736,70,1,1,1.0,1000,6,5,false,22
725,985,2951,1000,14332,5922.0,77754,70,1,1,1.0,1000,6,5,false,22
725,986,2954,1000,14335,5928.0,77763,70,1,1,1.0,1000,6,5,false,22
725,987,2957,1000,14338,5934.0,77777,70,1,1,1.0,1000,6,5,false,22
725,988,2960,1000,14341,5940.0,77794,70,1,1,1.0,1000,6,5,false,22
725,989,2963,1000,14344,5946.0,77803,70,1,1,1.0,1000,6,5,false,22
725,990,2966,1000,14347,5952.0,77813,70,1,1,1.0,1000,6,5,false,22
725,991,2969,1000,14350,5958.0,77823,70,1,1,1.0,1000,6,5,false,22
725,992,2972,1000,14353,5964.0,77835,70,1,1,1.0,1000,6,5,false,22
725,993,2975,1000,14356,5970.0,77849,70,1,1,1.0,1000,6,5,false,22
725,994,2978,1000,14359,5976.0,77861,70,1,1,1.0,1000,6,5,false,22
725,995,2981,1000,14362,5982.0,77876,70,1,1,1.0,1000,6,5,false,22
725,996,2984,1000,14365,5988.0,77895,70,1,1,1.0,1000,6,5,false,22
725,997,2987,1000,14368,5994.0,77906,70,1,1,1.0,1000,6,5,false,22
725,998,2990,1000,14371,6000.0,77919,70,1,1,1.0,1000,6,5,false,22
725,999,2993,1000,14374,6006.0,77931,70,1,1,1.0,1000,6,5,false,22
725,1000,2996,1000,14377,6012.0,77938,70,1,1,1.0,1000,6,5,false,22
725,1001,2999,1000,14380,6018.0,77951,70,1,1,1.0,1000,6,5,false,22
725,1002,3002,1000,14383,6024.0,77968,70,1,1,1.0,1000,6,5,false,22
725,1003,3005,1000,14386,6030.0,77979,70,1,1,1.0,1000,6,5,false,22
725,1004,3008,1000,14389,6036.0,77994,70,1,1,1.0,1000,6,5,false,22
725,1005,3011,1000,14392,6042.0,78006,70,1,1,1.0,1000,6,5,false,22
725,1006,3014,1000,14395,6048.0,78018,70,1,1,1.0,1000,6,5,false,22
725,1007,3017,1000,14398,6054.0,78033,70,1,1,1.0,1000,6,5,false,22
725,1008,3020,1000,14401,6060.0,78042,70,1,1,1.0,1000,6,5,false,22
725,1009,3023,1000,14404,6066.0,78057,70,1,1,1.0,1000,6,5,false,22
725,1010,3026,1000,14407,6072.0,78072,70,1,1,1.0,1000,6,5,false,22
725,1011,3029,1000,14410,6078.0,78082,70,1,1,1.0,1000,6,5,false,22
725,1012,3032,1000,14413,6084.0,78096,70,1,1,1.0,1000,6,5,false,22
725,1013,3035,1000,14416,6090.0,78108,70,1,1,1.0,1000,6,5,false,22
725,1014,3038,1000,14419,6096.0,78117,70,1,1,1.0,1000,6,5,false,22
725,1015,3041,1000,14422,6102.0,78130,70,1,1,1.0,1000,6,5,false,22
725,1016,3044,1000,14425,6108.0,78147,70,1,1,1.0,1000,6,5,false,22
725,1017,3047,1000,14428,6114.0,78168,70,1,1,1.0,1000,6,5,false,22
725,1018,3050,1000,14431,6120.0,78181,70,1,1,1.0,1000,6,5,false,22
725,1019,3053,1000,15258,6128.0,82407,70,1,1,1.0,1000,6,5,false,22
725,1020,3056,1000,15261,6134.0,82419,70,1,1,1.0,1000,6,5,false,22
725,1021,3059,1000,15264,6140.0,82433,70,1,1,1.0,1000,6,5,false,22
725,1022,3062,1000,15267,6146.0,82445,70,1,1,1.0,1000,6,5,false,22
725,1023,3065,1000,15270,6152.0,82460,70,1,1,1.0,1000,6,5,false,22
725,1024,3068,1000,15273,6158.0,82473,70,1,1,1.0,1000,6,5,false,22
725,1025,3071,1000,15276,6164.0,82485,70,1,1,1.0,1000,6,5,false,22
725,1026,3074,1000,15279,6170.0,82505,70,1,1,1.0,1000,6,5,false,22
725,1027,3077,1000,15282,6176.0,82521,70,1,1,1.0,1000,6,5,false,22
725,1028,3080,1000,15285,6182.0,82537,70,1,1,1.0,1000,6,5,false,22
725,1029,3083,1000,15288,6188.0,82546,70,1,1,1.0,1000,6,5,false,22
725,1030,3086,1000,15291,6194.0,82565,70,1,1,1.0,1000,6,5,false,22
725,1031,3089,1000,15294,6200.0,82579,70,1,1,1.0,1000,6,5,false,22
725,1032,3092,1000,15297,6206.0,82594,70,1,1,1.0,1000,6,5,false,22
725,1033,3095,1000,15300,6212.0,82605,70,1,1,1.0,1000,6,5,false,22
725,1034,3098,1000,15303,6218.0,82616,70,1,1,1.0,1000,6,5,false,22
725,1035,3101,1000,15306,6224.0,82625,70,1,1,1.0,1000,6,5,false,22
725,1036,3104,1000,15309,6230.0,82636,70,1,1,1.0,1000,6,5,false,22
725,1037,3107,1000,15520,6236.0,86857,70,1,1,1.0,1000,6,5,false,22
725,1038,3110,1000,15523,6242.0,86865,70,1,1,1.0,1000,6,5,false,22
725,1039,3113,1000,15526,6248.0,86876,70,1,1,1.0,1000,6,5,false,22
725,1040,3116,1000,15529,6254.0,86887,70,1,1,1.0,1000,6,5,false,22
725,1041,3119,1000,15532,6260.0,86897,70,1,1,1.0,1000,6,5,false,22
725,1042,3122,1000,15535,6266.0,86908,70,1,1,1.0,1000,6,5,false,22
725,1043,3125,1000,15538,6272.0,86917,70,1,1,1.0,1000,6,5,false,22
725,1044,3128,1000,15541,6278.0,86925,70,1,1,1.0,1000,6,5,false,22
725,1045,3131,1000,15544,6284.0,86934,70,1,1,1.0,1000,6,5,false,22
725,1046,3134,1000,15547,6290.0,86949,70,1,1,1.0,1000,6,5,false,22
725,1047,3137,1000,15550,6296.0,86964,70,1,1,1.0,1000,6,5,false,22
725,1048,3140,1000,15553,6302.0,86977,70,1,1,1.0,1000,6,5,false,22
725,1049,3143,1000,15556,6308.0,86990,70,1,1,1.0,1000,6,5,false,22
725,1050,3146,1000,15559,6314.0,87009,70,1,1,1.0,1000,6,5,false,22
725,1051,3149,1000,15562,6320.0,87021,70,1,1,1.0,1000,6,5,false,22
725,1052,3152,1000,15565,6326.0,87035,70,1,1,1.0,1000,6,5,false,22
725,1053,3155,1000,15568,6332.0,87044,70,1,1,1.0,1000,6,5,false,22
725,1054,3158,1000,15571,6338.0,87055,70,1,1,1.0,1000,6,5,false,22
725,1055,3161,1000,15574,6344.0,87067,70,1,1,1.0,1000,6,5,false,22
725,1056,3164,1000,15577,6350.0,87076,70,1,1,1.0,1000,6,5,false,22
725,1057,3167,1000,15580,6356.0,87081,70,1,1,1.0,1000,6,5,false,22
725,1058,3170,1000,15583,6362.0,87086,70,1,1,1.0,1000,6,5,false,22
725,1059,3173,1000,15586,6368.0,87091,70,1,1,1.0,1000,6,5,false,22
725,1060,3176,1000,15589,6374.0,87102,70,1,1,1.0,1000,6,5,false,22
725,1061,3179,1000,15592,6380.0,87112,70,1,1,1.0,1000,6,5,false,22
725,1062,3182,1000,15595,6386.0,87123,70,1,1,1.0,1000,6,5,false,22
725,1063,3185,1000,15598,6392.0,87129,70,1,1,1.0,1000,6,5,false,22
725,1064,3188,1000,15601,6398.0,87142,70,1,1,1.0,1000,6,5,false,22
725,1065,3191,1000,15604,6404.0,87155,70,1,1,1.0,1000,6,5,false,22
725,1066,3194,1000,15607,6410.0,87168,70,1,1,1.0,1000,6,5,false,22
725,1067,3197,1000,15610,6416.0,87182,70,1,1,1.0,1000,6,5,false,22
725,1068,3200,1000,15613,6422.0,87193,70,1,1,1.0,1000,6,5,false,22
725,1069,3203,1000,15616,6428.0,87203,70,1,1,1.0,1000,6,5,false,22
725,1070,3206,1000,15619,6434.0,87215,70,1,1,1.0,1000,6,5,false,22
725,1071,3209,1000,15622,6440.0,87229,70,1,1,1.0,1000,6,5,false,22
725,1072,3212,1000,15625,6446.0,87242,70,1,1,1.0,1000,6,5,false,22
725,1073,3215,1000,15628,6452.0,87253,70,1,1,1.0,1000,6,5,false,22
725,1074,3218,1000,15631,6458.0,87267,70,1,1,1.0,1000,6,5,false,22
725,1075,3221,1000,15634,6464.0,87275,70,1,1,1.0,1000,6,5,false,22
725,1076,3224,1000,15637,6470.0,87290,70,1,1,1.0,1000,6,5,false,22
725,1077,3227,1000,15640,6476.0,87307,70,1,1,1.0,1000,6,5,false,22
725,1078,3230,1000,15643,6482.0,87320,70,1,1,1.0,1000,6,5,false,22
725,1079,3233,1000,15646,6488.0,87334,70,1,1,1.0,1000,6,5,false,22
725,1080,3236,1000,15649,6494.0,87344,70,1,1,1.0,1000,6,5,false,22
725,1081,3239,1000,15652,6500.0,87355,70,1,1,1.0,1000,6,5,false,22
725,1082,3242,1000,16183,6508.0,91590,70,1,1,1.0,1000,6,5,false,22
725,1083,3245,1000,16186,6514.0,91604,70,1,1,1.0,1000,6,5,false,22
725,1084,3248,1000,16189,6520.0,91616,70,1,1,1.0,1000,6,5,false,22
725,1085,3251,1000,16192,6526.0,91627,70,1,1,1.0,1000,6,5,false,22
725,1086,3254,1000,16195,6532.0,91636,70,1,1,1.0,1000,6,5,false,22
725,1087,3257,1000,16198,6538.0,91644,70,1,1,1.0,1000,6,5,false,22
725,1088,3260,1000,16201,6544.0,91664,70,1,1,1.0,1000,6,5,false,22
725,1089,3263,1000,16204,6550.0,91676,70,1,1,1.0,1000,6,5,false,22
725,1090,3266,1000,16207,6556.0,91685,70,1,1,1.0,1000,6,5,false,22
725,1091,3269,1000,16210,6562.0,91702,70,1,1,1.0,1000,6,5,false,22
725,1092,3272,1000,16213,6568.0,91722,70,1,1,1.0,1000,6,5,false,22
725,1093,3275,1000,16216,6574.0,91736,70,1,1,1.0,1000,6,5,false,22
725,1094,3278,1000,16219,6580.0,91751,70,1,1,1.0,1000,6,5,false,22
725,1095,3281,1000,16222,6586.0,91762,70,1,1,1.0,1000,6,5,false,22
725,1096,3285,1000,16226,6594.0,91774,70,1,1,1.0,1000,6,5,false,22
725,1097,3288,1000,16229,6600.0,91785,70,1,1,1.0,1000,6,5,false,22
725,1098,3291,1000,16432,6606.0,96009,70,1,1,1.0,1000,6,5,false,22
725,1099,3294,1000,16435,6612.0,96018,70,1,1,1.0,1000,6,5,false,22
725,1100,3297,1000,16438,6618.0,96031,70,1,1,1.0,1000,6,5,false,22
725,1101,3300,1000,16441,6624.0,96044,70,1,1,1.0,1000,6,5,false,22
725,1102,3303,1000,16444,6630.0,96055,70,1,1,1.0,1000,6,5,false,22
725,1103,3306,1000,16447,6636.0,96075,70,1,1,1.0,1000,6,5,false,22
725,1104,3309,1000,16450,6642.0,96083,70,1,1,1.0,1000,6,5,false,22
725,1105,3312,1000,16453,6648.0,96100,70,1,1,1.0,1000,6,5,false,22
725,1106,3315,1000,16456,6654.0,96112,70,1,1,1.0,1000,6,5,false,22
725,1107,3318,1000,16459,6660.0,96131,70,1,1,1.0,1000,6,5,false,22
725,1108,3321,1000,16462,6666.0,96144,70,1,1,1.0,1000,6,5,false,22
725,1109,3324,1000,16465,6672.0,96156,70,1,1,1.0,1000,6,5,false,22
725,1110,3327,1000,16468,6678.0,96174,70,1,1,1.0,1000,6,5,false,22
725,1111,3330,1000,16471,6684.0,96194,70,1,1,1.0,1000,6,5,false,22
725,1112,3333,1000,16474,6690.0,96207,70,1,1,1.0,1000,6,5,false,22
725,1113,3336,1000,16477,6696.0,96216,70,1,1,1.0,1000,6,5,false,22
725,1114,3339,1000,16480,6702.0,96233,70,1,1,1.0,1000,6,5,false,22
725,1115,3342,1000,16483,6708.0,96247,70,1,1,1.0,1000,6,5,false,22
725,1116,3345,1000,16486,6714.0,96263,70,1,1,1.0,1000,6,5,false,22
725,1117,3348,1000,16489,6720.0,96276,70,1,1,1.0,1000,6,5,false,22
725,1118,3351,1000,16492,6726.0,96289,70,1,1,1.0,1000,6,5,false,22
725,1119,3354,1000,16495,6732.0,96294,70,1,1,1.0,1000,6,5,false,22
725,1120,3357,1000,16498,6738.0,96311,70,1,1,1.0,1000,6,5,false,22
725,1121,3360,1000,16501,6744.0,96326,70,1,1,1.0,1000,6,5,false,22
725,1122,3362,1000,16503,6748.0,96337,70,1,1,1.0,1000,6,5,false,22
725,1123,3366,1000,16507,6756.0,96353,70,1,1,1.0,1000,6,5,false,22
725,1124,3369,1000,16510,6762.0,96366,70,1,1,1.0,1000,6,5,false,22
725,1125,3372,1000,16513,6768.0,96381,70,1,1,1.0,1000,6,5,false,22
725,1126,3375,1000,16516,6774.0,96393,70,1,1,1.0,1000,6,5,false,22
725,1127,3378,1000,16519,6780.0,96400,70,1,1,1.0,1000,6,5,false,22
725,1128,3381,1000,16522,6786.0,96407,70,1,1,1.0,1000,6,5,false,22
725,1129,3384,1000,16525,6792.0,96414,70,1,1,1.0,1000,6,5,false,22
725,1130,3387,1000,16528,6798.0,96429,70,1,1,1.0,1000,6,5,false,22
725,1131,3390,1000,16531,6804.0,96444,70,1,1,1.0,1000,6,5,false,22
725,1132,3393,1000,16534,6810.0,96456,70,1,1,1.0,1000,6,5,false,22
725,1133,3396,1000,16537,6816.0,96473,70,1,1,1.0,1000,6,5,false,22
725,1134,3399,1000,16968,6824.0,100694,70,1,1,1.0,1000,6,5,false,22
725,1135,3402,1000,16971,6830.0,100709,70,1,1,1.0,1000,6,5,false,22
725,1136,3405,1000,16974,6836.0,100728,70,1,1,1.0,1000,6,5,false,22
725,1137,3408,1000,16977,6842.0,100749,70,1,1,1.0,1000,6,5,false,22
725,1138,3411,1000,16980,6848.0,100760,70,1,1,1.0,1000,6,5,false,22
725,1139,3414,1000,16983,6854.0,100772,70,1,1,1.0,1000,6,5,false,22
725,1140,3417,1000,16986,6860.0,100784,70,1,1,1.0,1000,6,5,false,22
725,1141,3420,1000,16989,6866.0,100792,70,1,1,1.0,1000,6,5,false,22
725,1142,3423,1000,16992,6872.0,100803,70,1,1,1.0,1000,6,5,false,22
725,1143,3426,1000,16995,6878.0,100812,70,1,1,1.0,1000,6,5,false,22
725,1144,3429,1000,17130,6886.0,105035,70,1,1,1.0,1000,6,5,false,22
725,1145,3432,1000,17133,6892.0,105051,70,1,1,1.0,1000,6,5,false,22
725,1146,3435,1000,17136,6898.0,105064,70,1,1,1.0,1000,6,5,false,22
725,1147,3438,1000,17182,6904.0,109290,70,1,1,1.0,1000,6,5,false,22
725,1148,3441,1000,17185,6910.0,109301,70,1,1,1.0,1000,6,5,false,22
725,1149,3444,1000,17188,6916.0,109315,70,1,1,1.0,1000,6,5,false,22
725,1151,3450,1000,17194,6928.0,109339,70,1,1,1.0,1000,6,5,false,22
725,1151,3450,1000,17194,6928.0,109339,70,1,1,1.0,1000,6,5,false,22
725,1152,3453,1000,17197,6934.0,109348,70,1,1,1.0,1000,6,5,false,22
725,1153,3456,1000,17200,6940.0,109364,70,1,1,1.0,1000,6,5,false,22
725,1154,3459,1000,17203,6946.0,109380,70,1,1,1.0,1000,6,5,false,22
725,1155,3462,1000,17206,6952.0,109387,70,1,1,1.0,1000,6,5,false,22
725,1156,3465,1000,17209,6958.0,109402,70,1,1,1.0,1000,6,5,false,22
725,1157,3468,1000,17212,6964.0,109414,70,1,1,1.0,1000,6,5,false,22
725,1158,3471,1000,17215,6970.0,109431,70,1,1,1.0,1000,6,5,false,22
725,1159,3474,1000,17218,6976.0,109445,70,1,1,1.0,1000,6,5,false,22
725,1160,3477,1000,17221,6982.0,109456,70,1,1,1.0,1000,6,5,false,22
725,1161,3480,1000,17224,6988.0,109469,70,1,1,1.0,1000,6,5,false,22
725,1162,3483,1000,17227,6994.0,109473,70,1,1,1.0,1000,6,5,false,22
725,1163,3486,1000,17230,7000.0,109484,70,1,1,1.0,1000,6,5,false,22
725,1164,3489,1000,17233,7006.0,109497,70,1,1,1.0,1000,6,5,false,22
725,1165,3492,1000,17236,7012.0,109504,70,1,1,1.0,1000,6,5,false,22
725,1166,3495,1000,17239,7018.0,109516,70,1,1,1.0,1000,6,5,false,22
725,1167,3498,1000,17242,7024.0,109528,70,1,1,1.0,1000,6,5,false,22
725,1168,3501,1000,17245,7030.0,109545,70,1,1,1.0,1000,6,5,false,22
725,1169,3504,1000,17248,7036.0,109560,70,1,1,1.0,1000,6,5,false,22
725,1170,3507,1000,17251,7042.0,109569,70,1,1,1.0,1000,6,5,false,22
725,1171,3510,1000,17254,7048.0,109583,70,1,1,1.0,1000,6,5,false,22
725,1172,3513,1000,17257,7054.0,109595,70,1,1,1.0,1000,6,5,false,22
725,1173,3516,1000,17260,7060.0,109606,70,1,1,1.0,1000,6,5,false,22
725,1174,3519,1000,17263,7066.0,109617,70,1,1,1.0,1000,6,5,false,22
725,1175,3522,1000,17266,7072.0,109634,70,1,1,1.0,1000,6,5,false,22
725,1176,3525,1000,17269,7078.0,109644,70,1,1,1.0,1000,6,5,false,22
725,1177,3528,1000,17272,7084.0,109660,70,1,1,1.0,1000,6,5,false,22
725,1178,3531,1000,17275,7090.0,109675,70,1,1,1.0,1000,6,5,false,22
725,1179,3534,1000,17278,7096.0,109685,70,1,1,1.0,1000,6,5,false,22
725,1180,3537,1000,17281,7102.0,109698,70,1,1,1.0,1000,6,5,false,22
725,1181,3540,1000,17284,7108.0,109712,70,1,1,1.0,1000,6,5,false,22
725,1182,3543,1000,17287,7114.0,109728,70,1,1,1.0,1000,6,5,false,22
725,1183,3546,1000,17290,7120.0,109739,70,1,1,1.0,1000,6,5,false,22
725,1184,3549,1000,17293,7126.0,109752,70,1,1,1.0,1000,6,5,false,22
725,1185,3552,1000,17296,7132.0,109766,70,1,1,1.0,1000,6,5,false,22
725,1186,3555,1000,17299,7138.0,109778,70,1,1,1.0,1000,6,5,false,22
725,1187,3558,1000,17302,7144.0,109787,70,1,1,1.0,1000,6,5,false,22
725,1188,3561,1000,17305,7150.0,109798,70,1,1,1.0,1000,6,5,false,22
725,1189,3564,1000,17308,7156.0,109811,70,1,1,1.0,1000,6,5,false,22
725,1190,3567,1000,17311,7162.0,109818,70,1,1,1.0,1000,6,5,false,22
725,1191,3570,1000,17314,7168.0,109831,70,1,1,1.0,1000,6,5,false,22
725,1192,3573,1000,17317,7174.0,109836,70,1,1,1.0,1000,6,5,false,22
725,1193,3576,1000,17320,7180.0,109853,70,1,1,1.0,1000,6,5,false,22
725,1194,3579,1000,17323,7186.0,109861,70,1,1,1.0,1000,6,5,false,22
725,1195,3582,1000,17326,7192.0,109870,70,1,1,1.0,1000,6,5,false,22
725,1196,3585,1000,17329,7198.0,109880,70,1,1,1.0,1000,6,5,false,22
725,1197,3588,1000,17332,7204.0,109892,70,1,1,1.0,1000,6,5,false,22
725,1198,3591,1000,17335,7210.0,109905,70,1,1,1.0,1000,6,5,false,22
725,1199,3594,1000,17338,7216.0,109918,70,1,1,1.0,1000,6,5,false,22
725,1200,3597,1000,17985,7224.0,114145,70,1,1,1.0,1000,6,5,false,22
725,1201,3600,1000,17988,7230.0,114155,70,1,1,1.0,1000,6,5,false,22
725,1202,3603,1000,17991,7236.0,114170,70,1,1,1.0,1000,6,5,false,22
725,1203,3606,1000,17994,7242.0,114187,70,1,1,1.0,1000,6,5,false,22
725,1204,3609,1000,17997,7248.0,114198,70,1,1,1.0,1000,6,5,false,22
725,1205,3611,1000,17999,7252.0,114203,70,1,1,1.0,1000,6,5,false,22
725,1206,3614,1000,18002,7258.0,114217,70,1,1,1.0,1000,6,5,false,22
725,1207,3617,1000,18085,7266.0,118445,70,1,1,1.0,1000,6,5,false,22
725,1208,3620,1000,18088,7272.0,118454,70,1,1,1.0,1000,6,5,false,22
725,1209,3623,1000,18091,7278.0,118461,70,1,1,1.0,1000,6,5,false,22
725,1210,3626,1000,18094,7284.0,118477,70,1,1,1.0,1000,6,5,false,22
725,1211,3629,1000,18097,7290.0,118490,70,1,1,1.0,1000,6,5,false,22
725,1212,3631,1000,18099,7294.0,118495,70,1,1,1.0,1000,6,5,false,22
725,1213,3634,1000,18158,7302.0,122721,70,1,1,1.0,1000,6,5,false,22
725,1214,3637,1000,18161,7308.0,122734,70,1,1,1.0,1000,6,5,false,22
725,1215,3640,1000,18164,7314.0,122748,70,1,1,1.0,1000,6,5,false,22
725,1216,3643,1000,18167,7320.0,122760,70,1,1,1.0,1000,6,5,false,22
725,1217,3646,1000,18170,7326.0,122768,70,1,1,1.0,1000,6,5,false,22
725,1218,3649,1000,18173,7332.0,122789,70,1,1,1.0,1000,6,5,false,22
725,1219,3652,1000,18176,7338.0,122801,70,1,1,1.0,1000,6,5,false,22
725,1220,3655,1000,18179,7344.0,122812,70,1,1,1.0,1000,6,5,false,22
725,1221,3658,1000,18182,7350.0,122826,70,1,1,1.0,1000,6,5,false,22
725,1222,3661,1000,18185,7356.0,122842,70,1,1,1.0,1000,6,5,false,22
725,1223,3664,1000,18188,7362.0,122855,70,1,1,1.0,1000,6,5,false,22
725,1224,3667,1000,18191,7368.0,122865,70,1,1,1.0,1000,6,5,false,22
725,1225,3670,1000,18194,7374.0,122878,70,1,1,1.0,1000,6,5,false,22
725,1226,3673,1000,18197,7380.0,122886,70,1,1,1.0,1000,6,5,false,22
725,1227,3676,1000,18200,7386.0,122894,70,1,1,1.0,1000,6,5,false,22
725,1228,3679,1000,18203,7392.0,122905,70,1,1,1.0,1000,6,5,false,22
725,1229,3682,1000,18206,7398.0,122918,70,1,1,1.0,1000,6,5,false,22
725,1230,3685,1000,18209,7404.0,122931,70,1,1,1.0,1000,6,5,false,22
725,1231,3688,1000,18212,7410.0,122946,70,1,1,1.0,1000,6,5,false,22
725,1232,3691,1000,18215,7416.0,122957,70,1,1,1.0,1000,6,5,false,22
725,1233,3694,1000,18218,7422.0,122970,70,1,1,1.0,1000,6,5,false,22
725,1234,3697,1000,18221,7428.0,122983,70,1,1,1.0,1000,6,5,false,22
725,1235,3700,1000,18224,7434.0,122999,70,1,1,1.0,1000,6,5,false,22
725,1236,3703,1000,18515,7442.0,127221,70,1,1,1.0,1000,6,5,false,22
725,1237,3706,1000,18518,7448.0,127234,70,1,1,1.0,1000,6,5,false,22
725,1238,3709,1000,18521,7454.0,127244,70,1,1,1.0,1000,6,5,false,22
725,1239,3712,1000,18524,7460.0,127262,70,1,1,1.0,1000,6,5,false,22
725,1240,3716,1000,18528,7468.0,127284,70,1,1,1.0,1000,6,5,false,22
725,1241,3719,1000,18531,7474.0,127296,70,1,1,1.0,1000,6,5,false,22
725,1242,3722,1000,18534,7480.0,127305,70,1,1,1.0,1000,6,5,false,22
725,1243,3725,1000,18537,7486.0,127310,70,1,1,1.0,1000,6,5,false,22
725,1244,3728,1000,18540,7492.0,127324,70,1,1,1.0,1000,6,5,false,22
725,1245,3731,1000,18543,7498.0,127340,70,1,1,1.0,1000,6,5,false,22
725,1246,3734,1000,18546,7504.0,127357,70,1,1,1.0,1000,6,5,false,22
725,1247,3737,1000,18549,7510.0,127366,70,1,1,1.0,1000,6,5,false,22
725,1248,3740,1000,18552,7516.0,127386,70,1,1,1.0,1000,6,5,false,22
725,1249,3743,1000,18555,7522.0,127400,70,1,1,1.0,1000,6,5,false,22
725,1250,3746,1000,18558,7528.0,127410,70,1,1,1.0,1000,6,5,false,22
725,1251,3749,1000,18561,7534.0,127425,70,1,1,1.0,1000,6,5,false,22
725,1252,3752,1000,18564,7540.0,127434,70,1,1,1.0,1000,6,5,false,22
725,1253,3755,1000,18567,7546.0,127447,70,1,1,1.0,1000,6,5,false,22
725,1254,3758,1000,18570,7552.0,127465,70,1,1,1.0,1000,6,5,false,22
725,1255,3761,1000,18573,7558.0,127483,70,1,1,1.0,1000,6,5,false,22
725,1256,3764,1000,18576,7564.0,127503,70,1,1,1.0,1000,6,5,false,22
725,1257,3767,1000,18579,7570.0,127518,70,1,1,1.0,1000,6,5,false,22
725,1258,3770,1000,18582,7576.0,127529,70,1,1,1.0,1000,6,5,false,22
725,1259,3773,1000,18585,7582.0,127541,70,1,1,1.0,1000,6,5,false,22
725,1260,3776,1000,18588,7588.0,127557,70,1,1,1.0,1000,6,5,false,22
725,1261,3779,1000,18591,7594.0,127570,70,1,1,1.0,1000,6,5,false,22
725,1262,3782,1000,18594,7600.0,127575,70,1,1,1.0,1000,6,5,false,22
725,1263,3785,1000,18597,7606.0,127592,70,1,1,1.0,1000,6,5,false,22
725,1264,3788,1000,18600,7612.0,127604,70,1,1,1.0,1000,6,5,false,22
725,1265,3790,1000,18602,7616.0,127611,70,1,1,1.0,1000,6,5,false,22
725,1266,3793,1000,18605,7622.0,127631,70,1,1,1.0,1000,6,5,false,22
725,1267,3796,1000,18608,7628.0,127640,70,1,1,1.0,1000,6,5,false,22
725,1268,3799,1000,18611,7634.0,127650,70,1,1,1.0,1000,6,5,false,22
725,1269,3802,1000,18614,7640.0,127660,70,1,1,1.0,1000,6,5,false,22
725,1270,3805,1000,18980,7646.0,131882,70,1,1,1.0,1000,6,5,false,22
725,1271,3808,1000,18983,7652.0,131893,70,1,1,1.0,1000,6,5,false,22
725,1272,3811,1000,18986,7658.0,131903,70,1,1,1.0,1000,6,5,false,22
725,1273,3814,1000,18989,7664.0,131917,70,1,1,1.0,1000,6,5,false,22
725,1274,3817,1000,18992,7670.0,131932,70,1,1,1.0,1000,6,5,false,22
725,1275,3820,1000,18995,7676.0,131942,70,1,1,1.0,1000,6,5,false,22
725,1277,3826,1000,19001,7688.0,131966,70,1,1,1.0,1000,6,5,false,22
725,1277,3826,1000,19001,7688.0,131966,70,1,1,1.0,1000,6,5,false,22
725,1278,3829,1000,19004,7694.0,131976,70,1,1,1.0,1000,6,5,false,22
725,1279,3832,1000,19007,7700.0,131990,70,1,1,1.0,1000,6,5,false,22
725,1280,3835,1000,19010,7706.0,132006,70,1,1,1.0,1000,6,5,false,22
725,1281,3838,1000,19013,7712.0,132020,70,1,1,1.0,1000,6,5,false,22
725,1282,3841,1000,19016,7718.0,132031,70,1,1,1.0,1000,6,5,false,22
725,1283,3844,1000,19019,7724.0,132051,70,1,1,1.0,1000,6,5,false,22
725,1284,3847,1000,19022,7730.0,132068,70,1,1,1.0,1000,6,5,false,22
725,1285,3850,1000,19025,7736.0,132079,70,1,1,1.0,1000,6,5,false,22
725,1286,3853,1000,19208,7744.0,136303,70,1,1,1.0,1000,6,5,false,22
725,1287,3856,1000,19211,7750.0,136313,70,1,1,1.0,1000,6,5,false,22
725,1288,3859,1000,19214,7756.0,136325,70,1,1,1.0,1000,6,5,false,22
725,1289,3862,1000,19217,7762.0,136335,70,1,1,1.0,1000,6,5,false,22
725,1290,3865,1000,19220,7768.0,136346,70,1,1,1.0,1000,6,5,false,22
725,1291,3868,1000,19223,7774.0,136361,70,1,1,1.0,1000,6,5,false,22
725,1292,3871,1000,19226,7780.0,136369,70,1,1,1.0,1000,6,5,false,22
725,1293,3874,1000,19229,7786.0,136381,70,1,1,1.0,1000,6,5,false,22
725,1294,3877,1000,19232,7792.0,136394,70,1,1,1.0,1000,6,5,false,22
725,1295,3880,1000,19235,7798.0,136404,70,1,1,1.0,1000,6,5,false,22
725,1296,3883,1000,19238,7804.0,136415,70,1,1,1.0,1000,6,5,false,22
725,1297,3886,1000,19241,7810.0,136437,70,1,1,1.0,1000,6,5,false,22
725,1298,3889,1000,19244,7816.0,136454,70,1,1,1.0,1000,6,5,false,22
725,1299,3892,1000,19247,7822.0,136468,70,1,1,1.0,1000,6,5,false,22
725,1300,3895,1000,19250,7828.0,136479,70,1,1,1.0,1000,6,5,false,22
725,1301,3898,1000,19253,7834.0,136497,70,1,1,1.0,1000,6,5,false,22
725,1302,3901,1000,19256,7840.0,136510,70,1,1,1.0,1000,6,5,false,22
725,1303,3904,1000,19259,7846.0,136517,70,1,1,1.0,1000,6,5,false,22
725,1304,3907,1000,19262,7852.0,136535,70,1,1,1.0,1000,6,5,false,22
725,1305,3910,1000,19265,7858.0,136552,70,1,1,1.0,1000,6,5,false,22
725,1306,3913,1000,19520,7866.0,140776,70,1,1,1.0,1000,6,5,false,22
725,1307,3916,1000,19523,7872.0,140790,70,1,1,1.0,1000,6,5,false,22
725,1308,3919,1000,19526,7878.0,140799,70,1,1,1.0,1000,6,5,false,22
725,1309,3922,1000,19529,7884.0,140814,70,1,1,1.0,1000,6,5,false,22
725,1310,3925,1000,19532,7890.0,140824,70,1,1,1.0,1000,6,5,false,22
725,1311,3928,1000,19535,7896.0,140837,70,1,1,1.0,1000,6,5,false,22
725,1312,3931,1000,19538,7902.0,140849,70,1,1,1.0,1000,6,5,false,22
725,1313,3934,1000,19541,7908.0,140858,70,1,1,1.0,1000,6,5,false,22
725,1314,3937,1000,19544,7914.0,140868,70,1,1,1.0,1000,6,5,false,22
725,1315,3940,1000,19547,7920.0,140882,70,1,1,1.0,1000,6,5,false,22
725,1316,3943,1000,19550,7926.0,140894,70,1,1,1.0,1000,6,5,false,22
725,1317,3946,1000,19553,7932.0,140904,70,1,1,1.0,1000,6,5,false,22
725,1318,3949,1000,19556,7938.0,140918,70,1,1,1.0,1000,6,5,false,22
725,1319,3952,1000,19559,7944.0,140932,70,1,1,1.0,1000,6,5,false,22
725,1320,3955,1000,19562,7950.0,140949,70,1,1,1.0,1000,6,5,false,22
725,1321,3958,1000,19565,7956.0,140956,70,1,1,1.0,1000,6,5,false,22
725,1322,3961,1000,19568,7962.0,140973,70,1,1,1.0,1000,6,5,false,22
725,1323,3963,1000,19570,7966.0,140979,70,1,1,1.0,1000,6,5,false,22
725,1324,3966,1000,19573,7972.0,140997,70,1,1,1.0,1000,6,5,false,22
725,1325,3969,1000,19576,7978.0,141006,70,1,1,1.0,1000,6,5,false,22
725,1326,3972,1000,19579,7984.0,141017,70,1,1,1.0,1000,6,5,false,22
725,1327,3975,1000,19582,7990.0,141030,70,1,1,1.0,1000,6,5,false,22
725,1328,3978,1000,19585,7996.0,141042,70,1,1,1.0,1000,6,5,false,22
725,1329,3981,1000,19588,8002.0,141060,70,1,1,1.0,1000,6,5,false,22
725,1330,3984,1000,19591,8008.0,141074,70,1,1,1.0,1000,6,5,false,22
725,1331,3987,1000,19594,8014.0,141091,70,1,1,1.0,1000,6,5,false,22
725,1332,3990,1000,19597,8020.0,141106,70,1,1,1.0,1000,6,5,false,22
725,1333,3993,1000,19600,8026.0,141116,70,1,1,1.0,1000,6,5,false,22
725,1334,3996,1000,19603,8032.0,141125,70,1,1,1.0,1000,6,5,false,22
725,1335,3999,1000,19606,8038.0,141136,70,1,1,1.0,1000,6,5,false,22
725,1336,4002,1000,19609,8044.0,141143,70,1,1,1.0,1000,6,5,false,22
725,1337,4005,1000,19612,8050.0,141155,70,1,1,1.0,1000,6,5,false,22
725,1338,4008,1000,19615,8056.0,141169,70,1,1,1.0,1000,6,5,false,22
725,1339,4011,1000,19618,8062.0,141180,70,1,1,1.0,1000,6,5,false,22
725,1340,4014,1000,19621,8068.0,141192,70,1,1,1.0,1000,6,5,false,22
725,1341,4017,1000,19624,8074.0,141206,70,1,1,1.0,1000,6,5,false,22
725,1342,4020,1000,19627,8080.0,141213,70,1,1,1.0,1000,6,5,false,22
725,1343,4023,1000,19630,8086.0,141225,70,1,1,1.0,1000,6,5,false,22
725,1344,4026,1000,19633,8092.0,141244,70,1,1,1.0,1000,6,5,false,22
725,1345,4029,1000,19636,8098.0,141257,70,1,1,1.0,1000,6,5,false,22
725,1346,4032,1000,19639,8104.0,141272,70,1,1,1.0,1000,6,5,false,22
725,1347,4035,1000,19642,8110.0,141287,70,1,1,1.0,1000,6,5,false,22
725,1348,4038,1000,19645,8116.0,141301,70,1,1,1.0,1000,6,5,false,22
725,1349,4041,1000,19648,8122.0,141321,70,1,1,1.0,1000,6,5,false,22
725,1350,4044,1000,19651,8128.0,141335,70,1,1,1.0,1000,6,5,false,22
725,1351,4047,1000,19654,8134.0,141351,70,1,1,1.0,1000,6,5,false,22
725,1352,4050,1000,19657,8140.0,141362,70,1,1,1.0,1000,6,5,false,22
725,1353,4053,1000,19660,8146.0,141375,70,1,1,1.0,1000,6,5,false,22
725,1354,4056,1000,19663,8152.0,141390,70,1,1,1.0,1000,6,5,false,22
725,1355,4059,1000,19666,8158.0,141397,70,1,1,1.0,1000,6,5,false,22
725,1356,4062,1000,19669,8164.0,141415,70,1,1,1.0,1000,6,5,false,22
725,1357,4065,1000,19672,8170.0,141422,70,1,1,1.0,1000,6,5,false,22
725,1358,4068,1000,19675,8176.0,141434,70,1,1,1.0,1000,6,5,false,22
725,1359,4071,1000,19678,8182.0,141453,70,1,1,1.0,1000,6,5,false,22
725,1360,4074,1000,19681,8188.0,141466,70,1,1,1.0,1000,6,5,false,22
725,1361,4077,1000,19684,8194.0,141481,70,1,1,1.0,1000,6,5,false,22
725,1362,4080,1000,19687,8200.0,141496,70,1,1,1.0,1000,6,5,false,22
725,1363,4083,1000,19690,8206.0,141508,70,1,1,1.0,1000,6,5,false,22
725,1364,4086,1000,19693,8212.0,141518,70,1,1,1.0,1000,6,5,false,22
725,1365,4089,1000,19696,8218.0,141533,70,1,1,1.0,1000,6,5,false,22
725,1366,4092,1000,19699,8224.0,141552,70,1,1,1.0,1000,6,5,false,22
725,1367,4094,1000,19701,8228.0,141559,70,1,1,1.0,1000,6,5,false,22
725,1368,4097,1000,19704,8234.0,141580,70,1,1,1.0,1000,6,5,false,22
725,1369,4100,1000,19707,8240.0,141589,70,1,1,1.0,1000,6,5,false,22
725,1370,4103,1000,19710,8246.0,141600,70,1,1,1.0,1000,6,5,false,22
725,1371,4106,1000,19713,8252.0,141618,70,1,1,1.0,1000,6,5,false,22
725,1372,4109,1000,20496,8258.0,145842,70,1,1,1.0,1000,6,5,false,22
725,1373,4112,1000,20499,8264.0,145855,70,1,1,1.0,1000,6,5,false,22
725,1374,4115,1000,20502,8270.0,145864,70,1,1,1.0,1000,6,5,false,22
725,1375,4118,1000,20540,8276.0,150092,70,1,1,1.0,1000,6,5,false,22
725,1376,4121,1000,20543,8282.0,150106,70,1,1,1.0,1000,6,5,false,22
725,1377,4124,1000,20546,8288.0,150116,70,1,1,1.0,1000,6,5,false,22
725,1378,4127,1000,20549,8294.0,150132,70,1,1,1.0,1000,6,5,false,22
725,1379,4130,1000,20552,8300.0,150148,70,1,1,1.0,1000,6,5,false,22
725,1380,4133,1000,20555,8306.0,150160,70,1,1,1.0,1000,6,5,false,22
725,1381,4136,1000,20558,8312.0,150174,70,1,1,1.0,1000,6,5,false,22
725,1382,4139,1000,20561,8318.0,150188,70,1,1,1.0,1000,6,5,false,22
725,1383,4142,1000,20564,8324.0,150200,70,1,1,1.0,1000,6,5,false,22
725,1384,4145,1000,20567,8330.0,150212,70,1,1,1.0,1000,6,5,false,22
725,1385,4148,1000,20570,8336.0,150221,70,1,1,1.0,1000,6,5,false,22
725,1386,4151,1000,20573,8342.0,150236,70,1,1,1.0,1000,6,5,false,22
725,1387,4154,1000,20576,8348.0,150255,70,1,1,1.0,1000,6,5,false,22
725,1388,4157,1000,20579,8354.0,150265,70,1,1,1.0,1000,6,5,false,22
725,1389,4160,1000,20582,8360.0,150282,70,1,1,1.0,1000,6,5,false,22
725,1390,4163,1000,20585,8366.0,150300,70,1,1,1.0,1000,6,5,false,22
725,1391,4166,1000,20588,8372.0,150305,70,1,1,1.0,1000,6,5,false,22
725,1392,4169,1000,20591,8378.0,150320,70,1,1,1.0,1000,6,5,false,22
725,1393,4172,1000,20594,8384.0,150328,70,1,1,1.0,1000,6,5,false,22
725,1394,4175,1000,20597,8390.0,150342,70,1,1,1.0,1000,6,5,false,22
725,1395,4178,1000,20600,8396.0,150353,70,1,1,1.0,1000,6,5,false,22
725,1396,4181,1000,20603,8402.0,150364,70,1,1,1.0,1000,6,5,false,22
725,1397,4184,1000,20606,8408.0,150372,70,1,1,1.0,1000,6,5,false,22
725,1399,4190,1000,20902,8420.0,154613,70,1,1,1.0,1000,6,5,false,22
