725,1,3,4,3,21.0,0,70,0,4,0.0,1000,6,5,true,87
725,2,6,7,6,42.0,0,70,0,4,0.0,1000,6,5,true,87
725,3,10,11,10,70.0,0,70,0,4,0.0,1000,6,5,true,87
725,4,13,14,13,91.0,0,70,0,4,0.0,1000,6,5,true,87
725,5,16,17,16,112.0,0,70,0,4,0.0,1000,6,5,true,87
725,6,19,19,19,133.0,0,70,0,4,0.0,1000,6,5,true,87
725,7,22,22,22,154.0,0,70,0,4,0.0,1000,6,5,true,87
725,8,25,25,25,175.0,0,70,0,4,0.0,1000,6,5,true,87
725,9,28,28,28,196.0,0,70,0,4,0.0,1000,6,5,true,87
725,10,31,30,31,217.0,0,70,0,4,0.0,1000,6,5,true,87
725,11,34,33,34,238.0,0,70,0,4,0.0,1000,6,5,true,87
725,12,37,36,37,259.0,0,70,0,4,0.0,1000,6,5,true,87
725,13,40,39,40,280.0,0,70,0,4,0.0,1000,6,5,true,87
725,14,43,42,43,301.0,0,70,0,4,0.0,1000,6,5,true,87
725,15,46,45,46,322.0,0,70,0,4,0.0,1000,6,5,true,87
725,16,49,47,49,343.0,0,70,0,4,0.0,1000,6,5,true,87
725,17,52,50,52,364.0,0,70,0,4,0.0,1000,6,5,true,87
725,18,55,53,55,385.0,0,70,0,4,0.0,1000,6,5,true,87
725,19,58,56,58,406.0,0,70,0,4,0.0,1000,6,5,true,87
725,20,61,58,61,427.0,0,70,0,4,0.0,1000,6,5,true,87
725,21,64,61,64,448.0,0,70,0,4,0.0,1000,6,5,true,87
725,22,67,64,67,469.0,0,70,0,4,0.0,1000,6,5,true,87
725,23,70,67,70,490.0,0,70,0,4,0.0,1000,6,5,true,87
725,24,73,70,73,511.0,0,70,0,4,0.0,1000,6,5,true,87
725,25,76,73,76,532.0,0,70,0,4,0.0,1000,6,5,true,87
725,26,79,251,317,564.0,5,70,0,4,0.0,1000,6,5,true,87
725,27,82,253,320,585.0,5,70,0,4,0.0,1000,6,5,true,87
725,28,85,254,323,606.0,5,70,0,4,0.0,1000,6,5,true,87
725,29,88,256,326,627.0,5,70,0,4,0.0,1000,6,5,true,87
725,30,91,259,329,648.0,5,70,0,4,0.0,1000,6,5,true,87
725,31,94,262,332,669.0,5,70,0,4,0.0,1000,6,5,true,87
725,32,97,264,335,690.0,5,70,0,4,0.0,1000,6,5,true,87
725,33,100,266,338,711.0,5,70,0,4,0.0,1000,6,5,true,87
725,34,103,269,341,732.0,5,70,0,4,0.0,1000,6,5,true,87
725,35,106,271,344,753.0,5,70,0,4,0.0,1000,6,5,true,87
725,36,109,274,347,774.0,5,70,0,4,0.0,1000,6,5,true,87
725,37,112,275,350,795.0,5,70,0,4,0.0,1000,6,5,true,87
725,39,118,281,356,837.0,6,70,0,4,0.0,1000,6,5,true,87
725,39,118,281,356,837.0,6,70,0,4,0.0,1000,6,5,true,87
725,40,121,284,359,858.0,6,70,0,4,0.0,1000,6,5,true,87
725,41,124,285,362,879.0,6,70,0,4,0.0,1000,6,5,true,87
725,42,127,288,365,900.0,6,70,0,4,0.0,1000,6,5,true,87
725,43,130,289,368,921.0,6,70,0,4,0.0,1000,6,5,true,87
725,44,133,291,371,942.0,6,70,0,4,0.0,1000,6,5,true,87
725,45,136,294,374,963.0,6,70,0,4,0.0,1000,6,5,true,87
725,46,139,297,377,984.0,6,70,0,4,0.0,1000,6,5,true,87
725,47,142,300,380,1005.0,6,70,0,4,0.0,1000,6,5,true,87
725,48,145,303,383,1026.0,6,70,0,4,0.0,1000,6,5,true,87
725,49,148,304,386,1047.0,6,70,0,4,0.0,1000,6,5,true,87
725,50,151,306,389,1068.0,6,70,0,4,0.0,1000,6,5,true,87
725,51,154,308,392,1089.0,6,70,0,4,0.0,1000,6,5,true,87
725,52,157,311,395,1110.0,6,70,0,4,0.0,1000,6,5,true,87
725,53,160,313,398,1131.0,6,70,0,4,0.0,1000,6,5,true,87
725,54,163,314,401,1152.0,6,70,0,4,0.0,1000,6,5,true,87
725,55,166,317,404,1173.0,6,70,0,4,0.0,1000,6,5,true,87
725,56,169,320,407,1194.0,6,70,0,4,0.0,1000,6,5,true,87
725,57,172,322,410,1215.0,6,70,0,4,0.0,1000,6,5,true,87
725,58,175,324,413,1236.0,6,70,0,4,0.0,1000,6,5,true,87
725,59,178,326,416,1257.0,6,70,0,4,0.0,1000,6,5,true,87
725,60,181,328,419,1278.0,6,70,0,4,0.0,1000,6,5,true,87
725,61,184,331,422,1299.0,6,70,0,4,0.0,1000,6,5,true,87
725,62,187,481,924,1322.0,7,70,0,4,0.0,1000,6,5,true,87
725,63,190,482,927,1343.0,7,70,0,4,0.0,1000,6,5,true,87
725,64,193,483,930,1364.0,7,70,0,4,0.0,1000,6,5,true,87
725,65,196,485,933,1385.0,7,70,0,4,0.0,1000,6,5,true,87
725,66,199,486,936,1406.0,7,70,0,4,0.0,1000,6,5,true,87
725,67,202,489,939,1427.0,7,70,0,4,0.0,1000,6,5,true,87
725,68,205,489,942,1448.0,7,70,0,4,0.0,1000,6,5,true,87
725,69,208,491,945,1469.0,7,70,0,4,0.0,1000,6,5,true,87
725,70,211,493,948,1490.0,7,70,0,4,0.0,1000,6,5,true,87
725,71,214,494,951,1511.0,7,70,0,4,0.0,1000,6,5,true,87
725,72,217,497,954,1532.0,7,70,0,4,0.0,1000,6,5,true,87
725,73,220,498,957,1553.0,7,70,0,4,0.0,1000,6,5,true,87
725,74,223,500,960,1574.0,7,70,0,4,0.0,1000,6,5,true,87
725,75,226,502,963,1595.0,7,70,0,4,0.0,1000,6,5,true,87
725,76,229,502,966,1616.0,7,70,0,4,0.0,1000,6,5,true,87
725,77,232,504,969,1637.0,7,70,0,4,0.0,1000,6,5,true,87
725,78,235,505,972,1658.0,7,70,0,4,0.0,1000,6,5,true,87
725,79,238,507,975,1679.0,7,70,0,4,0.0,1000,6,5,true,87
725,80,241,509,978,1700.0,7,70,0,4,0.0,1000,6,5,true,87
725,81,244,510,981,1721.0,7,70,0,4,0.0,1000,6,5,true,87
725,82,247,513,984,1742.0,7,70,0,4,0.0,1000,6,5,true,87
725,83,250,515,987,1763.0,7,70,0,4,0.0,1000,6,5,true,87
725,84,253,516,990,1784.0,7,70,0,4,0.0,1000,6,5,true,87
725,85,256,517,993,1805.0,7,70,0,4,0.0,1000,6,5,true,87
725,86,259,518,996,1826.0,7,70,0,4,0.0,1000,6,5,true,87
725,87,262,521,999,1847.0,7,70,0,4,0.0,1000,6,5,true,87
725,88,265,522,1002,1868.0,7,70,0,4,0.0,1000,6,5,true,87
725,89,268,523,1005,1889.0,8,70,0,4,0.0,1000,6,5,true,87
725,90,271,524,1008,1910.0,8,70,0,4,0.0,1000,6,5,true,87
725,91,274,526,1011,1931.0,8,70,0,4,0.0,1000,6,5,true,87
725,92,277,529,1014,1952.0,8,70,0,4,0.0,1000,6,5,true,87
725,93,280,532,1017,1973.0,8,70,0,4,0.0,1000,6,5,true,87
725,94,283,533,1020,1994.0,8,70,0,4,0.0,1000,6,5,true,87
725,95,286,535,1023,2015.0,8,70,0,4,0.0,1000,6,5,true,87
725,96,289,536,1026,2036.0,8,70,0,4,0.0,1000,6,5,true,87
725,97,292,538,1029,2057.0,8,70,0,4,0.0,1000,6,5,true,87
725,98,295,539,1032,2078.0,8,70,0,4,0.0,1000,6,5,true,87
725,99,298,540,1035,2099.0,8,70,0,4,0.0,1000,6,5,true,87
725,100,301,541,1038,2120.0,8,70,0,4,0.0,1000,6,5,true,87
725,101,304,543,1041,2141.0,8,70,0,4,0.0,1000,6,5,true,87
725,102,307,543,1044,2162.0,8,70,0,4,0.0,1000,6,5,true,87
725,103,310,543,1047,2183.0,9,70,0,4,0.0,1000,6,5,true,87
725,104,313,544,1050,2204.0,9,70,0,4,0.0,1000,6,5,true,87
725,105,316,546,1053,2225.0,9,70,0,4,0.0,1000,6,5,true,87
725,106,319,548,1056,2246.0,9,70,0,4,0.0,1000,6,5,true,87
725,107,322,550,1059,2267.0,9,70,0,4,0.0,1000,6,5,true,87
725,108,325,552,1062,2288.0,9,70,0,4,0.0,1000,6,5,true,87
725,109,328,553,1065,2309.0,9,70,0,4,0.0,1000,6,5,true,87
725,110,331,555,1068,2330.0,9,70,0,4,0.0,1000,6,5,true,87
725,111,334,558,1071,2351.0,9,70,0,4,0.0,1000,6,5,true,87
725,112,337,559,1074,2372.0,9,70,0,4,0.0,1000,6,5,true,87
725,113,340,561,1077,2393.0,9,70,0,4,0.0,1000,6,5,true,87
725,114,343,562,1080,2414.0,9,70,0,4,0.0,1000,6,5,true,87
725,115,346,564,1083,2435.0,9,70,0,4,0.0,1000,6,5,true,87
725,116,349,565,1086,2456.0,9,70,0,4,0.0,1000,6,5,true,87
725,117,352,566,1089,2477.0,9,70,0,4,0.0,1000,6,5,true,87
725,118,355,567,1092,2498.0,9,70,0,4,0.0,1000,6,5,true,87
725,119,358,568,1095,2519.0,9,70,0,4,0.0,1000,6,5,true,87
725,120,361,569,1098,2540.0,9,70,0,4,0.0,1000,6,5,true,87
725,121,364,570,1101,2561.0,9,70,0,4,0.0,1000,6,5,true,87
725,122,367,572,1104,2582.0,9,70,0,4,0.0,1000,6,5,true,87
725,123,370,572,1107,2603.0,9,70,0,4,0.0,1000,6,5,true,87
725,124,373,572,1110,2624.0,9,70,0,4,0.0,1000,6,5,true,87
725,125,376,574,1113,2645.0,9,70,0,4,0.0,1000,6,5,true,87
725,126,379,577,1116,2666.0,9,70,0,4,0.0,1000,6,5,true,87
725,127,381,578,1118,2680.0,9,70,0,4,0.0,1000,6,5,true,87
725,128,384,579,1121,2701.0,9,70,0,4,0.0,1000,6,5,true,87
725,129,387,581,1124,2722.0,9,70,0,4,0.0,1000,6,5,true,87
725,130,390,583,1127,2743.0,9,70,0,4,0.0,1000,6,5,true,87
725,131,393,583,1130,2764.0,9,70,0,4,0.0,1000,6,5,true,87
725,132,396,584,1133,2785.0,9,70,0,4,0.0,1000,6,5,true,87
725,133,399,584,1136,2806.0,9,70,0,4,0.0,1000,6,5,true,87
725,134,402,586,1139,2827.0,9,70,0,4,0.0,1000,6,5,true,87
725,135,405,586,1142,2848.0,9,70,0,4,0.0,1000,6,5,true,87
725,136,408,587,1145,2869.0,9,70,0,4,0.0,1000,6,5,true,87
725,137,411,589,1148,2890.0,9,70,0,4,0.0,1000,6,5,true,87
725,138,414,590,1151,2911.0,9,70,0,4,0.0,1000,6,5,true,87
725,139,417,592,1154,2932.0,9,70,0,4,0.0,1000,6,5,true,87
725,140,420,593,1157,2953.0,9,70,0,4,0.0,1000,6,5,true,87
725,141,423,594,1160,2974.0,9,70,0,4,0.0,1000,6,5,true,87
725,142,426,594,1163,2995.0,9,70,0,4,0.0,1000,6,5,true,87
725,143,429,595,1166,3016.0,9,70,0,4,0.0,1000,6,5,true,87
725,144,432,596,1169,3037.0,9,70,0,4,0.0,1000,6,5,true,87
725,145,435,598,1172,3058.0,9,70,0,4,0.0,1000,6,5,true,87
725,146,438,599,1175,3079.0,9,70,0,4,0.0,1000,6,5,true,87
725,147,441,601,1178,3100.0,9,70,0,4,0.0,1000,6,5,true,87
725,148,444,602,1181,3121.0,9,70,0,4,0.0,1000,6,5,true,87
725,149,447,604,1184,3142.0,9,70,0,4,0.0,1000,6,5,true,87
725,150,450,605,1187,3163.0,9,70,0,4,0.0,1000,6,5,true,87
725,151,453,606,1190,3184.0,9,70,0,4,0.0,1000,6,5,true,87
725,152,456,607,1193,3205.0,9,70,0,4,0.0,1000,6,5,true,87
725,153,459,608,1196,3226.0,9,70,0,4,0.0,1000,6,5,true,87
725,154,462,609,1199,3247.0,9,70,0,4,0.0,1000,6,5,true,87
725,155,465,610,1202,3268.0,9,70,0,4,0.0,1000,6,5,true,87
725,156,468,611,1205,3289.0,9,70,0,4,0.0,1000,6,5,true,87
725,157,471,885,2345,3311.0,10,70,0,4,0.0,1000,6,5,true,87
725,158,474,885,2348,3332.0,11,70,0,4,0.0,1000,6,5,true,87
725,159,477,885,2351,3353.0,11,70,0,4,0.0,1000,6,5,true,87
725,160,480,885,2354,3374.0,11,70,0,4,0.0,1000,6,5,true,87
725,161,483,885,2357,3395.0,11,70,0,4,0.0,1000,6,5,true,87
725,162,486,886,2360,3416.0,11,70,0,4,0.0,1000,6,5,true,87
725,163,489,887,2363,3437.0,11,70,0,4,0.0,1000,6,5,true,87
725,164,492,887,2366,3458.0,11,70,0,4,0.0,1000,6,5,true,87
725,165,495,888,2369,3479.0,11,70,0,4,0.0,1000,6,5,true,87
725,166,498,889,2372,3500.0,11,70,0,4,0.0,1000,6,5,true,87
725,167,501,889,2375,3521.0,11,70,0,4,0.0,1000,6,5,true,87
725,168,504,889,2378,3542.0,11,70,0,4,0.0,1000,6,5,true,87
725,169,507,889,2381,3563.0,12,70,0,4,0.0,1000,6,5,true,87
725,170,510,889,2384,3584.0,12,70,0,4,0.0,1000,6,5,true,87
725,171,513,889,2387,3605.0,12,70,0,4,0.0,1000,6,5,true,87
725,172,516,890,2390,3626.0,12,70,0,4,0.0,1000,6,5,true,87
725,173,519,891,2393,3647.0,12,70,0,4,0.0,1000,6,5,true,87
725,174,522,892,2396,3668.0,12,70,0,4,0.0,1000,6,5,true,87
725,175,525,893,2399,3689.0,12,70,0,4,0.0,1000,6,5,true,87
725,176,528,894,2402,3710.0,12,70,0,4,0.0,1000,6,5,true,87
725,177,531,894,2405,3731.0,12,70,0,4,0.0,1000,6,5,true,87
725,178,534,894,2408,3752.0,12,70,0,4,0.0,1000,6,5,true,87
725,179,537,894,2411,3773.0,12,70,0,4,0.0,1000,6,5,true,87
725,180,540,894,2414,3794.0,12,70,0,4,0.0,1000,6,5,true,87
725,181,543,895,2417,3815.0,12,70,0,4,0.0,1000,6,5,true,87
725,182,546,895,2420,3836.0,12,70,0,4,0.0,1000,6,5,true,87
725,183,549,895,2423,3857.0,12,70,0,4,0.0,1000,6,5,true,87
725,184,552,895,2426,3878.0,12,70,0,4,0.0,1000,6,5,true,87
725,185,555,895,2429,3899.0,12,70,0,4,0.0,1000,6,5,true,87
725,186,558,895,2432,3920.0,12,70,0,4,0.0,1000,6,5,true,87
725,187,561,895,2435,3941.0,12,70,0,4,0.0,1000,6,5,true,87
725,188,564,911,2798,3970.0,13,70,0,4,0.0,1000,6,5,true,87
725,189,567,911,2801,3991.0,13,70,0,4,0.0,1000,6,5,true,87
725,190,570,920,2828,4019.0,13,70,0,4,0.0,1000,6,5,true,87
725,191,573,920,2831,4040.0,13,70,0,4,0.0,1000,6,5,true,87
725,192,576,920,2834,4061.0,13,70,0,4,0.0,1000,6,5,true,87
725,193,579,920,2837,4082.0,13,70,0,4,0.0,1000,6,5,true,87
725,194,582,920,2840,4103.0,13,70,0,4,0.0,1000,6,5,true,87
725,195,585,920,2843,4124.0,13,70,0,4,0.0,1000,6,5,true,87
725,196,588,920,2846,4145.0,14,70,0,4,0.0,1000,6,5,true,87
725,197,591,920,2849,4166.0,14,70,0,4,0.0,1000,6,5,true,87
725,198,594,920,2852,4187.0,14,70,0,4,0.0,1000,6,5,true,87
725,199,597,920,2855,4208.0,14,70,0,4,0.0,1000,6,5,true,87
725,200,600,920,2858,4229.0,14,70,0,4,0.0,1000,6,5,true,87
725,201,603,921,2861,4250.0,14,70,0,4,0.0,1000,6,5,true,87
725,202,606,922,2864,4271.0,14,70,0,4,0.0,1000,6,5,true,87
725,203,609,924,2867,4292.0,14,70,0,4,0.0,1000,6,5,true,87
725,204,612,924,2870,4313.0,14,70,0,4,0.0,1000,6,5,true,87
725,205,615,924,2873,4334.0,14,70,0,4,0.0,1000,6,5,true,87
725,206,618,925,2876,4355.0,14,70,0,4,0.0,1000,6,5,true,87
725,207,621,925,2879,4376.0,14,70,0,4,0.0,1000,6,5,true,87
725,208,624,925,2882,4397.0,14,70,0,4,0.0,1000,6,5,true,87
725,209,627,926,2885,4418.0,14,70,0,4,0.0,1000,6,5,true,87
725,210,629,926,2887,4432.0,14,70,0,4,0.0,1000,6,5,true,87
725,211,632,926,2890,4453.0,14,70,0,4,0.0,1000,6,5,true,87
725,212,635,926,2893,4474.0,14,70,0,4,0.0,1000,6,5,true,87
725,213,638,927,2896,4495.0,14,70,0,4,0.0,1000,6,5,true,87
725,214,641,927,2899,4516.0,14,70,0,4,0.0,1000,6,5,true,87
725,215,644,927,2902,4537.0,14,70,0,4,0.0,1000,6,5,true,87
725,216,647,928,2905,4558.0,14,70,0,4,0.0,1000,6,5,true,87
725,217,650,928,2908,4579.0,14,70,0,4,0.0,1000,6,5,true,87
725,218,653,928,2911,4600.0,14,70,0,4,0.0,1000,6,5,true,87
725,219,656,937,3271,4621.0,14,70,0,4,0.0,1000,6,5,true,87
725,220,659,937,3274,4642.0,14,70,0,4,0.0,1000,6,5,true,87
725,221,662,937,3277,4663.0,14,70,0,4,0.0,1000,6,5,true,87
725,222,665,937,3280,4684.0,14,70,0,4,0.0,1000,6,5,true,87
725,223,668,937,3283,4705.0,14,70,0,4,0.0,1000,6,5,true,87
725,224,671,937,3286,4726.0,14,70,0,4,0.0,1000,6,5,true,87
725,225,674,937,3289,4747.0,14,70,0,4,0.0,1000,6,5,true,87
725,226,677,937,3292,4768.0,14,70,0,4,0.0,1000,6,5,true,87
725,227,680,937,3295,4789.0,14,70,0,4,0.0,1000,6,5,true,87
725,228,683,937,3298,4810.0,14,70,0,4,0.0,1000,6,5,true,87
725,229,686,938,3301,4831.0,14,70,0,4,0.0,1000,6,5,true,87
725,230,689,938,3304,4852.0,14,70,0,4,0.0,1000,6,5,true,87
725,231,692,938,3307,4873.0,14,70,0,4,0.0,1000,6,5,true,87
725,232,695,939,3310,4894.0,14,70,0,4,0.0,1000,6,5,true,87
725,233,698,939,3313,4915.0,14,70,0,4,0.0,1000,6,5,true,87
725,234,701,939,3316,4936.0,14,70,0,4,0.0,1000,6,5,true,87
725,235,704,939,3319,4957.0,14,70,0,4,0.0,1000,6,5,true,87
725,236,707,939,3322,4978.0,14,70,0,4,0.0,1000,6,5,true,87
725,237,710,939,3325,4999.0,14,70,0,4,0.0,1000,6,5,true,87
725,238,713,939,3328,5020.0,14,70,0,4,0.0,1000,6,5,true,87
725,239,716,940,3331,5041.0,14,70,0,4,0.0,1000,6,5,true,87
725,240,719,940,3334,5062.0,14,70,0,4,0.0,1000,6,5,true,87
725,241,722,940,3337,5083.0,14,70,0,4,0.0,1000,6,5,true,87
725,242,725,941,3340,5104.0,14,70,0,4,0.0,1000,6,5,true,87
725,243,728,942,3343,5125.0,14,70,0,4,0.0,1000,6,5,true,87
725,244,731,942,3346,5146.0,14,70,0,4,0.0,1000,6,5,true,87
725,245,734,942,3349,5167.0,14,70,0,4,0.0,1000,6,5,true,87
725,246,737,943,3352,5188.0,14,70,0,4,0.0,1000,6,5,true,87
725,247,740,943,3355,5209.0,14,70,0,4,0.0,1000,6,5,true,87
725,248,743,943,3358,5230.0,14,70,0,4,0.0,1000,6,5,true,87
725,249,746,943,3361,5251.0,14,70,0,4,0.0,1000,6,5,true,87
725,250,749,943,3364,5272.0,14,70,0,4,0.0,1000,6,5,true,87
725,251,752,943,3367,5293.0,14,70,0,4,0.0,1000,6,5,true,87
725,252,755,944,3370,5314.0,14,70,0,4,0.0,1000,6,5,true,87
725,253,758,944,3373,5335.0,14,70,0,4,0.0,1000,6,5,true,87
725,254,761,945,3376,5356.0,14,70,0,4,0.0,1000,6,5,true,87
725,255,764,945,3379,5377.0,14,70,0,4,0.0,1000,6,5,true,87
725,256,767,945,3382,5398.0,14,70,0,4,0.0,1000,6,5,true,87
725,257,770,945,3385,5419.0,14,70,0,4,0.0,1000,6,5,true,87
725,258,773,946,3388,5440.0,14,70,0,4,0.0,1000,6,5,true,87
725,259,776,946,3391,5461.0,14,70,0,4,0.0,1000,6,5,true,87
725,260,779,946,3394,5482.0,14,70,0,4,0.0,1000,6,5,true,87
725,261,782,947,3397,5503.0,14,70,0,4,0.0,1000,6,5,true,87
725,262,785,947,3400,5524.0,14,70,0,4,0.0,1000,6,5,true,87
725,263,788,947,3403,5545.0,14,70,0,4,0.0,1000,6,5,true,87
725,264,791,947,3406,5566.0,15,70,0,4,0.0,1000,6,5,true,87
725,265,794,947,3409,5587.0,15,70,0,4,0.0,1000,6,5,true,87
725,266,797,947,3412,5608.0,15,70,0,4,0.0,1000,6,5,true,87
725,267,800,947,3415,5629.0,15,70,0,4,0.0,1000,6,5,true,87
725,268,803,947,3418,5650.0,15,70,0,4,0.0,1000,6,5,true,87
725,269,806,947,3421,5671.0,15,70,0,4,0.0,1000,6,5,true,87
725,270,809,948,3424,5692.0,15,70,0,4,0.0,1000,6,5,true,87
725,271,812,948,3427,5713.0,15,70,0,4,0.0,1000,6,5,true,87
725,272,815,948,3430,5734.0,15,70,0,4,0.0,1000,6,5,true,87
725,273,818,948,3433,5755.0,15,70,0,4,0.0,1000,6,5,true,87
725,274,821,948,3436,5776.0,15,70,0,4,0.0,1000,6,5,true,87
725,275,824,948,3439,5797.0,15,70,0,4,0.0,1000,6,5,true,87
725,276,827,948,3442,5818.0,15,70,0,4,0.0,1000,6,5,true,87
725,277,830,948,3445,5839.0,16,70,0,4,0.0,1000,6,5,true,87
725,278,833,948,3448,5860.0,16,70,0,4,0.0,1000,6,5,true,87
725,279,836,949,3451,5881.0,16,70,0,4,0.0,1000,6,5,true,87
725,280,839,949,3454,5902.0,16,70,0,4,0.0,1000,6,5,true,87
725,281,842,949,3457,5923.0,16,70,0,4,0.0,1000,6,5,true,87
725,282,845,950,3460,5944.0,16,70,0,4,0.0,1000,6,5,true,87
725,283,848,950,3463,5965.0,16,70,0,4,0.0,1000,6,5,true,87
725,284,851,950,3466,5986.0,16,70,0,4,0.0,1000,6,5,true,87
725,285,854,950,3469,6007.0,16,70,0,4,0.0,1000,6,5,true,87
725,286,857,950,3472,6028.0,16,70,0,4,0.0,1000,6,5,true,87
725,287,860,951,3475,6049.0,16,70,0,4,0.0,1000,6,5,true,87
725,288,863,966,4298,6077.0,16,70,0,4,0.0,1000,6,5,true,87
725,289,866,966,4301,6098.0,16,70,0,4,0.0,1000,6,5,true,87
725,290,869,966,4304,6119.0,16,70,0,4,0.0,1000,6,5,true,87
725,291,872,966,4307,6140.0,16,70,0,4,0.0,1000,6,5,true,87
725,292,875,966,4310,6161.0,16,70,0,4,0.0,1000,6,5,true,87
725,293,878,966,4313,6182.0,16,70,0,4,0.0,1000,6,5,true,87
725,294,881,967,4316,6203.0,16,70,0,4,0.0,1000,6,5,true,87
725,295,884,967,4319,6224.0,16,70,0,4,0.0,1000,6,5,true,87
725,296,887,979,4430,6253.0,17,70,0,4,0.0,1000,6,5,true,87
725,297,890,979,4433,6274.0,17,70,4,4,1.0,1000,6,5,true,87
725,298,893,979,4436,6295.0,17,70,4,4,1.0,1000,6,5,true,87
725,299,896,979,4439,6316.0,17,70,4,4,1.0,1000,6,5,true,87
725,300,899,979,4442,6337.0,17,70,4,4,1.0,1000,6,5,true,87
725,301,902,979,4445,6358.0,17,70,4,4,1.0,1000,6,5,true,87
725,302,905,979,4448,6379.0,17,70,4,4,1.0,1000,6,5,true,87
725,303,908,979,4451,6400.0,17,70,4,4,1.0,1000,6,5,true,87
725,304,911,979,4454,6421.0,17,70,4,4,1.0,1000,6,5,true,87
725,305,914,979,4457,6442.0,17,70,4,4,1.0,1000,6,5,true,87
725,306,917,979,4460,6463.0,17,70,4,4,1.0,1000,6,5,true,87
725,307,920,979,4463,6484.0,17,70,4,4,1.0,1000,6,5,true,87
725,308,923,979,4466,6505.0,17,70,4,4,1.0,1000,6,5,true,87
725,309,926,979,4469,6526.0,17,70,4,4,1.0,1000,6,5,true,87
725,310,929,979,4472,6547.0,17,70,4,4,1.0,1000,6,5,true,87
725,311,932,979,4641,6569.0,17,70,4,4,1.0,1000,6,5,true,87
725,312,935,979,4644,6590.0,17,70,4,4,1.0,1000,6,5,true,87
725,313,938,979,4647,6611.0,17,70,4,4,1.0,1000,6,5,true,87
725,314,941,979,4650,6632.0,17,70,4,4,1.0,1000,6,5,true,87
725,315,944,980,4653,6653.0,17,70,4,4,1.0,1000,6,5,true,87
725,316,947,980,4656,6674.0,17,70,4,4,1.0,1000,6,5,true,87
725,317,950,980,4659,6695.0,17,70,4,4,1.0,1000,6,5,true,87
725,318,953,980,4662,6716.0,17,70,4,4,1.0,1000,6,5,true,87
725,319,956,980,4665,6737.0,17,70,4,4,1.0,1000,6,5,true,87
725,320,959,980,4668,6758.0,17,70,4,4,1.0,1000,6,5,true,87
725,321,962,980,4671,6779.0,17,70,4,4,1.0,1000,6,5,true,87
725,322,965,980,4674,6800.0,18,70,4,4,1.0,1000,6,5,true,87
725,323,968,980,4677,6821.0,18,70,4,4,1.0,1000,6,5,true,87
725,324,971,980,4680,6842.0,18,70,4,4,1.0,1000,6,5,true,87
725,325,974,980,4683,6863.0,18,70,4,4,1.0,1000,6,5,true,87
725,326,977,981,4686,6884.0,18,70,4,4,1.0,1000,6,5,true,87
725,327,979,981,4688,6898.0,18,70,4,4,1.0,1000,6,5,true,87
725,328,982,981,4691,6919.0,18,70,4,4,1.0,1000,6,5,true,87
725,329,985,981,4694,6940.0,18,70,4,4,1.0,1000,6,5,true,87
725,330,988,981,4697,6961.0,18,70,4,4,1.0,1000,6,5,true,87
725,331,992,981,4701,6989.0,18,70,4,4,1.0,1000,6,5,true,87
725,332,995,981,4704,7010.0,18,70,4,4,1.0,1000,6,5,true,87
725,333,998,981,4707,7031.0,18,70,4,4,1.0,1000,6,5,true,87
725,334,1001,981,4710,7052.0,18,70,4,4,1.0,1000,6,5,true,87
725,335,1004,981,4713,7073.0,18,70,4,4,1.0,1000,6,5,true,87
725,336,1007,981,4716,7094.0,18,70,4,4,1.0,1000,6,5,true,87
725,337,1010,981,4719,7115.0,18,70,4,4,1.0,1000,6,5,true,87
725,338,1013,981,4722,7136.0,18,70,4,4,1.0,1000,6,5,true,87
725,339,1016,981,4725,7157.0,18,70,4,4,1.0,1000,6,5,true,87
725,340,1019,981,4728,7178.0,18,70,4,4,1.0,1000,6,5,true,87
725,341,1022,981,4731,7199.0,18,70,4,4,1.0,1000,6,5,true,87
725,342,1025,981,4734,7220.0,18,70,4,4,1.0,1000,6,5,true,87
725,343,1028,981,4737,7241.0,19,70,4,4,1.0,1000,6,5,true,87
725,344,1031,981,4740,7262.0,19,70,4,4,1.0,1000,6,5,true,87
725,345,1034,982,4743,7283.0,19,70,4,4,1.0,1000,6,5,true,87
725,346,1037,982,4746,7304.0,19,70,4,4,1.0,1000,6,5,true,87
725,347,1040,982,4749,7325.0,19,70,4,4,1.0,1000,6,5,true,87
725,348,1043,982,4752,7346.0,19,70,4,4,1.0,1000,6,5,true,87
725,349,1046,982,4755,7367.0,19,70,4,4,1.0,1000,6,5,true,87
725,350,1049,982,4758,7388.0,19,70,4,4,1.0,1000,6,5,true,87
725,351,1052,982,4761,7409.0,19,70,4,4,1.0,1000,6,5,true,87
725,352,1055,983,4764,7430.0,19,70,4,4,1.0,1000,6,5,true,87
725,353,1058,983,4767,7451.0,19,70,4,4,1.0,1000,6,5,true,87
725,354,1061,983,4770,7472.0,19,70,4,4,1.0,1000,6,5,true,87
725,355,1064,983,4773,7493.0,19,70,4,4,1.0,1000,6,5,true,87
725,356,1067,983,4776,7514.0,19,70,4,4,1.0,1000,6,5,true,87
725,357,1071,983,4780,7542.0,19,70,4,4,1.0,1000,6,5,true,87
725,358,1074,983,4783,7563.0,19,70,4,4,1.0,1000,6,5,true,87
725,359,1077,983,4786,7584.0,19,70,4,4,1.0,1000,6,5,true,87
725,360,1080,983,4789,7605.0,19,70,4,4,1.0,1000,6,5,true,87
725,361,1083,983,4792,7626.0,19,70,4,4,1.0,1000,6,5,true,87
725,362,1086,983,4795,7647.0,19,70,4,4,1.0,1000,6,5,true,87
725,363,1089,983,4798,7668.0,19,70,4,4,1.0,1000,6,5,true,87
725,364,1092,983,4801,7689.0,19,70,4,4,1.0,1000,6,5,true,87
725,365,1095,983,4804,7710.0,19,70,4,4,1.0,1000,6,5,true,87
725,366,1098,983,4807,7731.0,19,70,4,4,1.0,1000,6,5,true,87
725,367,1101,983,4810,7752.0,19,70,4,4,1.0,1000,6,5,true,87
725,368,1104,983,4813,7773.0,19,70,4,4,1.0,1000,6,5,true,87
725,369,1107,983,4816,7794.0,19,70,4,4,1.0,1000,6,5,true,87
725,370,1110,984,4819,7815.0,19,70,4,4,1.0,1000,6,5,true,87
725,371,1113,985,4822,7836.0,19,70,4,4,1.0,1000,6,5,true,87
725,372,1116,985,4825,7857.0,19,70,4,4,1.0,1000,6,5,true,87
725,373,1119,985,4828,7878.0,19,70,4,4,1.0,1000,6,5,true,87
725,374,1122,985,4831,7899.0,19,70,4,4,1.0,1000,6,5,true,87
725,375,1125,985,4834,7920.0,19,70,4,4,1.0,1000,6,5,true,87
725,376,1128,985,4837,7941.0,19,70,4,4,1.0,1000,6,5,true,87
725,377,1131,985,4840,7962.0,19,70,4,4,1.0,1000,6,5,true,87
725,378,1134,985,4843,7983.0,19,70,4,4,1.0,1000,6,5,true,87
725,379,1137,985,4846,8004.0,19,70,4,4,1.0,1000,6,5,true,87
725,380,1140,986,4849,8025.0,19,70,4,4,1.0,1000,6,5,true,87
725,381,1143,987,4852,8046.0,19,70,4,4,1.0,1000,6,5,true,87
725,382,1146,987,4855,8067.0,19,70,4,4,1.0,1000,6,5,true,87
725,383,1149,987,4858,8088.0,19,70,4,4,1.0,1000,6,5,true,87
725,384,1152,987,4861,8109.0,19,70,4,4,1.0,1000,6,5,true,87
725,385,1155,987,4864,8130.0,19,70,4,4,1.0,1000,6,5,true,87
725,386,1158,987,4867,8151.0,19,70,4,4,1.0,1000,6,5,true,87
725,387,1161,987,4870,8172.0,19,70,4,4,1.0,1000,6,5,true,87
725,388,1164,987,4873,8193.0,19,70,4,4,1.0,1000,6,5,true,87
725,389,1167,987,4876,8214.0,19,70,4,4,1.0,1000,6,5,true,87
725,390,1170,987,4879,8235.0,19,70,4,4,1.0,1000,6,5,true,87
725,391,1173,987,4882,8256.0,19,70,4,4,1.0,1000,6,5,true,87
725,392,1176,987,4885,8277.0,19,70,4,4,1.0,1000,6,5,true,87
725,393,1179,987,4888,8298.0,19,70,4,4,1.0,1000,6,5,true,87
725,394,1182,987,4891,8319.0,19,70,4,4,1.0,1000,6,5,true,87
725,395,1185,987,4894,8340.0,19,70,4,4,1.0,1000,6,5,true,87
725,396,1188,987,4897,8361.0,19,70,4,4,1.0,1000,6,5,true,87
725,397,1191,987,4900,8382.0,19,70,4,4,1.0,1000,6,5,true,87
725,398,1194,987,4903,8403.0,19,70,4,4,1.0,1000,6,5,true,87
725,399,1197,987,4906,8424.0,19,70,4,4,1.0,1000,6,5,true,87
725,400,1200,987,4909,8445.0,19,70,4,4,1.0,1000,6,5,true,87
725,401,1203,987,4912,8466.0,19,70,4,4,1.0,1000,6,5,true,87
725,402,1206,987,4915,8487.0,19,70,4,4,1.0,1000,6,5,true,87
725,403,1209,987,4918,8508.0,19,70,4,4,1.0,1000,6,5,true,87
725,404,1212,987,4921,8529.0,19,70,4,4,1.0,1000,6,5,true,87
725,405,1215,987,4924,8550.0,19,70,4,4,1.0,1000,6,5,true,87
725,406,1218,987,4927,8571.0,19,70,4,4,1.0,1000,6,5,true,87
725,407,1221,987,4930,8592.0,19,70,4,4,1.0,1000,6,5,true,87
725,408,1224,987,4933,8613.0,19,70,4,4,1.0,1000,6,5,true,87
725,409,1227,987,4936,8634.0,19,70,4,4,1.0,1000,6,5,true,87
725,410,1230,987,4939,8655.0,19,70,4,4,1.0,1000,6,5,true,87
725,411,1233,987,4942,8676.0,19,70,4,4,1.0,1000,6,5,true,87
725,412,1236,987,4945,8697.0,19,70,4,4,1.0,1000,6,5,true,87
725,413,1239,987,4948,8718.0,20,70,4,4,1.0,1000,6,5,true,87
725,414,1242,988,4951,8739.0,20,70,4,4,1.0,1000,6,5,true,87
725,415,1245,988,4954,8760.0,20,70,4,4,1.0,1000,6,5,true,87
725,416,1248,988,4957,8781.0,20,70,4,4,1.0,1000,6,5,true,87
725,417,1251,988,4960,8802.0,20,70,4,4,1.0,1000,6,5,true,87
725,418,1254,988,4963,8823.0,20,70,4,4,1.0,1000,6,5,true,87
725,419,1257,988,4966,8844.0,20,70,4,4,1.0,1000,6,5,true,87
725,420,1260,988,4969,8865.0,20,70,4,4,1.0,1000,6,5,true,87
725,421,1263,988,4972,8886.0,20,70,4,4,1.0,1000,6,5,true,87
725,422,1266,988,4975,8907.0,20,70,4,4,1.0,1000,6,5,true,87
725,423,1269,988,4978,8928.0,20,70,4,4,1.0,1000,6,5,true,87
725,424,1272,988,4981,8949.0,20,70,4,4,1.0,1000,6,5,true,87
725,425,1275,989,4984,8970.0,20,70,4,4,1.0,1000,6,5,true,87
725,426,1278,989,4987,8991.0,20,70,4,4,1.0,1000,6,5,true,87
725,427,1281,989,4990,9012.0,20,70,4,4,1.0,1000,6,5,true,87
725,428,1284,989,4993,9033.0,20,70,4,4,1.0,1000,6,5,true,87
725,429,1287,989,4996,9054.0,20,70,4,4,1.0,1000,6,5,true,87
725,430,1290,989,4999,9075.0,20,70,4,4,1.0,1000,6,5,true,87
725,431,1293,989,5002,9096.0,20,70,4,4,1.0,1000,6,5,true,87
725,432,1296,989,5005,9117.0,20,70,4,4,1.0,1000,6,5,true,87
725,433,1299,989,5008,9138.0,20,70,4,4,1.0,1000,6,5,true,87
725,434,1302,989,5011,9159.0,21,70,4,4,1.0,1000,6,5,true,87
725,435,1305,989,5014,9180.0,21,70,4,4,1.0,1000,6,5,true,87
725,436,1308,989,5017,9201.0,21,70,4,4,1.0,1000,6,5,true,87
725,437,1311,989,5020,9222.0,21,70,4,4,1.0,1000,6,5,true,87
725,438,1314,989,5023,9243.0,21,70,4,4,1.0,1000,6,5,true,87
725,439,1317,989,5026,9264.0,21,70,4,4,1.0,1000,6,5,true,87
725,440,1320,989,5029,9285.0,21,70,4,4,1.0,1000,6,5,true,87
725,441,1323,989,5032,9306.0,22,70,4,4,1.0,1000,6,5,true,87
725,442,1326,989,5035,9327.0,22,70,4,4,1.0,1000,6,5,true,87
725,443,1329,989,5038,9348.0,22,70,4,4,1.0,1000,6,5,true,87
725,444,1332,989,5041,9369.0,22,70,4,4,1.0,1000,6,5,true,87
725,445,1335,989,5044,9390.0,22,70,4,4,1.0,1000,6,5,true,87
725,446,1338,989,5047,9411.0,22,70,4,4,1.0,1000,6,5,true,87
725,447,1341,989,5050,9432.0,22,70,4,4,1.0,1000,6,5,true,87
725,448,1344,989,5053,9453.0,22,70,4,4,1.0,1000,6,5,true,87
725,449,1347,989,5056,9474.0,22,70,4,4,1.0,1000,6,5,true,87
725,450,1350,989,5059,9495.0,22,70,4,4,1.0,1000,6,5,true,87
725,451,1353,989,5062,9516.0,22,70,4,4,1.0,1000,6,5,true,87
725,452,1356,989,5065,9537.0,22,70,4,4,1.0,1000,6,5,true,87
725,453,1359,989,5068,9558.0,22,70,4,4,1.0,1000,6,5,true,87
725,454,1362,989,5071,9579.0,22,70,4,4,1.0,1000,6,5,true,87
725,455,1365,989,5074,9600.0,22,70,4,4,1.0,1000,6,5,true,87
725,456,1368,989,5077,9621.0,22,70,4,4,1.0,1000,6,5,true,87
725,457,1371,989,5080,9642.0,22,70,4,4,1.0,1000,6,5,true,87
725,458,1374,989,5083,9663.0,22,70,4,4,1.0,1000,6,5,true,87
725,459,1377,989,5086,9684.0,22,70,4,4,1.0,1000,6,5,true,87
725,460,1380,989,5089,9705.0,22,70,4,4,1.0,1000,6,5,true,87
725,461,1383,989,5092,9726.0,22,70,4,4,1.0,1000,6,5,true,87
725,462,1386,989,5095,9747.0,22,70,4,4,1.0,1000,6,5,true,87
725,463,1389,989,5098,9768.0,22,70,4,4,1.0,1000,6,5,true,87
725,464,1392,989,5101,9789.0,22,70,4,4,1.0,1000,6,5,true,87
725,465,1394,989,5103,9803.0,22,70,4,4,1.0,1000,6,5,true,87
725,466,1397,989,5106,9824.0,22,70,4,4,1.0,1000,6,5,true,87
725,467,1400,989,5109,9845.0,22,70,4,4,1.0,1000,6,5,true,87
725,468,1403,989,5112,9866.0,22,70,4,4,1.0,1000,6,5,true,87
725,469,1406,989,5115,9887.0,22,70,4,4,1.0,1000,6,5,true,87
725,470,1409,989,5118,9908.0,22,70,4,4,1.0,1000,6,5,true,87
725,471,1412,990,5121,9929.0,22,70,4,4,1.0,1000,6,5,true,87
725,473,1418,990,5127,9971.0,22,70,4,4,1.0,1000,6,5,true,87
725,473,1418,990,5127,9971.0,22,70,4,4,1.0,1000,6,5,true,87
725,474,1421,990,5130,9992.0,22,70,4,4,1.0,1000,6,5,true,87
725,475,1424,990,5133,10013.0,22,70,4,4,1.0,1000,6,5,true,87
725,476,1427,990,5136,10034.0,22,70,4,4,1.0,1000,6,5,true,87
725,477,1430,990,5139,10055.0,22,70,4,4,1.0,1000,6,5,true,87
725,478,1433,990,5142,10076.0,22,70,4,4,1.0,1000,6,5,true,87
725,479,1436,990,5145,10097.0,22,70,4,4,1.0,1000,6,5,true,87
725,480,1439,990,5148,10118.0,22,70,4,4,1.0,1000,6,5,true,87
725,481,1442,991,5151,10139.0,22,70,4,4,1.0,1000,6,5,true,87
725,482,1445,991,5154,10160.0,22,70,4,4,1.0,1000,6,5,true,87
725,483,1448,991,5157,10181.0,22,70,4,4,1.0,1000,6,5,true,87
725,484,1451,991,5160,10202.0,22,70,4,4,1.0,1000,6,5,true,87
725,485,1454,991,5163,10223.0,22,70,4,4,1.0,1000,6,5,true,87
725,486,1457,991,5166,10244.0,22,70,4,4,1.0,1000,6,5,true,87
725,487,1460,991,5169,10265.0,22,70,4,4,1.0,1000,6,5,true,87
725,488,1463,991,5172,10286.0,22,70,4,4,1.0,1000,6,5,true,87
725,489,1466,991,5175,10307.0,22,70,4,4,1.0,1000,6,5,true,87
725,490,1469,991,5178,10328.0,22,70,4,4,1.0,1000,6,5,true,87
725,491,1472,991,5181,10349.0,22,70,4,4,1.0,1000,6,5,true,87
725,492,1475,991,5184,10370.0,22,70,4,4,1.0,1000,6,5,true,87
725,493,1478,991,5187,10391.0,22,70,4,4,1.0,1000,6,5,true,87
725,494,1481,991,5190,10412.0,22,70,4,4,1.0,1000,6,5,true,87
725,495,1484,991,5193,10433.0,22,70,4,4,1.0,1000,6,5,true,87
725,496,1487,991,5196,10454.0,22,70,4,4,1.0,1000,6,5,true,87
725,497,1490,991,5199,10475.0,22,70,4,4,1.0,1000,6,5,true,87
725,498,1493,991,5202,10496.0,22,70,4,4,1.0,1000,6,5,true,87
725,499,1496,991,5205,10517.0,22,70,4,4,1.0,1000,6,5,true,87
725,500,1499,991,5208,10538.0,22,70,4,4,1.0,1000,6,5,true,87
725,501,1502,991,5211,10559.0,22,70,4,4,1.0,1000,6,5,true,87
725,502,1505,991,5214,10580.0,22,70,4,4,1.0,1000,6,5,true,87
725,503,1508,991,5217,10601.0,22,70,4,4,1.0,1000,6,5,true,87
725,504,1511,991,5220,10622.0,22,70,4,4,1.0,1000,6,5,true,87
725,505,1514,991,5223,10643.0,22,70,4,4,1.0,1000,6,5,true,87
725,506,1517,991,5226,10664.0,22,70,4,4,1.0,1000,6,5,true,87
725,507,1520,991,5229,10685.0,22,70,4,4,1.0,1000,6,5,true,87
725,508,1523,991,5232,10706.0,22,70,4,4,1.0,1000,6,5,true,87
725,509,1526,991,5235,10727.0,22,70,4,4,1.0,1000,6,5,true,87
725,510,1529,991,5238,10748.0,22,70,4,4,1.0,1000,6,5,true,87
725,511,1532,991,5241,10769.0,22,70,4,4,1.0,1000,6,5,true,87
725,512,1535,991,5244,10790.0,22,70,4,4,1.0,1000,6,5,true,87
725,513,1538,991,5247,10811.0,22,70,4,4,1.0,1000,6,5,true,87
725,514,1541,997,7690,10839.0,22,70,4,4,1.0,1000,6,5,true,87
725,515,1544,997,7693,10860.0,23,70,4,4,1.0,1000,6,5,true,87
725,516,1547,997,7696,10881.0,23,70,4,4,1.0,1000,6,5,true,87
725,517,1550,997,7699,10902.0,23,70,4,4,1.0,1000,6,5,true,87
725,518,1553,997,7702,10923.0,23,70,4,4,1.0,1000,6,5,true,87
725,519,1556,997,7705,10944.0,23,70,4,4,1.0,1000,6,5,true,87
725,520,1559,997,7708,10965.0,23,70,4,4,1.0,1000,6,5,true,87
725,521,1561,997,7710,10979.0,23,70,4,4,1.0,1000,6,5,true,87
725,522,1564,998,7713,11000.0,24,70,4,4,1.0,1000,6,5,true,87
725,523,1567,998,7716,11021.0,24,70,4,4,1.0,1000,6,5,true,87
725,524,1570,998,7719,11042.0,24,70,4,4,1.0,1000,6,5,true,87
725,525,1573,998,7722,11063.0,24,70,4,4,1.0,1000,6,5,true,87
725,526,1576,998,7725,11084.0,24,70,4,4,1.0,1000,6,5,true,87
725,527,1579,998,7728,11105.0,24,70,4,4,1.0,1000,6,5,true,87
725,528,1582,998,7731,11126.0,24,70,4,4,1.0,1000,6,5,true,87
725,529,1585,998,7734,11147.0,24,70,4,4,1.0,1000,6,5,true,87
725,530,1588,998,7737,11168.0,24,70,4,4,1.0,1000,6,5,true,87
725,531,1591,998,7740,11189.0,24,70,4,4,1.0,1000,6,5,true,87
725,532,1594,998,7743,11210.0,24,70,4,4,1.0,1000,6,5,true,87
725,533,1597,998,7746,11231.0,24,70,4,4,1.0,1000,6,5,true,87
725,534,1600,998,7749,11252.0,24,70,4,4,1.0,1000,6,5,true,87
725,535,1603,998,7752,11273.0,24,70,4,4,1.0,1000,6,5,true,87
725,536,1606,998,7755,11294.0,24,70,4,4,1.0,1000,6,5,true,87
725,537,1609,998,7758,11315.0,24,70,4,4,1.0,1000,6,5,true,87
725,538,1612,998,7761,11336.0,24,70,4,4,1.0,1000,6,5,true,87
725,539,1615,998,7764,11357.0,24,70,4,4,1.0,1000,6,5,true,87
725,540,1618,998,7767,11378.0,24,70,4,4,1.0,1000,6,5,true,87
725,541,1621,998,7770,11399.0,24,70,4,4,1.0,1000,6,5,true,87
725,542,1624,998,7773,11420.0,24,70,4,4,1.0,1000,6,5,true,87
725,543,1627,998,7776,11441.0,24,70,4,4,1.0,1000,6,5,true,87
725,544,1630,998,7779,11462.0,24,70,4,4,1.0,1000,6,5,true,87
725,545,1633,998,7782,11483.0,24,70,4,4,1.0,1000,6,5,true,87
725,546,1636,998,7785,11504.0,24,70,4,4,1.0,1000,6,5,true,87
725,547,1639,998,7788,11525.0,24,70,4,4,1.0,1000,6,5,true,87
725,548,1642,998,7791,11546.0,24,70,4,4,1.0,1000,6,5,true,87
725,549,1645,998,7794,11567.0,24,70,4,4,1.0,1000,6,5,true,87
725,550,1648,998,7797,11588.0,24,70,4,4,1.0,1000,6,5,true,87
725,551,1651,998,7800,11609.0,24,70,4,4,1.0,1000,6,5,true,87
725,552,1654,998,7803,11630.0,24,70,4,4,1.0,1000,6,5,true,87
725,553,1657,998,7806,11651.0,24,70,4,4,1.0,1000,6,5,true,87
725,554,1660,998,7809,11672.0,24,70,4,4,1.0,1000,6,5,true,87
725,555,1663,998,7812,11693.0,24,70,4,4,1.0,1000,6,5,true,87
725,556,1666,998,7815,11714.0,24,70,4,4,1.0,1000,6,5,true,87
725,557,1669,998,7818,11735.0,24,70,4,4,1.0,1000,6,5,true,87
725,558,1672,998,7821,11756.0,24,70,4,4,1.0,1000,6,5,true,87
725,559,1675,998,7824,11777.0,24,70,4,4,1.0,1000,6,5,true,87
725,560,1678,998,7827,11798.0,24,70,4,4,1.0,1000,6,5,true,87
725,561,1681,998,7830,11819.0,24,70,4,4,1.0,1000,6,5,true,87
725,562,1684,998,7833,11840.0,24,70,4,4,1.0,1000,6,5,true,87
725,563,1687,998,7836,11861.0,24,70,4,4,1.0,1000,6,5,true,87
725,564,1690,998,7839,11882.0,24,70,4,4,1.0,1000,6,5,true,87
725,565,1693,998,7842,11903.0,24,70,4,4,1.0,1000,6,5,true,87
725,566,1696,998,7845,11924.0,24,70,4,4,1.0,1000,6,5,true,87
725,567,1699,998,7848,11945.0,24,70,4,4,1.0,1000,6,5,true,87
725,568,1702,998,7851,11966.0,24,70,4,4,1.0,1000,6,5,true,87
725,569,1705,998,7854,11987.0,24,70,4,4,1.0,1000,6,5,true,87
725,570,1708,998,7857,12008.0,24,70,4,4,1.0,1000,6,5,true,87
725,571,1711,998,7860,12029.0,24,70,4,4,1.0,1000,6,5,true,87
725,572,1714,998,7863,12050.0,24,70,4,4,1.0,1000,6,5,true,87
725,573,1717,998,7866,12071.0,24,70,4,4,1.0,1000,6,5,true,87
725,574,1720,998,7869,12092.0,24,70,4,4,1.0,1000,6,5,true,87
725,575,1723,998,7872,12113.0,25,70,4,4,1.0,1000,6,5,true,87
725,576,1726,998,7875,12134.0,25,70,4,4,1.0,1000,6,5,true,87
725,577,1729,998,7878,12155.0,25,70,4,4,1.0,1000,6,5,true,87
725,578,1732,998,7881,12176.0,25,70,4,4,1.0,1000,6,5,true,87
725,579,1735,998,7884,12197.0,25,70,4,4,1.0,1000,6,5,true,87
725,580,1738,998,7887,12218.0,25,70,4,4,1.0,1000,6,5,true,87
725,581,1741,998,7890,12239.0,25,70,4,4,1.0,1000,6,5,true,87
725,582,1744,998,7893,12260.0,25,70,4,4,1.0,1000,6,5,true,87
725,583,1747,998,7896,12281.0,25,70,4,4,1.0,1000,6,5,true,87
725,584,1750,998,7899,12302.0,25,70,4,4,1.0,1000,6,5,true,87
725,585,1753,998,7902,12323.0,25,70,4,4,1.0,1000,6,5,true,87
725,586,1756,998,7905,12344.0,25,70,4,4,1.0,1000,6,5,true,87
725,587,1759,998,7908,12365.0,25,70,4,4,1.0,1000,6,5,true,87
725,588,1762,998,7911,12386.0,25,70,4,4,1.0,1000,6,5,true,87
725,589,1765,998,7914,12407.0,25,70,4,4,1.0,1000,6,5,true,87
725,590,1768,998,7917,12428.0,25,70,4,4,1.0,1000,6,5,true,87
725,591,1772,998,7921,12456.0,25,70,4,4,1.0,1000,6,5,true,87
725,592,1775,998,7924,12477.0,25,70,4,4,1.0,1000,6,5,true,87
725,593,1778,998,7927,12498.0,25,70,4,4,1.0,1000,6,5,true,87
725,594,1781,998,7930,12519.0,25,70,4,4,1.0,1000,6,5,true,87
725,595,1784,998,7933,12540.0,25,70,4,4,1.0,1000,6,5,true,87
725,596,1787,998,7936,12561.0,26,70,4,4,1.0,1000,6,5,true,87
725,597,1790,998,7939,12582.0,26,70,4,4,1.0,1000,6,5,true,87
725,598,1793,998,7942,12603.0,26,70,4,4,1.0,1000,6,5,true,87
725,599,1796,998,7945,12624.0,26,70,4,4,1.0,1000,6,5,true,87
725,600,1799,998,7948,12645.0,26,70,4,4,1.0,1000,6,5,true,87
725,601,1802,1000,8995,12673.0,26,70,4,4,1.0,1000,6,5,true,87
725,602,1805,1000,8998,12694.0,26,70,4,4,1.0,1000,6,5,true,87
725,603,1808,1000,9001,12715.0,26,70,4,4,1.0,1000,6,5,true,87
725,604,1811,1000,9004,12736.0,26,70,4,4,1.0,1000,6,5,true,87
725,605,1814,1000,9007,12757.0,26,70,4,4,1.0,1000,6,5,true,87
725,606,1817,1000,9010,12778.0,26,70,4,4,1.0,1000,6,5,true,87
725,607,1820,1000,9013,12799.0,26,70,4,4,1.0,1000,6,5,true,87
725,608,1823,1000,9016,12820.0,26,70,4,4,1.0,1000,6,5,true,87
725,609,1826,1000,9019,12841.0,26,70,4,4,1.0,1000,6,5,true,87
725,610,1829,1000,9022,12862.0,26,70,4,4,1.0,1000,6,5,true,87
725,611,1832,1000,9025,12883.0,26,70,4,4,1.0,1000,6,5,true,87
725,612,1835,1000,9028,12904.0,26,70,4,4,1.0,1000,6,5,true,87
725,613,1838,1000,9031,12925.0,26,70,4,4,1.0,1000,6,5,true,87
725,614,1841,1000,9034,12946.0,26,70,4,4,1.0,1000,6,5,true,87
725,615,1844,1000,9037,12967.0,26,70,4,4,1.0,1000,6,5,true,87
725,616,1847,1000,9040,12988.0,27,70,4,4,1.0,1000,6,5,true,87
725,617,1850,1000,9043,13009.0,27,70,4,4,1.0,1000,6,5,true,87
725,618,1853,1000,9046,13030.0,27,70,4,4,1.0,1000,6,5,true,87
725,619,1856,1000,9049,13051.0,27,70,4,4,1.0,1000,6,5,true,87
725,620,1859,1000,9052,13072.0,27,70,4,4,1.0,1000,6,5,true,87
725,621,1862,1000,9055,13093.0,27,70,4,4,1.0,1000,6,5,true,87
725,622,1865,1000,9058,13114.0,27,70,4,4,1.0,1000,6,5,true,87
725,623,1868,1000,9061,13135.0,27,70,4,4,1.0,1000,6,5,true,87
725,624,1871,1000,9064,13156.0,27,70,4,4,1.0,1000,6,5,true,87
725,625,1874,1000,9067,13177.0,27,70,4,4,1.0,1000,6,5,true,87
725,626,1877,1000,9070,13198.0,27,70,4,4,1.0,1000,6,5,true,87
725,627,1880,1000,9073,13219.0,27,70,4,4,1.0,1000,6,5,true,87
725,628,1883,1000,9076,13240.0,27,70,4,4,1.0,1000,6,5,true,87
725,629,1886,1000,9079,13261.0,27,70,4,4,1.0,1000,6,5,true,87
725,630,1889,1000,9082,13282.0,27,70,4,4,1.0,1000,6,5,true,87
725,631,1892,1000,9085,13303.0,27,70,4,4,1.0,1000,6,5,true,87
725,632,1895,1000,9088,13324.0,27,70,4,4,1.0,1000,6,5,true,87
725,633,1898,1000,9091,13345.0,27,70,4,4,1.0,1000,6,5,true,87
725,634,1901,1000,9094,13366.0,27,70,4,4,1.0,1000,6,5,true,87
725,635,1904,1000,9097,13387.0,27,70,4,4,1.0,1000,6,5,true,87
725,636,1907,1000,9100,13408.0,27,70,4,4,1.0,1000,6,5,true,87
725,637,1910,1000,9103,13429.0,27,70,4,4,1.0,1000,6,5,true,87
725,638,1913,1000,9106,13450.0,27,70,4,4,1.0,1000,6,5,true,87
725,639,1916,1000,9109,13471.0,27,70,4,4,1.0,1000,6,5,true,87
725,640,1919,1000,9112,13492.0,27,70,4,4,1.0,1000,6,5,true,87
725,641,1922,1000,9115,13513.0,27,70,4,4,1.0,1000,6,5,true,87
725,642,1925,1000,9118,13534.0,27,70,4,4,1.0,1000,6,5,true,87
725,643,1928,1000,9121,13555.0,27,70,4,4,1.0,1000,6,5,true,87
725,644,1931,1000,9124,13576.0,27,70,4,4,1.0,1000,6,5,true,87
725,645,1934,1000,9127,13597.0,27,70,4,4,1.0,1000,6,5,true,87
725,646,1937,1000,9130,13618.0,27,70,4,4,1.0,1000,6,5,true,87
725,647,1940,1000,9133,13639.0,27,70,4,4,1.0,1000,6,5,true,87
725,648,1943,1000,9136,13660.0,27,70,4,4,1.0,1000,6,5,true,87
725,649,1946,1000,9139,13681.0,27,70,4,4,1.0,1000,6,5,true,87
725,650,1949,1000,9142,13702.0,27,70,4,4,1.0,1000,6,5,true,87
725,651,1952,1000,9145,13723.0,28,70,4,4,1.0,1000,6,5,true,87
725,652,1955,1000,9148,13744.0,28,70,4,4,1.0,1000,6,5,true,87
725,653,1958,1000,9151,13765.0,29,70,4,4,1.0,1000,6,5,true,87
725,654,1961,1000,9154,13786.0,29,70,4,4,1.0,1000,6,5,true,87
725,655,1964,1000,9157,13807.0,29,70,4,4,1.0,1000,6,5,true,87
725,656,1967,1000,9160,13828.0,29,70,4,4,1.0,1000,6,5,true,87
725,657,1970,1000,9163,13849.0,29,70,4,4,1.0,1000,6,5,true,87
725,658,1973,1000,9166,13870.0,29,70,4,4,1.0,1000,6,5,true,87
725,659,1976,1000,9169,13891.0,29,70,4,4,1.0,1000,6,5,true,87
725,660,1979,1000,9172,13912.0,29,70,4,4,1.0,1000,6,5,true,87
725,661,1982,1000,9175,13933.0,29,70,4,4,1.0,1000,6,5,true,87
725,662,1985,1000,9178,13954.0,29,70,4,4,1.0,1000,6,5,true,87
725,663,1988,1000,9181,13975.0,29,70,4,4,1.0,1000,6,5,true,87
725,664,1991,1000,9184,13996.0,29,70,4,4,1.0,1000,6,5,true,87
725,665,1993,1000,9186,14010.0,29,70,4,4,1.0,1000,6,5,true,87
725,666,1996,1000,9189,14031.0,29,70,4,4,1.0,1000,6,5,true,87
725,667,1999,1000,9192,14052.0,29,70,4,4,1.0,1000,6,5,true,87
725,668,2002,1000,9195,14073.0,29,70,4,4,1.0,1000,6,5,true,87
725,669,2005,1000,9198,14094.0,29,70,4,4,1.0,1000,6,5,true,87
725,670,2008,1000,9201,14115.0,29,70,4,4,1.0,1000,6,5,true,87
725,671,2011,1000,9204,14136.0,29,70,4,4,1.0,1000,6,5,true,87
725,672,2014,1000,9207,14157.0,29,70,4,4,1.0,1000,6,5,true,87
725,673,2017,1000,9210,14178.0,29,70,4,4,1.0,1000,6,5,true,87
725,674,2020,1000,9213,14199.0,29,70,4,4,1.0,1000,6,5,true,87
725,676,2026,1000,9219,14241.0,29,70,4,4,1.0,1000,6,5,true,87
725,676,2026,1000,9219,14241.0,29,70,4,4,1.0,1000,6,5,true,87
725,677,2029,1000,9222,14262.0,29,70,4,4,1.0,1000,6,5,true,87
725,678,2032,1000,9225,14283.0,29,70,4,4,1.0,1000,6,5,true,87
725,679,2035,1000,9228,14304.0,29,70,4,4,1.0,1000,6,5,true,87
725,680,2038,1000,9231,14325.0,29,70,4,4,1.0,1000,6,5,true,87
725,681,2041,1000,9234,14346.0,29,70,4,4,1.0,1000,6,5,true,87
725,682,2044,1000,9237,14367.0,29,70,4,4,1.0,1000,6,5,true,87
725,683,2047,1000,9240,14388.0,29,70,4,4,1.0,1000,6,5,true,87
725,684,2050,1000,9243,14409.0,29,70,4,4,1.0,1000,6,5,true,87
725,685,2053,1000,9246,14430.0,29,70,4,4,1.0,1000,6,5,true,87
725,686,2056,1000,9249,14451.0,29,70,4,4,1.0,1000,6,5,true,87
725,687,2059,1000,9252,14472.0,29,70,4,4,1.0,1000,6,5,true,87
725,688,2062,1000,9255,14493.0,29,70,4,4,1.0,1000,6,5,true,87
725,689,2065,1000,9258,14514.0,29,70,4,4,1.0,1000,6,5,true,87
725,690,2068,1000,9261,14535.0,29,70,4,4,1.0,1000,6,5,true,87
725,691,2071,1000,9264,14556.0,29,70,4,4,1.0,1000,6,5,true,87
725,692,2074,1000,9267,14577.0,29,70,4,4,1.0,1000,6,5,true,87
725,693,2077,1000,9270,14598.0,30,70,4,4,1.0,1000,6,5,true,87
725,694,2080,1000,9273,14619.0,30,70,4,4,1.0,1000,6,5,true,87
725,695,2083,1000,9276,14640.0,30,70,4,4,1.0,1000,6,5,true,87
725,696,2086,1000,9279,14661.0,30,70,4,4,1.0,1000,6,5,true,87
725,697,2089,1000,9282,14682.0,30,70,4,4,1.0,1000,6,5,true,87
725,698,2092,1000,9285,14703.0,30,70,4,4,1.0,1000,6,5,true,87
725,699,2095,1000,10448,14731.0,30,70,4,4,1.0,1000,6,5,true,87
725,700,2098,1000,10451,14752.0,30,70,4,4,1.0,1000,6,5,true,87
725,701,2101,1000,10454,14773.0,30,70,4,4,1.0,1000,6,5,true,87
725,702,2104,1000,10520,14794.0,30,70,4,4,1.0,1000,6,5,true,87
725,703,2107,1000,10523,14815.0,30,70,4,4,1.0,1000,6,5,true,87
725,704,2110,1000,10526,14836.0,30,70,4,4,1.0,1000,6,5,true,87
725,705,2113,1000,10529,14857.0,30,70,4,4,1.0,1000,6,5,true,87
725,706,2116,1000,10532,14878.0,30,70,4,4,1.0,1000,6,5,true,87
725,707,2119,1000,10535,14899.0,30,70,4,4,1.0,1000,6,5,true,87
725,708,2122,1000,10538,14920.0,30,70,4,4,1.0,1000,6,5,true,87
725,709,2125,1000,10541,14941.0,30,70,4,4,1.0,1000,6,5,true,87
725,710,2128,1000,10544,14962.0,30,70,4,4,1.0,1000,6,5,true,87
725,711,2131,1000,10547,14983.0,30,70,4,4,1.0,1000,6,5,true,87
725,712,2134,1000,10550,15004.0,30,70,4,4,1.0,1000,6,5,true,87
725,713,2137,1000,10553,15025.0,30,70,4,4,1.0,1000,6,5,true,87
725,714,2140,1000,10556,15046.0,30,70,4,4,1.0,1000,6,5,true,87
725,715,2143,1000,10559,15067.0,30,70,4,4,1.0,1000,6,5,true,87
725,716,2146,1000,10562,15088.0,30,70,4,4,1.0,1000,6,5,true,87
725,717,2149,1000,10565,15109.0,30,70,4,4,1.0,1000,6,5,true,87
725,718,2152,1000,10568,15130.0,30,70,4,4,1.0,1000,6,5,true,87
725,719,2155,1000,10571,15151.0,30,70,4,4,1.0,1000,6,5,true,87
725,720,2158,1000,10574,15172.0,30,70,4,4,1.0,1000,6,5,true,87
725,721,2161,1000,10577,15193.0,30,70,4,4,1.0,1000,6,5,true,87
725,722,2164,1000,10580,15214.0,30,70,4,4,1.0,1000,6,5,true,87
725,723,2167,1000,10583,15235.0,30,70,4,4,1.0,1000,6,5,true,87
725,724,2170,1000,10586,15256.0,30,70,4,4,1.0,1000,6,5,true,87
725,725,2173,1000,10589,15277.0,30,70,4,4,1.0,1000,6,5,true,87
725,726,2176,1000,10592,15298.0,30,70,4,4,1.0,1000,6,5,true,87
725,727,2178,1000,10594,15312.0,30,70,4,4,1.0,1000,6,5,true,87
725,728,2181,1000,10597,15333.0,30,70,4,4,1.0,1000,6,5,true,87
725,729,2184,1000,10600,15354.0,30,70,4,4,1.0,1000,6,5,true,87
725,730,2187,1000,10603,15375.0,30,70,4,4,1.0,1000,6,5,true,87
725,731,2190,1000,10606,15396.0,30,70,4,4,1.0,1000,6,5,true,87
725,732,2193,1000,10609,15417.0,30,70,4,4,1.0,1000,6,5,true,87
725,733,2196,1000,10612,15438.0,30,70,4,4,1.0,1000,6,5,true,87
725,734,2199,1000,10615,15459.0,30,70,4,4,1.0,1000,6,5,true,87
725,735,2202,1000,10618,15480.0,30,70,4,4,1.0,1000,6,5,true,87
725,736,2205,1000,10621,15501.0,30,70,4,4,1.0,1000,6,5,true,87
725,737,2208,1000,11020,15522.0,30,70,4,4,1.0,1000,6,5,true,87
725,738,2211,1000,11023,15543.0,30,70,4,4,1.0,1000,6,5,true,87
725,739,2214,1000,11026,15564.0,31,70,4,4,1.0,1000,6,5,true,87
725,740,2217,1000,11029,15585.0,31,70,4,4,1.0,1000,6,5,true,87
725,741,2220,1000,11032,15606.0,31,70,4,4,1.0,1000,6,5,true,87
725,742,2223,1000,11035,15627.0,31,70,4,4,1.0,1000,6,5,true,87
725,743,2226,1000,11038,15648.0,31,70,4,4,1.0,1000,6,5,true,87
725,744,2229,1000,11041,15669.0,31,70,4,4,1.0,1000,6,5,true,87
725,745,2232,1000,11044,15690.0,31,70,4,4,1.0,1000,6,5,true,87
725,746,2235,1000,11047,15711.0,31,70,4,4,1.0,1000,6,5,true,87
725,747,2238,1000,11050,15732.0,32,70,4,4,1.0,1000,6,5,true,87
725,748,2241,1000,11053,15753.0,32,70,4,4,1.0,1000,6,5,true,87
725,749,2244,1000,11056,15774.0,32,70,4,4,1.0,1000,6,5,true,87
725,750,2247,1000,11059,15795.0,32,70,4,4,1.0,1000,6,5,true,87
725,751,2250,1000,11062,15816.0,32,70,4,4,1.0,1000,6,5,true,87
725,752,2253,1000,11065,15837.0,32,70,4,4,1.0,1000,6,5,true,87
725,753,2256,1000,11068,15858.0,32,70,4,4,1.0,1000,6,5,true,87
725,754,2259,1000,11071,15879.0,32,70,4,4,1.0,1000,6,5,true,87
725,755,2262,1000,11074,15900.0,32,70,4,4,1.0,1000,6,5,true,87
725,756,2265,1000,11077,15921.0,32,70,4,4,1.0,1000,6,5,true,87
725,757,2268,1000,11080,15942.0,32,70,4,4,1.0,1000,6,5,true,87
725,758,2271,1000,11083,15963.0,32,70,4,4,1.0,1000,6,5,true,87
725,759,2274,1000,11086,15984.0,32,70,4,4,1.0,1000,6,5,true,87
725,760,2277,1000,11089,16005.0,32,70,4,4,1.0,1000,6,5,true,87
725,761,2280,1000,11092,16026.0,32,70,4,4,1.0,1000,6,5,true,87
725,762,2283,1000,11095,16047.0,33,70,4,4,1.0,1000,6,5,true,87
725,763,2286,1000,11098,16068.0,33,70,4,4,1.0,1000,6,5,true,87
725,764,2289,1000,11101,16089.0,33,70,4,4,1.0,1000,6,5,true,87
725,765,2292,1000,11104,16110.0,33,70,4,4,1.0,1000,6,5,true,87
725,766,2295,1000,11107,16131.0,33,70,4,4,1.0,1000,6,5,true,87
725,767,2298,1000,11110,16152.0,33,70,4,4,1.0,1000,6,5,true,87
725,768,2301,1000,11113,16173.0,33,70,4,4,1.0,1000,6,5,true,87
725,769,2304,1000,11116,16194.0,33,70,4,4,1.0,1000,6,5,true,87
725,770,2307,1000,11119,16215.0,33,70,4,4,1.0,1000,6,5,true,87
725,771,2310,1000,11122,16236.0,33,70,4,4,1.0,1000,6,5,true,87
725,772,2313,1000,11125,16257.0,33,70,4,4,1.0,1000,6,5,true,87
725,773,2316,1000,11128,16278.0,33,70,4,4,1.0,1000,6,5,true,87
725,774,2319,1000,11131,16299.0,33,70,4,4,1.0,1000,6,5,true,87
725,775,2322,1000,11134,16320.0,33,70,4,4,1.0,1000,6,5,true,87
725,776,2325,1000,11137,16341.0,33,70,4,4,1.0,1000,6,5,true,87
725,777,2328,1000,11140,16362.0,33,70,4,4,1.0,1000,6,5,true,87
725,778,2331,1000,11143,16383.0,33,70,4,4,1.0,1000,6,5,true,87
725,779,2334,1000,11146,16404.0,33,70,4,4,1.0,1000,6,5,true,87
725,780,2337,1000,11149,16425.0,33,70,4,4,1.0,1000,6,5,true,87
725,781,2340,1000,11152,16446.0,33,70,4,4,1.0,1000,6,5,true,87
725,782,2343,1000,11155,16467.0,33,70,4,4,1.0,1000,6,5,true,87
725,783,2346,1000,11158,16488.0,33,70,4,4,1.0,1000,6,5,true,87
725,784,2349,1000,11161,16509.0,33,70,4,4,1.0,1000,6,5,true,87
725,785,2352,1000,11164,16530.0,33,70,4,4,1.0,1000,6,5,true,87
725,786,2355,1000,11167,16551.0,33,70,4,4,1.0,1000,6,5,true,87
725,787,2358,1000,11170,16572.0,33,70,4,4,1.0,1000,6,5,true,87
725,788,2361,1000,11173,16593.0,33,70,4,4,1.0,1000,6,5,true,87
725,789,2364,1000,11176,16614.0,33,70,4,4,1.0,1000,6,5,true,87
725,790,2367,1000,11179,16635.0,33,70,4,4,1.0,1000,6,5,true,87
725,791,2370,1000,11182,16656.0,33,70,4,4,1.0,1000,6,5,true,87
725,792,2373,1000,11185,16677.0,33,70,4,4,1.0,1000,6,5,true,87
725,793,2376,1000,11188,16698.0,33,70,4,4,1.0,1000,6,5,true,87
725,794,2379,1000,11191,16719.0,33,70,4,4,1.0,1000,6,5,true,87
725,795,2382,1000,11194,16740.0,33,70,4,4,1.0,1000,6,5,true,87
725,796,2385,1000,11197,16761.0,33,70,4,4,1.0,1000,6,5,true,87
725,797,2388,1000,11200,16782.0,33,70,4,4,1.0,1000,6,5,true,87
725,798,2391,1000,11203,16803.0,33,70,4,4,1.0,1000,6,5,true,87
725,799,2394,1000,11206,16824.0,33,70,4,4,1.0,1000,6,5,true,87
725,800,2397,1000,11209,16845.0,33,70,4,4,1.0,1000,6,5,true,87
725,801,2400,1000,11212,16866.0,33,70,4,4,1.0,1000,6,5,true,87
725,802,2403,1000,11215,16887.0,33,70,4,4,1.0,1000,6,5,true,87
725,803,2406,1000,11218,16908.0,34,70,4,4,1.0,1000,6,5,true,87
725,804,2409,1000,11221,16929.0,34,70,4,4,1.0,1000,6,5,true,87
725,805,2412,1000,11224,16950.0,34,70,4,4,1.0,1000,6,5,true,87
725,806,2415,1000,11227,16971.0,34,70,4,4,1.0,1000,6,5,true,87
725,807,2418,1000,11230,16992.0,34,70,4,4,1.0,1000,6,5,true,87
725,808,2421,1000,11233,17013.0,34,70,4,4,1.0,1000,6,5,true,87
725,809,2424,1000,11236,17034.0,34,70,4,4,1.0,1000,6,5,true,87
725,810,2427,1000,11239,17055.0,34,70,4,4,1.0,1000,6,5,true,87
725,811,2430,1000,11242,17076.0,34,70,4,4,1.0,1000,6,5,true,87
725,812,2433,1000,11245,17097.0,34,70,4,4,1.0,1000,6,5,true,87
725,813,2436,1000,11248,17118.0,34,70,4,4,1.0,1000,6,5,true,87
725,814,2439,1000,11251,17139.0,34,70,4,4,1.0,1000,6,5,true,87
725,815,2442,1000,11254,17160.0,34,70,4,4,1.0,1000,6,5,true,87
725,816,2445,1000,11257,17181.0,34,70,4,4,1.0,1000,6,5,true,87
725,817,2448,1000,11260,17202.0,34,70,4,4,1.0,1000,6,5,true,87
725,818,2451,1000,11263,17223.0,34,70,4,4,1.0,1000,6,5,true,87
725,819,2454,1000,11266,17244.0,34,70,4,4,1.0,1000,6,5,true,87
725,820,2457,1000,11269,17265.0,34,70,4,4,1.0,1000,6,5,true,87
725,821,2460,1000,11272,17286.0,34,70,4,4,1.0,1000,6,5,true,87
725,822,2463,1000,11275,17307.0,34,70,4,4,1.0,1000,6,5,true,87
725,823,2466,1000,11278,17328.0,34,70,4,4,1.0,1000,6,5,true,87
725,824,2469,1000,11281,17349.0,34,70,4,4,1.0,1000,6,5,true,87
725,825,2472,1000,12328,17377.0,34,70,4,4,1.0,1000,6,5,true,87
725,826,2475,1000,12331,17398.0,34,70,4,4,1.0,1000,6,5,true,87
725,827,2478,1000,12334,17419.0,34,70,4,4,1.0,1000,6,5,true,87
725,828,2481,1000,12337,17440.0,34,70,4,4,1.0,1000,6,5,true,87
725,829,2484,1000,12340,17461.0,34,70,4,4,1.0,1000,6,5,true,87
725,830,2487,1000,12343,17482.0,34,70,4,4,1.0,1000,6,5,true,87
725,831,2490,1000,12346,17503.0,34,70,4,4,1.0,1000,6,5,true,87
725,832,2493,1000,12349,17524.0,34,70,4,4,1.0,1000,6,5,true,87
725,833,2496,1000,12352,17545.0,34,70,4,4,1.0,1000,6,5,true,87
725,834,2499,1000,12355,17566.0,34,70,4,4,1.0,1000,6,5,true,87
725,835,2502,1000,12358,17587.0,34,70,4,4,1.0,1000,6,5,true,87
725,836,2505,1000,12361,17608.0,34,70,4,4,1.0,1000,6,5,true,87
725,837,2508,1000,12364,17629.0,34,70,4,4,1.0,1000,6,5,true,87
725,838,2511,1000,12367,17650.0,34,70,4,4,1.0,1000,6,5,true,87
725,839,2514,1000,12370,17671.0,34,70,4,4,1.0,1000,6,5,true,87
725,840,2517,1000,12373,17692.0,34,70,4,4,1.0,1000,6,5,true,87
725,841,2520,1000,12376,17713.0,34,70,4,4,1.0,1000,6,5,true,87
725,842,2523,1000,12379,17734.0,34,70,4,4,1.0,1000,6,5,true,87
725,843,2526,1000,12382,17755.0,34,70,4,4,1.0,1000,6,5,true,87
725,844,2529,1000,12385,17776.0,34,70,4,4,1.0,1000,6,5,true,87
725,845,2532,1000,12388,17797.0,34,70,4,4,1.0,1000,6,5,true,87
725,846,2535,1000,12391,17818.0,34,70,4,4,1.0,1000,6,5,true,87
725,847,2538,1000,12394,17839.0,34,70,4,4,1.0,1000,6,5,true,87
725,848,2541,1000,12397,17860.0,34,70,4,4,1.0,1000,6,5,true,87
725,849,2544,1000,12400,17881.0,34,70,4,4,1.0,1000,6,5,true,87
725,850,2547,1000,12403,17902.0,34,70,4,4,1.0,1000,6,5,true,87
725,851,2550,1000,12406,17923.0,34,70,4,4,1.0,1000,6,5,true,87
725,852,2553,1000,12409,17944.0,34,70,4,4,1.0,1000,6,5,true,87
725,853,2556,1000,12412,17965.0,34,70,4,4,1.0,1000,6,5,true,87
725,854,2559,1000,12415,17986.0,34,70,4,4,1.0,1000,6,5,true,87
725,855,2562,1000,12418,18007.0,34,70,4,4,1.0,1000,6,5,true,87
725,856,2565,1000,12421,18028.0,34,70,4,4,1.0,1000,6,5,true,87
725,857,2568,1000,12424,18049.0,34,70,4,4,1.0,1000,6,5,true,87
725,858,2570,1000,12426,18063.0,34,70,4,4,1.0,1000,6,5,true,87
725,859,2573,1000,12429,18084.0,34,70,4,4,1.0,1000,6,5,true,87
725,860,2576,1000,12856,18105.0,34,70,4,4,1.0,1000,6,5,true,87
725,861,2579,1000,12859,18126.0,34,70,4,4,1.0,1000,6,5,true,87
725,862,2582,1000,12862,18147.0,34,70,4,4,1.0,1000,6,5,true,87
725,863,2585,1000,12865,18168.0,34,70,4,4,1.0,1000,6,5,true,87
725,864,2588,1000,12868,18189.0,34,70,4,4,1.0,1000,6,5,true,87
725,865,2591,1000,12871,18210.0,34,70,4,4,1.0,1000,6,5,true,87
725,866,2594,1000,12960,18231.0,34,70,4,4,1.0,1000,6,5,true,87
725,867,2597,1000,12963,18252.0,34,70,4,4,1.0,1000,6,5,true,87
725,868,2600,1000,12966,18273.0,34,70,4,4,1.0,1000,6,5,true,87
725,869,2603,1000,12969,18294.0,34,70,4,4,1.0,1000,6,5,true,87
725,870,2606,1000,12972,18315.0,34,70,4,4,1.0,1000,6,5,true,87
725,871,2609,1000,12975,18336.0,34,70,4,4,1.0,1000,6,5,true,87
725,872,2612,1000,12978,18357.0,34,70,4,4,1.0,1000,6,5,true,87
725,874,2618,1000,13059,18399.0,34,70,4,4,1.0,1000,6,5,true,87
725,874,2618,1000,13059,18399.0,34,70,4,4,1.0,1000,6,5,true,87
725,875,2621,1000,13062,18420.0,34,70,4,4,1.0,1000,6,5,true,87
725,876,2624,1000,13065,18441.0,34,70,4,4,1.0,1000,6,5,true,87
725,877,2627,1000,13068,18462.0,34,70,4,4,1.0,1000,6,5,true,87
725,878,2630,1000,13071,18483.0,34,70,4,4,1.0,1000,6,5,true,87
725,879,2633,1000,13074,18504.0,34,70,4,4,1.0,1000,6,5,true,87
725,880,2636,1000,13077,18525.0,34,70,4,4,1.0,1000,6,5,true,87
725,881,2639,1000,13080,18546.0,34,70,4,4,1.0,1000,6,5,true,87
725,882,2642,1000,13083,18567.0,34,70,4,4,1.0,1000,6,5,true,87
725,883,2645,1000,13086,18588.0,34,70,4,4,1.0,1000,6,5,true,87
725,884,2648,1000,13089,18609.0,34,70,4,4,1.0,1000,6,5,true,87
725,885,2651,1000,13092,18630.0,34,70,4,4,1.0,1000,6,5,true,87
725,886,2654,1000,13095,18651.0,35,70,4,4,1.0,1000,6,5,true,87
725,887,2657,1000,13098,18672.0,35,70,4,4,1.0,1000,6,5,true,87
725,888,2660,1000,13101,18693.0,35,70,4,4,1.0,1000,6,5,true,87
725,889,2663,1000,13104,18714.0,35,70,4,4,1.0,1000,6,5,true,87
725,890,2666,1000,13107,18735.0,35,70,4,4,1.0,1000,6,5,true,87
725,891,2669,1000,13110,18756.0,35,70,4,4,1.0,1000,6,5,true,87
725,892,2672,1000,13113,18777.0,35,70,4,4,1.0,1000,6,5,true,87
725,893,2675,1000,13116,18798.0,35,70,4,4,1.0,1000,6,5,true,87
725,894,2678,1000,13119,18819.0,35,70,4,4,1.0,1000,6,5,true,87
725,895,2681,1000,13122,18840.0,35,70,4,4,1.0,1000,6,5,true,87
725,896,2684,1000,13125,18861.0,35,70,4,4,1.0,1000,6,5,true,87
725,897,2687,1000,13128,18882.0,35,70,4,4,1.0,1000,6,5,true,87
725,898,2690,1000,13131,18903.0,35,70,4,4,1.0,1000,6,5,true,87
725,899,2693,1000,13134,18924.0,35,70,4,4,1.0,1000,6,5,true,87
725,900,2696,1000,13137,18945.0,35,70,4,4,1.0,1000,6,5,true,87
725,901,2699,1000,13140,18966.0,35,70,4,4,1.0,1000,6,5,true,87
725,902,2702,1000,13143,18987.0,35,70,4,4,1.0,1000,6,5,true,87
725,903,2705,1000,13146,19008.0,35,70,4,4,1.0,1000,6,5,true,87
725,904,2708,1000,13149,19029.0,35,70,4,4,1.0,1000,6,5,true,87
725,905,2711,1000,13152,19050.0,35,70,4,4,1.0,1000,6,5,true,87
725,906,2714,1000,13155,19071.0,35,70,4,4,1.0,1000,6,5,true,87
725,907,2717,1000,13158,19092.0,35,70,4,4,1.0,1000,6,5,true,87
725,908,2720,1000,13161,19113.0,35,70,4,4,1.0,1000,6,5,true,87
725,909,2723,1000,13164,19134.0,35,70,4,4,1.0,1000,6,5,true,87
725,910,2726,1000,13167,19155.0,35,70,4,4,1.0,1000,6,5,true,87
725,911,2729,1000,13170,19176.0,35,70,4,4,1.0,1000,6,5,true,87
725,912,2732,1000,13173,19197.0,35,70,4,4,1.0,1000,6,5,true,87
725,913,2735,1000,13176,19218.0,35,70,4,4,1.0,1000,6,5,true,87
725,914,2738,1000,13179,19239.0,35,70,4,4,1.0,1000,6,5,true,87
725,915,2741,1000,13182,19260.0,35,70,4,4,1.0,1000,6,5,true,87
725,916,2744,1000,13185,19281.0,35,70,4,4,1.0,1000,6,5,true,87
725,917,2747,1000,13188,19302.0,35,70,4,4,1.0,1000,6,5,true,87
725,918,2750,1000,13191,19323.0,35,70,4,4,1.0,1000,6,5,true,87
725,919,2753,1000,13194,19344.0,35,70,4,4,1.0,1000,6,5,true,87
725,920,2756,1000,13197,19365.0,35,70,4,4,1.0,1000,6,5,true,87
725,921,2759,1000,13200,19386.0,35,70,4,4,1.0,1000,6,5,true,87
725,922,2762,1000,13203,19407.0,35,70,4,4,1.0,1000,6,5,true,87
725,923,2765,1000,13206,19428.0,35,70,4,4,1.0,1000,6,5,true,87
725,924,2768,1000,13209,19449.0,35,70,4,4,1.0,1000,6,5,true,87
725,925,2771,1000,13212,19470.0,35,70,4,4,1.0,1000,6,5,true,87
725,926,2774,1000,13215,19491.0,35,70,4,4,1.0,1000,6,5,true,87
725,927,2777,1000,13218,19512.0,35,70,4,4,1.0,1000,6,5,true,87
725,928,2780,1000,13221,19533.0,35,70,4,4,1.0,1000,6,5,true,87
725,929,2783,1000,13224,19554.0,35,70,4,4,1.0,1000,6,5,true,87
725,930,2786,1000,13227,19575.0,35,70,4,4,1.0,1000,6,5,true,87
725,931,2789,1000,13230,19596.0,35,70,4,4,1.0,1000,6,5,true,87
725,932,2792,1000,13945,19624.0,35,70,4,4,1.0,1000,6,5,true,87
725,933,2795,1000,13948,19645.0,35,70,4,4,1.0,1000,6,5,true,87
725,934,2798,1000,13951,19666.0,35,70,4,4,1.0,1000,6,5,true,87
725,935,2801,1000,13954,19687.0,35,70,4,4,1.0,1000,6,5,true,87
725,936,2804,1000,13993,19715.0,35,70,4,4,1.0,1000,6,5,true,87
725,937,2807,1000,13996,19736.0,35,70,4,4,1.0,1000,6,5,true,87
725,938,2810,1000,13999,19757.0,35,70,4,4,1.0,1000,6,5,true,87
725,939,2813,1000,14002,19778.0,35,70,4,4,1.0,1000,6,5,true,87
725,940,2816,1000,14005,19799.0,35,70,4,4,1.0,1000,6,5,true,87
725,941,2819,1000,14008,19820.0,35,70,4,4,1.0,1000,6,5,true,87
725,942,2822,1000,14011,19841.0,35,70,4,4,1.0,1000,6,5,true,87
725,943,2825,1000,14014,19862.0,35,70,4,4,1.0,1000,6,5,true,87
725,944,2828,1000,14017,19883.0,35,70,4,4,1.0,1000,6,5,true,87
725,945,2831,1000,14020,19904.0,35,70,4,4,1.0,1000,6,5,true,87
725,946,2834,1000,14023,19925.0,35,70,4,4,1.0,1000,6,5,true,87
725,947,2837,1000,14026,19946.0,35,70,4,4,1.0,1000,6,5,true,87
725,948,2840,1000,14029,19967.0,35,70,4,4,1.0,1000,6,5,true,87
725,949,2843,1000,14032,19988.0,35,70,4,4,1.0,1000,6,5,true,87
725,950,2846,1000,14035,20009.0,35,70,4,4,1.0,1000,6,5,true,87
725,951,2849,1000,14038,20030.0,35,70,4,4,1.0,1000,6,5,true,87
725,952,2852,1000,14041,20051.0,35,70,4,4,1.0,1000,6,5,true,87
725,953,2855,1000,14044,20072.0,35,70,4,4,1.0,1000,6,5,true,87
725,954,2858,1000,14047,20093.0,35,70,4,4,1.0,1000,6,5,true,87
725,955,2861,1000,14050,20114.0,35,70,4,4,1.0,1000,6,5,true,87
725,956,2864,1000,14053,20135.0,35,70,4,4,1.0,1000,6,5,true,87
725,957,2867,1000,14056,20156.0,35,70,4,4,1.0,1000,6,5,true,87
725,958,2870,1000,14059,20177.0,35,70,4,4,1.0,1000,6,5,true,87
725,959,2873,1000,14062,20198.0,35,70,4,4,1.0,1000,6,5,true,87
725,960,2876,1000,14065,20219.0,35,70,4,4,1.0,1000,6,5,true,87
725,961,2879,1000,14068,20240.0,35,70,4,4,1.0,1000,6,5,true,87
725,962,2882,1000,14071,20261.0,35,70,4,4,1.0,1000,6,5,true,87
725,963,2885,1000,14074,20282.0,35,70,4,4,1.0,1000,6,5,true,87
725,964,2888,1000,14077,20303.0,35,70,4,4,1.0,1000,6,5,true,87
725,966,2894,1000,14083,20345.0,35,70,4,4,1.0,1000,6,5,true,87
725,966,2894,1000,14083,20345.0,35,70,4,4,1.0,1000,6,5,true,87
725,967,2897,1000,14086,20366.0,35,70,4,4,1.0,1000,6,5,true,87
725,968,2900,1000,14089,20387.0,35,70,4,4,1.0,1000,6,5,true,87
725,969,2903,1000,14092,20408.0,35,70,4,4,1.0,1000,6,5,true,87
725,970,2906,1000,14095,20429.0,35,70,4,4,1.0,1000,6,5,true,87
725,971,2909,1000,14098,20450.0,35,70,4,4,1.0,1000,6,5,true,87
725,972,2912,1000,14101,20471.0,35,70,4,4,1.0,1000,6,5,true,87
725,973,2915,1000,14104,20492.0,35,70,4,4,1.0,1000,6,5,true,87
725,974,2918,1000,14107,20513.0,35,70,4,4,1.0,1000,6,5,true,87
725,975,2921,1000,14110,20534.0,35,70,4,4,1.0,1000,6,5,true,87
725,976,2924,1000,14113,20555.0,35,70,4,4,1.0,1000,6,5,true,87
725,977,2927,1000,14116,20576.0,35,70,4,4,1.0,1000,6,5,true,87
725,978,2930,1000,14119,20597.0,35,70,4,4,1.0,1000,6,5,true,87
725,979,2933,1000,14122,20618.0,35,70,4,4,1.0,1000,6,5,true,87
725,980,2936,1000,14125,20639.0,35,70,4,4,1.0,1000,6,5,true,87
725,981,2939,1000,14128,20660.0,35,70,4,4,1.0,1000,6,5,true,87
725,982,2942,1000,14131,20681.0,35,70,4,4,1.0,1000,6,5,true,87
725,983,2945,1000,14134,20702.0,35,70,4,4,1.0,1000,6,5,true,87
725,984,2948,1000,14137,20723.0,35,70,4,4,1.0,1000,6,5,true,87
725,985,2951,1000,14140,20744.0,35,70,4,4,1.0,1000,6,5,true,87
725,986,2954,1000,14143,20765.0,35,70,4,4,1.0,1000,6,5,true,87
725,987,2957,1000,14146,20786.0,36,70,4,4,1.0,1000,6,5,true,87
725,988,2960,1000,14149,20807.0,37,70,4,4,1.0,1000,6,5,true,87
725,989,2963,1000,14152,20828.0,37,70,4,4,1.0,1000,6,5,true,87
725,990,2966,1000,14155,20849.0,37,70,4,4,1.0,1000,6,5,true,87
725,991,2969,1000,14158,20870.0,37,70,4,4,1.0,1000,6,5,true,87
725,992,2972,1000,14161,20891.0,37,70,4,4,1.0,1000,6,5,true,87
725,993,2975,1000,14164,20912.0,37,70,4,4,1.0,1000,6,5,true,87
725,994,2978,1000,14167,20933.0,37,70,4,4,1.0,1000,6,5,true,87
725,995,2981,1000,14170,20954.0,37,70,4,4,1.0,1000,6,5,true,87
725,996,2984,1000,14173,20975.0,37,70,4,4,1.0,1000,6,5,true,87
725,997,2987,1000,14176,20996.0,37,70,4,4,1.0,1000,6,5,true,87
725,998,2990,1000,14179,21017.0,37,70,4,4,1.0,1000,6,5,true,87
725,999,2993,1000,14182,21038.0,37,70,4,4,1.0,1000,6,5,true,87
725,1000,2996,1000,14185,21059.0,37,70,4,4,1.0,1000,6,5,true,87
725,1001,2999,1000,14188,21080.0,38,70,4,4,1.0,1000,6,5,true,87
725,1002,3002,1000,14191,21101.0,38,70,4,4,1.0,1000,6,5,true,87
725,1003,3005,1000,14194,21122.0,38,70,4,4,1.0,1000,6,5,true,87
725,1004,3008,1000,14197,21143.0,38,70,4,4,1.0,1000,6,5,true,87
725,1005,3011,1000,14200,21164.0,38,70,4,4,1.0,1000,6,5,true,87
725,1006,3014,1000,14203,21185.0,38,70,4,4,1.0,1000,6,5,true,87
725,1007,3017,1000,14206,21206.0,38,70,4,4,1.0,1000,6,5,true,87
725,1008,3020,1000,14209,21227.0,38,70,4,4,1.0,1000,6,5,true,87
725,1009,3023,1000,14212,21248.0,38,70,4,4,1.0,1000,6,5,true,87
725,1010,3026,1000,14215,21269.0,38,70,4,4,1.0,1000,6,5,true,87
725,1011,3029,1000,14218,21290.0,38,70,4,4,1.0,1000,6,5,true,87
725,1012,3032,1000,14221,21311.0,38,70,4,4,1.0,1000,6,5,true,87
725,1013,3035,1000,14224,21332.0,38,70,4,4,1.0,1000,6,5,true,87
725,1014,3038,1000,14227,21353.0,38,70,4,4,1.0,1000,6,5,true,87
725,1015,3041,1000,14230,21374.0,38,70,4,4,1.0,1000,6,5,true,87
725,1016,3044,1000,14233,21395.0,38,70,4,4,1.0,1000,6,5,true,87
725,1017,3047,1000,14236,21416.0,38,70,4,4,1.0,1000,6,5,true,87
725,1018,3050,1000,14239,21437.0,38,70,4,4,1.0,1000,6,5,true,87
725,1019,3053,1000,14242,21458.0,38,70,4,4,1.0,1000,6,5,true,87
725,1020,3056,1000,14245,21479.0,38,70,4,4,1.0,1000,6,5,true,87
725,1021,3059,1000,14248,21500.0,38,70,4,4,1.0,1000,6,5,true,87
725,1022,3062,1000,14251,21521.0,38,70,4,4,1.0,1000,6,5,true,87
725,1023,3065,1000,14254,21542.0,38,70,4,4,1.0,1000,6,5,true,87
725,1024,3068,1000,14257,21563.0,38,70,4,4,1.0,1000,6,5,true,87
725,1025,3071,1000,14260,21584.0,38,70,4,4,1.0,1000,6,5,true,87
725,1026,3074,1000,14263,21605.0,38,70,4,4,1.0,1000,6,5,true,87
725,1027,3077,1000,15372,21626.0,38,70,4,4,1.0,1000,6,5,true,87
725,1028,3080,1000,15375,21647.0,38,70,4,4,1.0,1000,6,5,true,87
725,1029,3083,1000,15378,21668.0,38,70,4,4,1.0,1000,6,5,true,87
725,1030,3086,1000,15381,21689.0,38,70,4,4,1.0,1000,6,5,true,87
725,1031,3089,1000,15384,21710.0,38,70,4,4,1.0,1000,6,5,true,87
725,1032,3092,1000,15387,21731.0,38,70,4,4,1.0,1000,6,5,true,87
725,1033,3095,1000,15390,21752.0,38,70,4,4,1.0,1000,6,5,true,87
725,1034,3098,1000,15393,21773.0,38,70,4,4,1.0,1000,6,5,true,87
725,1035,3101,1000,15396,21794.0,38,70,4,4,1.0,1000,6,5,true,87
725,1036,3104,1000,15399,21815.0,38,70,4,4,1.0,1000,6,5,true,87
725,1037,3107,1000,15402,21836.0,38,70,4,4,1.0,1000,6,5,true,87
725,1038,3110,1000,15405,21857.0,39,70,4,4,1.0,1000,6,5,true,87
725,1039,3113,1000,15408,21878.0,39,70,4,4,1.0,1000,6,5,true,87
725,1040,3116,1000,15411,21899.0,39,70,4,4,1.0,1000,6,5,true,87
725,1041,3119,1000,15414,21920.0,39,70,4,4,1.0,1000,6,5,true,87
725,1042,3122,1000,15575,21941.0,39,70,4,4,1.0,1000,6,5,true,87
725,1043,3125,1000,15578,21962.0,39,70,4,4,1.0,1000,6,5,true,87
725,1044,3128,1000,15581,21983.0,39,70,4,4,1.0,1000,6,5,true,87
725,1045,3131,1000,15584,22004.0,39,70,4,4,1.0,1000,6,5,true,87
725,1046,3134,1000,15587,22025.0,39,70,4,4,1.0,1000,6,5,true,87
725,1047,3137,1000,15590,22046.0,39,70,4,4,1.0,1000,6,5,true,87
725,1048,3140,1000,15593,22067.0,39,70,4,4,1.0,1000,6,5,true,87
725,1049,3143,1000,15596,22088.0,39,70,4,4,1.0,1000,6,5,true,87
725,1050,3146,1000,15599,22109.0,39,70,4,4,1.0,1000,6,5,true,87
725,1051,3149,1000,15602,22130.0,39,70,4,4,1.0,1000,6,5,true,87
725,1052,3152,1000,15605,22151.0,39,70,4,4,1.0,1000,6,5,true,87
725,1053,3155,1000,15608,22172.0,39,70,4,4,1.0,1000,6,5,true,87
725,1054,3158,1000,15611,22193.0,39,70,4,4,1.0,1000,6,5,true,87
725,1055,3161,1000,15614,22214.0,39,70,4,4,1.0,1000,6,5,true,87
725,1056,3164,1000,15617,22235.0,39,70,4,4,1.0,1000,6,5,true,87
725,1057,3167,1000,15620,22256.0,39,70,4,4,1.0,1000,6,5,true,87
725,1058,3170,1000,15623,22277.0,39,70,4,4,1.0,1000,6,5,true,87
725,1059,3173,1000,15626,22298.0,39,70,4,4,1.0,1000,6,5,true,87
725,1060,3176,1000,15629,22319.0,39,70,4,4,1.0,1000,6,5,true,87
725,1061,3179,1000,15632,22340.0,39,70,4,4,1.0,1000,6,5,true,87
725,1062,3182,1000,15635,22361.0,39,70,4,4,1.0,1000,6,5,true,87
725,1063,3185,1000,15638,22382.0,39,70,4,4,1.0,1000,6,5,true,87
725,1064,3188,1000,15641,22403.0,39,70,4,4,1.0,1000,6,5,true,87
725,1065,3191,1000,15644,22424.0,39,70,4,4,1.0,1000,6,5,true,87
725,1066,3193,1000,15646,22438.0,39,70,4,4,1.0,1000,6,5,true,87
725,1067,3196,1000,15649,22459.0,39,70,4,4,1.0,1000,6,5,true,87
725,1068,3199,1000,15652,22480.0,39,70,4,4,1.0,1000,6,5,true,87
725,1069,3202,1000,15655,22501.0,39,70,4,4,1.0,1000,6,5,true,87
725,1070,3205,1000,15658,22522.0,39,70,4,4,1.0,1000,6,5,true,87
725,1071,3208,1000,15661,22543.0,39,70,4,4,1.0,1000,6,5,true,87
725,1072,3211,1000,15664,22564.0,39,70,4,4,1.0,1000,6,5,true,87
725,1073,3214,1000,15667,22585.0,39,70,4,4,1.0,1000,6,5,true,87
725,1074,3217,1000,15670,22606.0,39,70,4,4,1.0,1000,6,5,true,87
725,1075,3219,1000,15672,22620.0,39,70,4,4,1.0,1000,6,5,true,87
725,1076,3222,1000,15675,22641.0,39,70,4,4,1.0,1000,6,5,true,87
725,1077,3225,1000,15678,22662.0,39,70,4,4,1.0,1000,6,5,true,87
725,1078,3228,1000,15681,22683.0,39,70,4,4,1.0,1000,6,5,true,87
725,1079,3231,1000,15684,22704.0,39,70,4,4,1.0,1000,6,5,true,87
725,1080,3234,1000,15687,22725.0,39,70,4,4,1.0,1000,6,5,true,87
725,1081,3237,1000,15690,22746.0,39,70,4,4,1.0,1000,6,5,true,87
725,1082,3240,1000,15693,22767.0,39,70,4,4,1.0,1000,6,5,true,87
725,1083,3243,1000,15696,22788.0,39,70,4,4,1.0,1000,6,5,true,87
725,1084,3246,1000,15699,22809.0,39,70,4,4,1.0,1000,6,5,true,87
725,1085,3249,1000,15702,22830.0,39,70,4,4,1.0,1000,6,5,true,87
725,1086,3252,1000,15705,22851.0,39,70,4,4,1.0,1000,6,5,true,87
725,1087,3255,1000,15708,22872.0,39,70,4,4,1.0,1000,6,5,true,87
725,1088,3258,1000,15711,22893.0,39,70,4,4,1.0,1000,6,5,true,87
725,1089,3261,1000,15714,22914.0,39,70,4,4,1.0,1000,6,5,true,87
725,1090,3264,1000,15717,22935.0,39,70,4,4,1.0,1000,6,5,true,87
725,1091,3267,1000,15720,22956.0,39,70,4,4,1.0,1000,6,5,true,87
725,1092,3270,1000,15723,22977.0,39,70,4,4,1.0,1000,6,5,true,87
725,1093,3273,1000,15726,22998.0,39,70,4,4,1.0,1000,6,5,true,87
725,1094,3276,1000,15729,23019.0,39,70,4,4,1.0,1000,6,5,true,87
725,1095,3279,1000,15732,23040.0,39,70,4,4,1.0,1000,6,5,true,87
725,1096,3282,1000,15735,23061.0,39,70,4,4,1.0,1000,6,5,true,87
725,1097,3285,1000,15738,23082.0,39,70,4,4,1.0,1000,6,5,true,87
725,1098,3288,1000,15741,23103.0,39,70,4,4,1.0,1000,6,5,true,87
725,1099,3291,1000,15744,23124.0,39,70,4,4,1.0,1000,6,5,true,87
725,1100,3294,1000,15747,23145.0,39,70,4,4,1.0,1000,6,5,true,87
725,1101,3297,1000,15750,23166.0,39,70,4,4,1.0,1000,6,5,true,87
725,1102,3300,1000,15753,23187.0,39,70,4,4,1.0,1000,6,5,true,87
725,1103,3303,1000,15756,23208.0,39,70,4,4,1.0,1000,6,5,true,87
725,1104,3306,1000,15759,23229.0,39,70,4,4,1.0,1000,6,5,true,87
725,1105,3309,1000,15762,23250.0,39,70,4,4,1.0,1000,6,5,true,87
725,1106,3312,1000,15765,23271.0,39,70,4,4,1.0,1000,6,5,true,87
725,1107,3315,1000,15768,23292.0,39,70,4,4,1.0,1000,6,5,true,87
725,1108,3318,1000,15771,23313.0,39,70,4,4,1.0,1000,6,5,true,87
725,1109,3321,1000,15774,23334.0,39,70,4,4,1.0,1000,6,5,true,87
725,1110,3324,1000,15777,23355.0,39,70,4,4,1.0,1000,6,5,true,87
725,1111,3327,1000,15780,23376.0,39,70,4,4,1.0,1000,6,5,true,87
725,1112,3330,1000,15783,23397.0,39,70,4,4,1.0,1000,6,5,true,87
725,1113,3333,1000,15786,23418.0,39,70,4,4,1.0,1000,6,5,true,87
725,1114,3336,1000,15789,23439.0,39,70,4,4,1.0,1000,6,5,true,87
725,1115,3339,1000,15792,23460.0,39,70,4,4,1.0,1000,6,5,true,87
725,1116,3342,1000,15795,23481.0,39,70,4,4,1.0,1000,6,5,true,87
725,1117,3345,1000,15798,23502.0,39,70,4,4,1.0,1000,6,5,true,87
725,1118,3348,1000,15801,23523.0,39,70,4,4,1.0,1000,6,5,true,87
725,1119,3351,1000,15804,23544.0,39,70,4,4,1.0,1000,6,5,true,87
725,1120,3354,1000,15807,23565.0,39,70,4,4,1.0,1000,6,5,true,87
725,1121,3357,1000,15810,23586.0,40,70,4,4,1.0,1000,6,5,true,87
725,1122,3360,1000,15813,23607.0,40,70,4,4,1.0,1000,6,5,true,87
725,1123,3363,1000,15816,23628.0,40,70,4,4,1.0,1000,6,5,true,87
725,1124,3366,1000,15819,23649.0,41,70,4,4,1.0,1000,6,5,true,87
725,1125,3369,1000,15822,23670.0,41,70,4,4,1.0,1000,6,5,true,87
725,1126,3372,1000,15825,23691.0,41,70,4,4,1.0,1000,6,5,true,87
725,1127,3375,1000,15828,23712.0,41,70,4,4,1.0,1000,6,5,true,87
725,1128,3378,1000,15831,23733.0,41,70,4,4,1.0,1000,6,5,true,87
725,1129,3381,1000,15834,23754.0,41,70,4,4,1.0,1000,6,5,true,87
725,1130,3384,1000,15837,23775.0,41,70,4,4,1.0,1000,6,5,true,87
725,1131,3387,1000,15840,23796.0,42,70,4,4,1.0,1000,6,5,true,87
725,1132,3390,1000,15843,23817.0,42,70,4,4,1.0,1000,6,5,true,87
725,1133,3393,1000,15846,23838.0,42,70,4,4,1.0,1000,6,5,true,87
725,1134,3396,1000,15849,23859.0,42,70,4,4,1.0,1000,6,5,true,87
725,1135,3399,1000,15852,23880.0,42,70,4,4,1.0,1000,6,5,true,87
725,1136,3402,1000,15855,23901.0,42,70,4,4,1.0,1000,6,5,true,87
725,1137,3405,1000,15858,23922.0,42,70,4,4,1.0,1000,6,5,true,87
725,1138,3407,1000,15860,23936.0,42,70,4,4,1.0,1000,6,5,true,87
725,1139,3411,1000,15864,23964.0,42,70,4,4,1.0,1000,6,5,true,87
725,1140,3414,1000,15867,23985.0,42,70,4,4,1.0,1000,6,5,true,87
725,1141,3417,1000,15870,24006.0,42,70,4,4,1.0,1000,6,5,true,87
725,1142,3420,1000,15873,24027.0,42,70,4,4,1.0,1000,6,5,true,87
725,1143,3423,1000,15876,24048.0,42,70,4,4,1.0,1000,6,5,true,87
725,1144,3426,1000,15879,24069.0,42,70,4,4,1.0,1000,6,5,true,87
725,1145,3429,1000,15882,24090.0,42,70,4,4,1.0,1000,6,5,true,87
725,1146,3432,1000,15885,24111.0,42,70,4,4,1.0,1000,6,5,true,87
725,1147,3435,1000,15888,24132.0,42,70,4,4,1.0,1000,6,5,true,87
725,1148,3438,1000,15891,24153.0,42,70,4,4,1.0,1000,6,5,true,87
725,1149,3441,1000,15894,24174.0,42,70,4,4,1.0,1000,6,5,true,87
725,1150,3444,1000,15897,24195.0,42,70,4,4,1.0,1000,6,5,true,87
725,1151,3447,1000,15900,24216.0,42,70,4,4,1.0,1000,6,5,true,87
725,1152,3450,1000,15903,24237.0,42,70,4,4,1.0,1000,6,5,true,87
725,1153,3453,1000,15906,24258.0,42,70,4,4,1.0,1000,6,5,true,87
725,1154,3456,1000,15909,24279.0,42,70,4,4,1.0,1000,6,5,true,87
725,1155,3459,1000,15912,24300.0,42,70,4,4,1.0,1000,6,5,true,87
725,1156,3462,1000,15915,24321.0,42,70,4,4,1.0,1000,6,5,true,87
725,1157,3465,1000,15918,24342.0,42,70,4,4,1.0,1000,6,5,true,87
725,1158,3468,1000,15921,24363.0,42,70,4,4,1.0,1000,6,5,true,87
725,1159,3471,1000,15924,24384.0,42,70,4,4,1.0,1000,6,5,true,87
725,1160,3474,1000,15927,24405.0,42,70,4,4,1.0,1000,6,5,true,87
725,1161,3477,1000,15930,24426.0,42,70,4,4,1.0,1000,6,5,true,87
725,1162,3480,1000,15933,24447.0,42,70,4,4,1.0,1000,6,5,true,87
725,1163,3483,1000,15936,24468.0,42,70,4,4,1.0,1000,6,5,true,87
725,1164,3486,1000,15939,24489.0,42,70,4,4,1.0,1000,6,5,true,87
725,1165,3489,1000,15942,24510.0,42,70,4,4,1.0,1000,6,5,true,87
725,1166,3492,1000,15945,24531.0,42,70,4,4,1.0,1000,6,5,true,87
725,1167,3495,1000,15948,24552.0,42,70,4,4,1.0,1000,6,5,true,87
725,1168,3498,1000,15951,24573.0,42,70,4,4,1.0,1000,6,5,true,87
725,1169,3501,1000,15954,24594.0,42,70,4,4,1.0,1000,6,5,true,87
725,1170,3504,1000,15957,24615.0,42,70,4,4,1.0,1000,6,5,true,87
725,1171,3507,1000,15960,24636.0,42,70,4,4,1.0,1000,6,5,true,87
725,1172,3510,1000,15963,24657.0,42,70,4,4,1.0,1000,6,5,true,87
725,1174,3516,1000,15969,24699.0,42,70,4,4,1.0,1000,6,5,true,87
725,1174,3516,1000,15969,24699.0,42,70,4,4,1.0,1000,6,5,true,87
725,1175,3519,1000,15972,24720.0,42,70,4,4,1.0,1000,6,5,true,87
725,1176,3522,1000,15975,24741.0,42,70,4,4,1.0,1000,6,5,true,87
725,1177,3525,1000,15978,24762.0,42,70,4,4,1.0,1000,6,5,true,87
725,1178,3528,1000,15981,24783.0,42,70,4,4,1.0,1000,6,5,true,87
725,1179,3531,1000,15984,24804.0,42,70,4,4,1.0,1000,6,5,true,87
725,1180,3534,1000,15987,24825.0,42,70,4,4,1.0,1000,6,5,true,87
725,1181,3537,1000,15990,24846.0,42,70,4,4,1.0,1000,6,5,true,87
725,1182,3540,1000,15993,24867.0,42,70,4,4,1.0,1000,6,5,true,87
725,1183,3543,1000,15996,24888.0,42,70,4,4,1.0,1000,6,5,true,87
725,1184,3546,1000,15999,24909.0,42,70,4,4,1.0,1000,6,5,true,87
725,1185,3549,1000,16002,24930.0,42,70,4,4,1.0,1000,6,5,true,87
725,1186,3552,1000,16005,24951.0,42,70,4,4,1.0,1000,6,5,true,87
725,1187,3555,1000,16008,24972.0,42,70,4,4,1.0,1000,6,5,true,87
725,1188,3558,1000,16011,24993.0,42,70,4,4,1.0,1000,6,5,true,87
725,1189,3561,1000,16014,25014.0,42,70,4,4,1.0,1000,6,5,true,87
725,1190,3564,1000,16017,25035.0,42,70,4,4,1.0,1000,6,5,true,87
725,1191,3567,1000,16020,25056.0,42,70,4,4,1.0,1000,6,5,true,87
725,1192,3570,1000,16023,25077.0,42,70,4,4,1.0,1000,6,5,true,87
725,1193,3573,1000,16026,25098.0,42,70,4,4,1.0,1000,6,5,true,87
725,1194,3576,1000,16029,25119.0,42,70,4,4,1.0,1000,6,5,true,87
725,1195,3579,1000,16032,25140.0,42,70,4,4,1.0,1000,6,5,true,87
725,1196,3582,1000,16035,25161.0,42,70,4,4,1.0,1000,6,5,true,87
725,1197,3585,1000,16038,25182.0,42,70,4,4,1.0,1000,6,5,true,87
725,1198,3588,1000,16041,25203.0,43,70,4,4,1.0,1000,6,5,true,87
725,1199,3591,1000,16044,25224.0,43,70,4,4,1.0,1000,6,5,true,87
725,1200,3594,1000,16047,25245.0,43,70,4,4,1.0,1000,6,5,true,87
725,1201,3597,1000,16050,25266.0,43,70,4,4,1.0,1000,6,5,true,87
725,1202,3600,1000,16053,25287.0,43,70,4,4,1.0,1000,6,5,true,87
725,1203,3603,1000,17980,25315.0,43,70,4,4,1.0,1000,6,5,true,87
725,1204,3606,1000,17983,25336.0,43,70,4,4,1.0,1000,6,5,true,87
725,1205,3609,1000,17986,25357.0,43,70,4,4,1.0,1000,6,5,true,87
725,1206,3612,1000,17989,25378.0,43,70,4,4,1.0,1000,6,5,true,87
725,1207,3615,1000,17992,25399.0,43,70,4,4,1.0,1000,6,5,true,87
725,1208,3618,1000,17995,25420.0,43,70,4,4,1.0,1000,6,5,true,87
725,1209,3621,1000,17998,25441.0,43,70,4,4,1.0,1000,6,5,true,87
725,1210,3624,1000,18001,25462.0,43,70,4,4,1.0,1000,6,5,true,87
725,1211,3627,1000,18004,25483.0,43,70,4,4,1.0,1000,6,5,true,87
725,1212,3630,1000,18007,25504.0,43,70,4,4,1.0,1000,6,5,true,87
725,1213,3633,1000,18010,25525.0,43,70,4,4,1.0,1000,6,5,true,87
725,1214,3636,1000,18013,25546.0,43,70,4,4,1.0,1000,6,5,true,87
725,1215,3639,1000,18016,25567.0,43,70,4,4,1.0,1000,6,5,true,87
725,1216,3642,1000,18019,25588.0,43,70,4,4,1.0,1000,6,5,true,87
725,1217,3645,1000,18022,25609.0,43,70,4,4,1.0,1000,6,5,true,87
725,1218,3648,1000,18025,25630.0,43,70,4,4,1.0,1000,6,5,true,87
725,1219,3651,1000,18028,25651.0,44,70,4,4,1.0,1000,6,5,true,87
725,1220,3654,1000,18031,25672.0,44,70,4,4,1.0,1000,6,5,true,87
725,1221,3657,1000,18034,25693.0,44,70,4,4,1.0,1000,6,5,true,87
725,1222,3660,1000,18037,25714.0,44,70,4,4,1.0,1000,6,5,true,87
725,1223,3663,1000,18040,25735.0,44,70,4,4,1.0,1000,6,5,true,87
725,1224,3666,1000,18043,25756.0,44,70,4,4,1.0,1000,6,5,true,87
725,1225,3669,1000,18046,25777.0,44,70,4,4,1.0,1000,6,5,true,87
725,1226,3672,1000,18049,25798.0,44,70,4,4,1.0,1000,6,5,true,87
725,1227,3675,1000,18052,25819.0,44,70,4,4,1.0,1000,6,5,true,87
725,1228,3678,1000,18055,25840.0,44,70,4,4,1.0,1000,6,5,true,87
725,1229,3681,1000,18058,25861.0,44,70,4,4,1.0,1000,6,5,true,87
725,1230,3684,1000,18061,25882.0,44,70,4,4,1.0,1000,6,5,true,87
725,1231,3687,1000,18064,25903.0,44,70,4,4,1.0,1000,6,5,true,87
725,1232,3690,1000,18067,25924.0,44,70,4,4,1.0,1000,6,5,true,87
725,1233,3693,1000,18070,25945.0,44,70,4,4,1.0,1000,6,5,true,87
725,1234,3696,1000,18073,25966.0,44,70,4,4,1.0,1000,6,5,true,87
725,1235,3699,1000,18076,25987.0,44,70,4,4,1.0,1000,6,5,true,87
725,1236,3702,1000,18079,26008.0,44,70,4,4,1.0,1000,6,5,true,87
725,1237,3705,1000,18082,26029.0,44,70,4,4,1.0,1000,6,5,true,87
725,1238,3708,1000,18085,26050.0,44,70,4,4,1.0,1000,6,5,true,87
725,1239,3711,1000,18088,26071.0,44,70,4,4,1.0,1000,6,5,true,87
725,1240,3714,1000,18091,26092.0,44,70,4,4,1.0,1000,6,5,true,87
725,1241,3717,1000,18094,26113.0,44,70,4,4,1.0,1000,6,5,true,87
725,1242,3720,1000,18097,26134.0,44,70,4,4,1.0,1000,6,5,true,87
725,1243,3723,1000,18100,26155.0,45,70,4,4,1.0,1000,6,5,true,87
725,1244,3726,1000,18103,26176.0,45,70,4,4,1.0,1000,6,5,true,87
725,1245,3729,1000,18610,26204.0,45,70,4,4,1.0,1000,6,5,true,87
725,1246,3732,1000,18613,26225.0,45,70,4,4,1.0,1000,6,5,true,87
725,1247,3735,1000,18616,26246.0,45,70,4,4,1.0,1000,6,5,true,87
725,1248,3738,1000,18619,26267.0,45,70,4,4,1.0,1000,6,5,true,87
725,1249,3741,1000,18622,26288.0,45,70,4,4,1.0,1000,6,5,true,87
725,1250,3744,1000,18625,26309.0,45,70,4,4,1.0,1000,6,5,true,87
725,1251,3747,1000,18628,26330.0,45,70,4,4,1.0,1000,6,5,true,87
725,1252,3750,1000,18631,26351.0,46,70,4,4,1.0,1000,6,5,true,87
725,1253,3753,1000,18634,26372.0,46,70,4,4,1.0,1000,6,5,true,87
725,1254,3756,1000,18637,26393.0,46,70,4,4,1.0,1000,6,5,true,87
725,1255,3759,1000,18640,26414.0,46,70,4,4,1.0,1000,6,5,true,87
725,1256,3762,1000,18643,26435.0,46,70,4,4,1.0,1000,6,5,true,87
725,1257,3765,1000,18646,26456.0,46,70,4,4,1.0,1000,6,5,true,87
725,1258,3768,1000,18815,26477.0,46,70,4,4,1.0,1000,6,5,true,87
725,1259,3771,1000,18818,26498.0,46,70,4,4,1.0,1000,6,5,true,87
725,1260,3774,1000,18821,26519.0,46,70,4,4,1.0,1000,6,5,true,87
725,1261,3777,1000,18824,26540.0,46,70,4,4,1.0,1000,6,5,true,87
725,1262,3780,1000,18827,26561.0,46,70,4,4,1.0,1000,6,5,true,87
725,1263,3783,1000,18830,26582.0,46,70,4,4,1.0,1000,6,5,true,87
725,1264,3786,1000,18833,26603.0,46,70,4,4,1.0,1000,6,5,true,87
725,1265,3789,1000,18836,26624.0,46,70,4,4,1.0,1000,6,5,true,87
725,1266,3792,1000,18839,26645.0,46,70,4,4,1.0,1000,6,5,true,87
725,1267,3795,1000,18842,26666.0,46,70,4,4,1.0,1000,6,5,true,87
725,1268,3798,1000,18845,26687.0,46,70,4,4,1.0,1000,6,5,true,87
725,1269,3801,1000,18848,26708.0,46,70,4,4,1.0,1000,6,5,true,87
725,1270,3804,1000,18851,26729.0,46,70,4,4,1.0,1000,6,5,true,87
725,1271,3807,1000,18854,26750.0,46,70,4,4,1.0,1000,6,5,true,87
725,1272,3810,1000,18857,26771.0,46,70,4,4,1.0,1000,6,5,true,87
725,1273,3813,1000,18860,26792.0,46,70,4,4,1.0,1000,6,5,true,87
725,1274,3816,1000,18863,26813.0,46,70,4,4,1.0,1000,6,5,true,87
725,1275,3819,1000,18866,26834.0,46,70,4,4,1.0,1000,6,5,true,87
725,1276,3822,1000,18869,26855.0,46,70,4,4,1.0,1000,6,5,true,87
725,1277,3825,1000,18872,26876.0,46,70,4,4,1.0,1000,6,5,true,87
725,1278,3828,1000,18875,26897.0,46,70,4,4,1.0,1000,6,5,true,87
725,1279,3831,1000,18878,26918.0,46,70,4,4,1.0,1000,6,5,true,87
725,1280,3834,1000,18881,26939.0,46,70,4,4,1.0,1000,6,5,true,87
725,1281,3837,1000,18884,26960.0,46,70,4,4,1.0,1000,6,5,true,87
725,1282,3840,1000,18887,26981.0,46,70,4,4,1.0,1000,6,5,true,87
725,1283,3843,1000,18890,27002.0,46,70,4,4,1.0,1000,6,5,true,87
725,1284,3846,1000,18893,27023.0,46,70,4,4,1.0,1000,6,5,true,87
725,1285,3849,1000,19206,27044.0,46,70,4,4,1.0,1000,6,5,true,87
725,1286,3852,1000,19209,27065.0,47,70,4,4,1.0,1000,6,5,true,87
725,1287,3855,1000,19212,27086.0,47,70,4,4,1.0,1000,6,5,true,87
725,1288,3858,1000,19215,27107.0,47,70,4,4,1.0,1000,6,5,true,87
725,1289,3861,1000,19218,27128.0,47,70,4,4,1.0,1000,6,5,true,87
725,1290,3864,1000,19221,27149.0,47,70,4,4,1.0,1000,6,5,true,87
725,1291,3867,1000,19300,27177.0,47,70,4,4,1.0,1000,6,5,true,87
725,1292,3870,1000,19303,27198.0,47,70,4,4,1.0,1000,6,5,true,87
725,1293,3873,1000,19306,27219.0,47,70,4,4,1.0,1000,6,5,true,87
725,1294,3876,1000,19309,27240.0,47,70,4,4,1.0,1000,6,5,true,87
725,1295,3879,1000,19312,27261.0,47,70,4,4,1.0,1000,6,5,true,87
725,1296,3882,1000,19315,27282.0,47,70,4,4,1.0,1000,6,5,true,87
725,1297,3885,1000,19318,27303.0,47,70,4,4,1.0,1000,6,5,true,87
725,1298,3888,1000,19321,27324.0,47,70,4,4,1.0,1000,6,5,true,87
725,1299,3891,1000,19324,27345.0,47,70,4,4,1.0,1000,6,5,true,87
725,1300,3894,1000,19447,27366.0,47,70,4,4,1.0,1000,6,5,true,87
725,1301,3896,1000,19449,27380.0,47,70,4,4,1.0,1000,6,5,true,87
725,1302,3899,1000,19452,27401.0,47,70,4,4,1.0,1000,6,5,true,87
725,1303,3902,1000,19455,27422.0,47,70,4,4,1.0,1000,6,5,true,87
725,1304,3904,1000,19457,27436.0,47,70,4,4,1.0,1000,6,5,true,87
725,1305,3907,1000,19460,27457.0,47,70,4,4,1.0,1000,6,5,true,87
725,1306,3910,1000,19463,27478.0,47,70,4,4,1.0,1000,6,5,true,87
725,1307,3913,1000,19466,27499.0,47,70,4,4,1.0,1000,6,5,true,87
725,1308,3916,1000,19469,27520.0,47,70,4,4,1.0,1000,6,5,true,87
725,1309,3919,1000,19472,27541.0,47,70,4,4,1.0,1000,6,5,true,87
725,1310,3922,1000,19475,27562.0,47,70,4,4,1.0,1000,6,5,true,87
725,1311,3925,1000,19610,27590.0,47,70,4,4,1.0,1000,6,5,true,87
725,1312,3928,1000,19613,27611.0,47,70,4,4,1.0,1000,6,5,true,87
725,1313,3931,1000,19616,27632.0,47,70,4,4,1.0,1000,6,5,true,87
725,1314,3934,1000,19619,27653.0,47,70,4,4,1.0,1000,6,5,true,87
725,1315,3937,1000,19622,27674.0,47,70,4,4,1.0,1000,6,5,true,87
725,1316,3940,1000,19625,27695.0,47,70,4,4,1.0,1000,6,5,true,87
725,1317,3943,1000,19628,27716.0,47,70,4,4,1.0,1000,6,5,true,87
725,1318,3946,1000,19631,27737.0,47,70,4,4,1.0,1000,6,5,true,87
725,1319,3949,1000,19634,27758.0,47,70,4,4,1.0,1000,6,5,true,87
725,1320,3952,1000,19637,27779.0,47,70,4,4,1.0,1000,6,5,true,87
725,1321,3955,1000,19640,27800.0,47,70,4,4,1.0,1000,6,5,true,87
725,1322,3958,1000,19643,27821.0,47,70,4,4,1.0,1000,6,5,true,87
725,1323,3961,1000,19646,27842.0,47,70,4,4,1.0,1000,6,5,true,87
725,1324,3964,1000,19649,27863.0,47,70,4,4,1.0,1000,6,5,true,87
725,1325,3967,1000,19652,27884.0,47,70,4,4,1.0,1000,6,5,true,87
725,1326,3970,1000,19655,27905.0,48,70,4,4,1.0,1000,6,5,true,87
725,1327,3973,1000,19658,27926.0,48,70,4,4,1.0,1000,6,5,true,87
725,1328,3976,1000,19661,27947.0,48,70,4,4,1.0,1000,6,5,true,87
725,1329,3979,1000,19664,27968.0,48,70,4,4,1.0,1000,6,5,true,87
725,1330,3982,1000,19667,27989.0,48,70,4,4,1.0,1000,6,5,true,87
725,1331,3985,1000,19670,28010.0,48,70,4,4,1.0,1000,6,5,true,87
725,1332,3988,1000,19673,28031.0,48,70,4,4,1.0,1000,6,5,true,87
725,1333,3991,1000,19676,28052.0,48,70,4,4,1.0,1000,6,5,true,87
725,1334,3994,1000,19679,28073.0,48,70,4,4,1.0,1000,6,5,true,87
725,1335,3997,1000,19682,28094.0,48,70,4,4,1.0,1000,6,5,true,87
725,1336,4000,1000,19685,28115.0,48,70,4,4,1.0,1000,6,5,true,87
725,1337,4003,1000,19688,28136.0,48,70,4,4,1.0,1000,6,5,true,87
725,1338,4006,1000,19691,28157.0,48,70,4,4,1.0,1000,6,5,true,87
725,1339,4009,1000,19694,28178.0,48,70,4,4,1.0,1000,6,5,true,87
725,1340,4012,1000,19697,28199.0,48,70,4,4,1.0,1000,6,5,true,87
725,1341,4015,1000,19700,28220.0,48,70,4,4,1.0,1000,6,5,true,87
725,1342,4018,1000,19703,28241.0,48,70,4,4,1.0,1000,6,5,true,87
725,1343,4021,1000,19706,28262.0,48,70,4,4,1.0,1000,6,5,true,87
725,1344,4024,1000,19709,28283.0,48,70,4,4,1.0,1000,6,5,true,87
725,1345,4027,1000,20108,28311.0,49,70,4,4,1.0,1000,6,5,true,87
725,1346,4030,1000,20111,28332.0,49,70,4,4,1.0,1000,6,5,true,87
725,1347,4033,1000,20114,28353.0,49,70,4,4,1.0,1000,6,5,true,87
725,1348,4036,1000,20117,28374.0,49,70,4,4,1.0,1000,6,5,true,87
725,1349,4040,1000,20121,28402.0,49,70,4,4,1.0,1000,6,5,true,87
725,1350,4043,1000,20124,28423.0,49,70,4,4,1.0,1000,6,5,true,87
725,1351,4046,1000,20127,28444.0,49,70,4,4,1.0,1000,6,5,true,87
725,1352,4049,1000,20130,28465.0,49,70,4,4,1.0,1000,6,5,true,87
725,1353,4052,1000,20133,28486.0,49,70,4,4,1.0,1000,6,5,true,87
725,1354,4055,1000,20136,28507.0,49,70,4,4,1.0,1000,6,5,true,87
725,1355,4058,1000,20139,28528.0,49,70,4,4,1.0,1000,6,5,true,87
725,1356,4061,1000,20142,28549.0,49,70,4,4,1.0,1000,6,5,true,87
725,1357,4064,1000,20145,28570.0,49,70,4,4,1.0,1000,6,5,true,87
725,1358,4067,1000,20148,28591.0,49,70,4,4,1.0,1000,6,5,true,87
725,1359,4070,1000,20151,28612.0,49,70,4,4,1.0,1000,6,5,true,87
725,1360,4073,1000,20154,28633.0,49,70,4,4,1.0,1000,6,5,true,87
725,1361,4075,1000,20156,28647.0,49,70,4,4,1.0,1000,6,5,true,87
725,1362,4078,1000,20159,28668.0,49,70,4,4,1.0,1000,6,5,true,87
725,1363,4081,1000,20162,28689.0,49,70,4,4,1.0,1000,6,5,true,87
725,1364,4084,1000,20165,28710.0,49,70,4,4,1.0,1000,6,5,true,87
725,1365,4087,1000,20168,28731.0,49,70,4,4,1.0,1000,6,5,true,87
725,1366,4090,1000,20171,28752.0,49,70,4,4,1.0,1000,6,5,true,87
725,1367,4093,1000,20174,28773.0,49,70,4,4,1.0,1000,6,5,true,87
725,1368,4096,1000,20177,28794.0,49,70,4,4,1.0,1000,6,5,true,87
725,1369,4099,1000,20180,28815.0,49,70,4,4,1.0,1000,6,5,true,87
725,1370,4102,1000,20183,28836.0,49,70,4,4,1.0,1000,6,5,true,87
725,1371,4105,1000,20186,28857.0,49,70,4,4,1.0,1000,6,5,true,87
725,1372,4108,1000,20189,28878.0,49,70,4,4,1.0,1000,6,5,true,87
725,1373,4111,1000,20192,28899.0,49,70,4,4,1.0,1000,6,5,true,87
725,1374,4114,1000,20195,28920.0,49,70,4,4,1.0,1000,6,5,true,87
725,1375,4117,1000,20198,28941.0,49,70,4,4,1.0,1000,6,5,true,87
725,1376,4120,1000,20201,28962.0,49,70,4,4,1.0,1000,6,5,true,87
725,1377,4123,1000,20204,28983.0,49,70,4,4,1.0,1000,6,5,true,87
725,1378,4126,1000,20207,29004.0,49,70,4,4,1.0,1000,6,5,true,87
725,1379,4129,1000,20210,29025.0,49,70,4,4,1.0,1000,6,5,true,87
725,1380,4132,1000,20213,29046.0,49,70,4,4,1.0,1000,6,5,true,87
725,1381,4135,1000,20216,29067.0,49,70,4,4,1.0,1000,6,5,true,87
725,1382,4138,1000,20219,29088.0,49,70,4,4,1.0,1000,6,5,true,87
725,1383,4141,1000,20222,29109.0,49,70,4,4,1.0,1000,6,5,true,87
725,1384,4144,1000,20225,29130.0,49,70,4,4,1.0,1000,6,5,true,87
725,1385,4147,1000,20228,29151.0,49,70,4,4,1.0,1000,6,5,true,87
725,1386,4150,1000,20231,29172.0,49,70,4,4,1.0,1000,6,5,true,87
725,1387,4153,1000,20234,29193.0,49,70,4,4,1.0,1000,6,5,true,87
725,1388,4156,1000,20237,29214.0,49,70,4,4,1.0,1000,6,5,true,87
725,1389,4159,1000,20240,29235.0,49,70,4,4,1.0,1000,6,5,true,87
725,1390,4162,1000,20243,29256.0,49,70,4,4,1.0,1000,6,5,true,87
725,1391,4165,1000,20246,29277.0,49,70,4,4,1.0,1000,6,5,true,87
725,1392,4168,1000,20249,29298.0,49,70,4,4,1.0,1000,6,5,true,87
725,1393,4171,1000,20252,29319.0,50,70,4,4,1.0,1000,6,5,true,87
725,1394,4174,1000,20255,29340.0,50,70,4,4,1.0,1000,6,5,true,87
725,1395,4177,1000,20258,29361.0,50,70,4,4,1.0,1000,6,5,true,87
725,1396,4180,1000,20261,29382.0,50,70,4,4,1.0,1000,6,5,true,87
725,1397,4183,1000,20264,29403.0,50,70,4,4,1.0,1000,6,5,true,87
725,1398,4186,1000,20267,29424.0,50,70,4,4,1.0,1000,6,5,true,87
725,1399,4189,1000,20270,29445.0,50,70,4,4,1.0,1000,6,5,true,87
725,1400,4192,1000,20273,29466.0,50,70,4,4,1.0,1000,6,5,true,87
725,1401,4195,1000,20276,29487.0,50,70,4,4,1.0,1000,6,5,true,87
725,1402,4197,1000,20278,29501.0,50,70,4,4,1.0,1000,6,5,true,87
725,1403,4200,1000,20281,29522.0,50,70,4,4,1.0,1000,6,5,true,87
725,1404,4203,1000,20284,29543.0,50,70,4,4,1.0,1000,6,5,true,87
725,1405,4206,1000,20287,29564.0,50,70,4,4,1.0,1000,6,5,true,87
725,1406,4209,1000,20290,29585.0,50,70,4,4,1.0,1000,6,5,true,87
725,1407,4212,1000,20293,29606.0,50,70,4,4,1.0,1000,6,5,true,87
725,1408,4215,1000,20296,29627.0,50,70,4,4,1.0,1000,6,5,true,87
725,1409,4218,1000,20299,29648.0,50,70,4,4,1.0,1000,6,5,true,87
725,1410,4221,1000,20302,29669.0,50,70,4,4,1.0,1000,6,5,true,87
725,1411,4224,1000,20305,29690.0,50,70,4,4,1.0,1000,6,5,true,87
725,1412,4227,1000,20308,29711.0,50,70,4,4,1.0,1000,6,5,true,87
725,1413,4230,1000,20311,29732.0,50,70,4,4,1.0,1000,6,5,true,87
725,1414,4233,1000,20314,29753.0,50,70,4,4,1.0,1000,6,5,true,87
725,1415,4236,1000,20317,29774.0,50,70,4,4,1.0,1000,6,5,true,87
725,1416,4239,1000,20320,29795.0,50,70,4,4,1.0,1000,6,5,true,87
725,1417,4242,1000,20323,29816.0,50,70,4,4,1.0,1000,6,5,true,87
725,1418,4245,1000,20326,29837.0,50,70,4,4,1.0,1000,6,5,true,87
725,1419,4248,1000,20329,29858.0,50,70,4,4,1.0,1000,6,5,true,87
725,1420,4251,1000,20332,29879.0,50,70,4,4,1.0,1000,6,5,true,87
725,1421,4254,1000,20335,29900.0,50,70,4,4,1.0,1000,6,5,true,87
725,1422,4257,1000,20338,29921.0,50,70,4,4,1.0,1000,6,5,true,87
725,1423,4260,1000,20341,29942.0,50,70,4,4,1.0,1000,6,5,true,87
725,1424,4263,1000,20344,29963.0,50,70,4,4,1.0,1000,6,5,true,87
725,1425,4266,1000,20347,29984.0,50,70,4,4,1.0,1000,6,5,true,87
725,1426,4269,1000,20350,30005.0,50,70,4,4,1.0,1000,6,5,true,87
725,1427,4272,1000,20353,30026.0,50,70,4,4,1.0,1000,6,5,true,87
725,1428,4275,1000,20356,30047.0,50,70,4,4,1.0,1000,6,5,true,87
725,1429,4278,1000,20359,30068.0,50,70,4,4,1.0,1000,6,5,true,87
725,1430,4281,1000,20362,30089.0,50,70,4,4,1.0,1000,6,5,true,87
725,1431,4284,1000,20365,30110.0,50,70,4,4,1.0,1000,6,5,true,87
725,1432,4287,1000,20368,30131.0,50,70,4,4,1.0,1000,6,5,true,87
725,1433,4290,1000,20371,30152.0,50,70,4,4,1.0,1000,6,5,true,87
725,1434,4293,1000,20374,30173.0,50,70,4,4,1.0,1000,6,5,true,87
725,1435,4296,1000,20377,30194.0,50,70,4,4,1.0,1000,6,5,true,87
725,1436,4299,1000,20380,30215.0,50,70,4,4,1.0,1000,6,5,true,87
725,1437,4302,1000,20383,30236.0,50,70,4,4,1.0,1000,6,5,true,87
725,1438,4305,1000,20386,30257.0,50,70,4,4,1.0,1000,6,5,true,87
725,1439,4308,1000,20389,30278.0,50,70,4,4,1.0,1000,6,5,true,87
725,1440,4311,1000,20392,30299.0,50,70,4,4,1.0,1000,6,5,true,87
725,1441,4314,1000,20395,30320.0,51,70,4,4,1.0,1000,6,5,true,87
725,1442,4317,1000,20398,30341.0,51,70,4,4,1.0,1000,6,5,true,87
725,1443,4320,1000,20401,30362.0,51,70,4,4,1.0,1000,6,5,true,87
725,1444,4323,1000,20404,30383.0,51,70,4,4,1.0,1000,6,5,true,87
725,1445,4326,1000,20407,30404.0,52,70,4,4,1.0,1000,6,5,true,87
725,1446,4329,1000,20410,30425.0,52,70,4,4,1.0,1000,6,5,true,87
725,1447,4332,1000,20413,30446.0,52,70,4,4,1.0,1000,6,5,true,87
725,1448,4335,1000,20416,30467.0,52,70,4,4,1.0,1000,6,5,true,87
725,1449,4338,1000,20419,30488.0,53,70,4,4,1.0,1000,6,5,true,87
725,1450,4341,1000,20422,30509.0,53,70,4,4,1.0,1000,6,5,true,87
725,1451,4344,1000,20425,30530.0,53,70,4,4,1.0,1000,6,5,true,87
725,1452,4347,1000,20428,30551.0,53,70,4,4,1.0,1000,6,5,true,87
725,1453,4350,1000,20431,30572.0,53,70,4,4,1.0,1000,6,5,true,87
725,1454,4353,1000,20434,30593.0,53,70,4,4,1.0,1000,6,5,true,87
725,1455,4356,1000,20437,30614.0,53,70,4,4,1.0,1000,6,5,true,87
725,1456,4359,1000,20440,30635.0,53,70,4,4,1.0,1000,6,5,true,87
725,1457,4362,1000,20443,30656.0,53,70,4,4,1.0,1000,6,5,true,87
725,1458,4365,1000,20446,30677.0,53,70,4,4,1.0,1000,6,5,true,87
725,1459,4368,1000,20449,30698.0,53,70,4,4,1.0,1000,6,5,true,87
725,1460,4371,1000,20452,30719.0,53,70,4,4,1.0,1000,6,5,true,87
725,1461,4374,1000,20455,30740.0,53,70,4,4,1.0,1000,6,5,true,87
725,1462,4377,1000,20458,30761.0,53,70,4,4,1.0,1000,6,5,true,87
725,1463,4380,1000,20461,30782.0,53,70,4,4,1.0,1000,6,5,true,87
725,1464,4383,1000,20464,30803.0,53,70,4,4,1.0,1000,6,5,true,87
725,1465,4386,1000,20467,30824.0,53,70,4,4,1.0,1000,6,5,true,87
725,1466,4389,1000,20470,30845.0,53,70,4,4,1.0,1000,6,5,true,87
725,1467,4392,1000,20473,30866.0,53,70,4,4,1.0,1000,6,5,true,87
725,1468,4395,1000,20476,30887.0,53,70,4,4,1.0,1000,6,5,true,87
725,1469,4398,1000,20479,30908.0,53,70,4,4,1.0,1000,6,5,true,87
725,1470,4401,1000,20482,30929.0,54,70,4,4,1.0,1000,6,5,true,87
725,1471,4404,1000,20485,30950.0,54,70,4,4,1.0,1000,6,5,true,87
725,1472,4407,1000,20488,30971.0,54,70,4,4,1.0,1000,6,5,true,87
725,1473,4410,1000,20491,30992.0,54,70,4,4,1.0,1000,6,5,true,87
725,1474,4413,1000,20494,31013.0,54,70,4,4,1.0,1000,6,5,true,87
725,1475,4416,1000,20497,31034.0,54,70,4,4,1.0,1000,6,5,true,87
725,1476,4419,1000,20500,31055.0,54,70,4,4,1.0,1000,6,5,true,87
725,1477,4422,1000,20503,31076.0,54,70,4,4,1.0,1000,6,5,true,87
725,1478,4425,1000,20506,31097.0,54,70,4,4,1.0,1000,6,5,true,87
725,1479,4428,1000,20509,31118.0,54,70,4,4,1.0,1000,6,5,true,87
725,1480,4431,1000,20512,31139.0,54,70,4,4,1.0,1000,6,5,true,87
725,1481,4434,1000,20515,31160.0,54,70,4,4,1.0,1000,6,5,true,87
725,1482,4437,1000,20518,31181.0,54,70,4,4,1.0,1000,6,5,true,87
725,1483,4440,1000,20521,31202.0,54,70,4,4,1.0,1000,6,5,true,87
725,1484,4443,1000,20524,31223.0,54,70,4,4,1.0,1000,6,5,true,87
725,1485,4446,1000,20527,31244.0,54,70,4,4,1.0,1000,6,5,true,87
725,1486,4449,1000,20530,31265.0,54,70,4,4,1.0,1000,6,5,true,87
725,1487,4452,1000,20533,31286.0,54,70,4,4,1.0,1000,6,5,true,87
725,1488,4454,1000,20535,31300.0,54,70,4,4,1.0,1000,6,5,true,87
725,1489,4457,1000,20538,31321.0,54,70,4,4,1.0,1000,6,5,true,87
725,1490,4460,1000,20541,31342.0,54,70,4,4,1.0,1000,6,5,true,87
725,1491,4463,1000,20544,31363.0,54,70,4,4,1.0,1000,6,5,true,87
725,1492,4466,1000,20547,31384.0,54,70,4,4,1.0,1000,6,5,true,87
725,1493,4469,1000,20976,31405.0,54,70,4,4,1.0,1000,6,5,true,87
