727,1,3,4,3,6.0,0,70,0,1,0.0,1000,6,5,true,17
727,2,7,8,7,14.0,0,70,0,1,0.0,1000,6,5,true,17
727,3,10,11,10,20.0,0,70,0,1,0.0,1000,6,5,true,17
727,4,13,14,13,26.0,0,70,0,1,0.0,1000,6,5,true,17
727,5,16,17,16,32.0,0,70,0,1,0.0,1000,6,5,true,17
727,6,18,19,18,36.0,0,70,0,1,0.0,1000,6,5,true,17
727,7,21,22,21,42.0,0,70,0,1,0.0,1000,6,5,true,17
727,8,24,25,24,48.0,0,70,0,1,0.0,1000,6,5,true,17
727,9,27,28,27,54.0,0,70,0,1,0.0,1000,6,5,true,17
727,10,31,31,31,62.0,0,70,0,1,0.0,1000,7,5,true,17
727,11,35,34,35,70.0,0,70,0,1,0.0,1000,7,5,true,17
727,12,39,38,39,78.0,0,70,0,1,0.0,1000,7,5,true,17
727,13,42,41,42,84.0,0,70,0,1,0.0,1000,7,5,true,17
727,14,45,44,45,90.0,0,70,0,1,0.0,1000,6,5,true,17
727,15,48,46,48,96.0,0,70,0,1,0.0,1000,7,5,true,17
727,16,52,50,52,104.0,0,70,0,1,0.0,1000,7,5,true,17
727,17,55,52,55,110.0,0,70,0,1,0.0,1000,6,5,true,17
727,18,58,55,58,116.0,0,70,0,1,0.0,1000,6,5,true,17
727,19,61,58,61,122.0,0,70,0,1,0.0,1000,6,5,true,17
727,20,65,62,65,130.0,0,70,0,1,0.0,1000,7,5,true,17
727,21,68,64,68,136.0,0,70,0,1,0.0,1000,6,5,true,17
727,22,71,67,71,142.0,0,70,0,1,0.0,1000,6,5,true,17
727,23,75,69,75,150.0,0,70,0,1,0.0,1000,7,5,true,17
727,24,78,72,78,156.0,1,70,0,1,0.0,1000,6,5,true,17
727,25,81,146,160,164.0,1,70,0,1,0.0,1000,6,5,true,17
727,26,84,148,163,170.0,1,70,0,1,0.0,1000,6,5,true,17
727,27,87,151,166,176.0,1,70,0,1,0.0,1000,6,5,true,17
727,28,91,154,170,184.0,1,70,0,1,0.0,1000,7,5,true,17
727,29,94,157,173,190.0,1,70,0,1,0.0,1000,6,5,true,17
727,30,97,160,176,196.0,1,70,0,1,0.0,1000,6,5,true,17
727,31,101,164,180,204.0,1,70,0,1,0.0,1000,7,5,true,17
727,32,104,167,183,210.0,1,70,0,1,0.0,1000,6,5,true,17
727,34,111,172,190,224.0,1,70,0,1,0.0,1000,6,5,true,17
727,34,111,172,190,224.0,1,70,0,1,0.0,1000,6,5,true,17
727,35,114,174,193,230.0,1,70,0,1,0.0,1000,6,5,true,17
727,36,117,176,196,236.0,1,70,0,1,0.0,1000,6,5,true,17
727,37,120,179,199,242.0,1,70,0,1,0.0,1000,6,5,true,17
727,38,123,181,202,248.0,1,70,0,1,0.0,1000,6,5,true,17
727,39,126,184,205,254.0,1,70,0,1,0.0,1000,7,5,true,17
727,40,130,188,209,262.0,1,70,0,1,0.0,1000,7,5,true,17
727,41,134,192,213,270.0,1,70,0,1,0.0,1000,7,5,true,17
727,42,137,194,216,276.0,1,70,0,1,0.0,1000,6,5,true,17
727,43,140,197,219,282.0,1,70,0,1,0.0,1000,6,5,true,17
727,44,143,200,222,288.0,1,70,0,1,0.0,1000,6,5,true,17
727,45,146,203,225,294.0,1,70,0,1,0.0,1000,6,5,true,17
727,46,149,206,228,300.0,1,70,0,1,0.0,1000,6,5,true,17
727,47,152,209,231,306.0,1,70,0,1,0.0,1000,6,5,true,17
727,48,155,211,234,312.0,1,70,0,1,0.0,1000,6,5,true,17
727,49,158,214,237,318.0,1,70,0,1,0.0,1000,6,5,true,17
727,50,161,217,240,324.0,1,70,0,1,0.0,1000,6,5,true,17
727,51,165,220,244,332.0,1,70,0,1,0.0,1000,6,5,true,17
727,52,168,221,247,338.0,1,70,0,1,0.0,1000,6,5,true,17
727,53,171,222,250,344.0,1,70,0,1,0.0,1000,6,5,true,17
727,54,174,225,253,350.0,1,70,0,1,0.0,1000,6,5,true,17
727,55,177,226,256,356.0,1,70,0,1,0.0,1000,6,5,true,17
727,56,180,229,259,362.0,1,70,0,1,0.0,1000,6,5,true,17
727,57,183,231,262,368.0,1,70,0,1,0.0,1000,6,5,true,17
727,58,186,233,265,374.0,1,70,0,1,0.0,1000,6,5,true,17
727,59,190,236,269,382.0,1,70,0,1,0.0,1000,7,5,true,17
727,60,194,239,273,390.0,1,70,0,1,0.0,1000,7,5,true,17
727,61,197,242,276,396.0,1,70,0,1,0.0,1000,6,5,true,17
727,62,201,245,280,404.0,1,70,0,1,0.0,1000,7,5,true,17
727,63,204,248,283,410.0,1,70,0,1,0.0,1000,6,5,true,17
727,64,207,251,286,416.0,1,70,0,1,0.0,1000,6,5,true,17
727,65,210,254,289,422.0,1,70,0,1,0.0,1000,6,5,true,17
727,66,213,257,292,428.0,1,70,0,1,0.0,1000,6,5,true,17
727,67,216,258,295,434.0,1,70,0,1,0.0,1000,6,5,true,17
727,68,219,259,298,440.0,2,70,1,1,1.0,1000,6,5,true,17
727,69,222,262,301,446.0,2,70,1,1,1.0,1000,6,5,true,17
727,70,225,264,304,452.0,2,70,1,1,1.0,1000,6,5,true,17
727,71,228,267,307,458.0,2,70,1,1,1.0,1000,6,5,true,17
727,72,231,270,310,464.0,2,70,1,1,1.0,1000,6,5,true,17
727,73,235,274,314,472.0,2,70,1,1,1.0,1000,7,5,true,17
727,74,238,277,317,478.0,2,70,1,1,1.0,1000,7,5,true,17
727,75,241,280,320,484.0,2,70,1,1,1.0,1000,6,5,true,17
727,76,244,283,323,490.0,2,70,1,1,1.0,1000,6,5,true,17
727,77,248,286,327,498.0,2,70,1,1,1.0,1000,7,5,true,17
727,78,251,289,330,504.0,2,70,1,1,1.0,1000,6,5,true,17
727,79,254,291,333,510.0,2,70,1,1,1.0,1000,6,5,true,17
727,80,257,292,336,516.0,2,70,1,1,1.0,1000,6,5,true,17
727,81,261,295,340,524.0,2,70,1,1,1.0,1000,6,5,true,17
727,82,264,298,343,530.0,2,70,1,1,1.0,1000,6,5,true,17
727,83,268,300,347,538.0,2,70,1,1,1.0,1000,6,5,true,17
727,84,272,303,351,546.0,2,70,1,1,1.0,1000,7,5,true,17
727,85,275,304,354,552.0,2,70,1,1,1.0,1000,6,5,true,17
727,86,278,307,357,558.0,2,70,1,1,1.0,1000,6,5,true,17
727,87,281,309,360,564.0,2,70,1,1,1.0,1000,6,5,true,17
727,88,283,310,362,568.0,2,70,1,1,1.0,1000,6,5,true,17
727,89,287,313,366,576.0,2,70,1,1,1.0,1000,6,5,true,17
727,90,290,316,369,582.0,2,70,1,1,1.0,1000,6,5,true,17
727,91,293,319,372,588.0,2,70,1,1,1.0,1000,6,5,true,17
727,92,296,321,375,594.0,2,70,1,1,1.0,1000,6,5,true,17
727,93,299,324,378,600.0,2,70,1,1,1.0,1000,7,5,true,17
727,94,302,326,381,606.0,2,70,1,1,1.0,1000,6,5,true,17
727,95,305,629,1216,614.0,2,70,1,1,1.0,1000,6,5,true,17
727,96,309,632,1220,622.0,2,70,1,1,1.0,1000,6,5,true,17
727,97,312,633,1223,628.0,2,70,1,1,1.0,1000,6,5,true,17
727,98,315,635,1226,634.0,2,70,1,1,1.0,1000,6,5,true,17
727,99,318,635,1229,640.0,2,70,1,1,1.0,1000,6,5,true,17
727,100,320,636,1231,644.0,2,70,1,1,1.0,1000,6,5,true,17
727,101,324,638,1235,652.0,2,70,1,1,1.0,1000,7,5,true,17
727,102,327,640,1238,658.0,2,70,1,1,1.0,1000,6,5,true,17
727,103,330,642,1241,664.0,2,70,1,1,1.0,1000,6,5,true,17
727,104,333,642,1244,670.0,2,70,1,1,1.0,1000,7,5,true,17
727,105,336,644,1247,676.0,2,70,1,1,1.0,1000,7,5,true,17
727,106,340,646,1251,684.0,2,70,1,1,1.0,1000,6,5,true,17
727,107,343,648,1254,690.0,2,70,1,1,1.0,1000,6,5,true,17
727,108,346,649,1257,696.0,3,70,1,1,1.0,1000,6,5,true,17
727,109,349,649,1260,702.0,3,70,1,1,1.0,1000,6,5,true,17
727,110,352,649,1263,708.0,3,70,1,1,1.0,1000,6,5,true,17
727,111,355,650,1266,714.0,3,70,1,1,1.0,1000,6,5,true,17
727,112,358,651,1269,720.0,3,70,1,1,1.0,1000,6,5,true,17
727,113,361,653,1272,726.0,3,70,1,1,1.0,1000,6,5,true,17
727,114,364,780,1800,733.0,3,70,1,1,1.0,1000,6,5,true,17
727,115,367,781,1803,739.0,4,70,1,1,1.0,1000,6,5,true,17
727,116,370,781,1806,745.0,4,70,1,1,1.0,1000,6,5,true,17
727,117,373,782,1809,751.0,4,70,1,1,1.0,1000,6,5,true,17
727,118,376,783,1812,757.0,4,70,1,1,1.0,1000,6,5,true,17
727,119,379,784,1815,763.0,4,70,1,1,1.0,1000,6,5,true,17
727,120,382,784,1818,769.0,4,70,1,1,1.0,1000,6,5,true,17
727,121,386,785,1822,777.0,4,70,1,1,1.0,1000,6,5,true,17
727,122,389,785,1825,783.0,4,70,1,1,1.0,1000,6,5,true,17
727,123,392,785,1828,789.0,4,70,1,1,1.0,1000,6,5,true,17
727,124,395,785,1831,795.0,4,70,1,1,1.0,1000,6,5,true,17
727,125,399,785,1835,803.0,4,70,1,1,1.0,1000,7,5,true,17
727,126,402,785,1838,809.0,4,70,1,1,1.0,1000,6,5,true,17
727,127,405,785,1841,815.0,4,70,1,1,1.0,1000,6,5,true,17
727,129,412,786,1848,829.0,4,70,1,1,1.0,1000,7,5,true,17
727,129,412,786,1848,829.0,4,70,1,1,1.0,1000,7,5,true,17
727,130,415,788,1851,835.0,4,70,1,1,1.0,1000,6,5,true,17
727,131,418,788,1854,841.0,4,70,1,1,1.0,1000,6,5,true,17
727,132,421,789,1857,847.0,4,70,1,1,1.0,1000,6,5,true,17
727,133,424,789,1860,853.0,4,70,1,1,1.0,1000,6,5,true,17
727,134,427,790,1863,859.0,4,70,1,1,1.0,1000,6,5,true,17
727,135,430,790,1866,865.0,4,70,1,1,1.0,1000,6,5,true,17
727,136,433,846,2210,871.0,4,70,1,1,1.0,1000,6,5,true,17
727,137,436,846,2213,877.0,4,70,1,1,1.0,1000,6,5,true,17
727,138,440,846,2217,885.0,4,70,1,1,1.0,1000,7,5,true,17
727,139,443,846,2220,891.0,4,70,1,1,1.0,1000,6,5,true,17
727,140,446,847,2223,897.0,4,70,1,1,1.0,1000,7,5,true,17
727,141,449,847,2226,903.0,4,70,1,1,1.0,1000,6,5,true,17
727,142,451,847,2228,907.0,4,70,1,1,1.0,1000,6,5,true,17
727,143,454,847,2231,913.0,4,70,1,1,1.0,1000,6,5,true,17
727,144,457,847,2234,919.0,4,70,1,1,1.0,1000,6,5,true,17
727,145,460,847,2237,925.0,4,70,1,1,1.0,1000,6,5,true,17
727,146,463,848,2240,931.0,4,70,1,1,1.0,1000,7,5,true,17
727,147,466,848,2243,937.0,4,70,1,1,1.0,1000,6,5,true,17
727,148,470,849,2247,945.0,4,70,1,1,1.0,1000,7,5,true,17
727,149,474,849,2251,953.0,5,70,1,1,1.0,1000,7,5,true,17
727,150,477,850,2254,959.0,5,70,1,1,1.0,1000,6,5,true,17
727,151,480,850,2257,965.0,5,70,1,1,1.0,1000,6,5,true,17
727,152,483,850,2260,971.0,5,70,1,1,1.0,1000,6,5,true,17
727,153,486,850,2263,977.0,5,70,1,1,1.0,1000,6,5,true,17
727,154,489,851,2266,983.0,5,70,1,1,1.0,1000,6,5,true,17
727,155,492,852,2269,989.0,5,70,1,1,1.0,1000,6,5,true,17
727,156,495,852,2272,995.0,5,70,1,1,1.0,1000,6,5,true,17
727,157,498,853,2275,1001.0,5,70,1,1,1.0,1000,6,5,true,17
727,158,501,854,2278,1007.0,5,70,1,1,1.0,1000,6,5,true,17
727,159,504,854,2281,1013.0,5,70,1,1,1.0,1000,6,5,true,17
727,160,508,854,2285,1021.0,5,70,1,1,1.0,1000,6,5,true,17
727,161,511,855,2288,1027.0,5,70,1,1,1.0,1000,7,5,true,17
727,162,515,858,2292,1035.0,5,70,1,1,1.0,1000,6,5,true,17
727,163,518,858,2295,1041.0,5,70,1,1,1.0,1000,7,5,true,17
727,164,522,860,2299,1049.0,5,70,1,1,1.0,1000,7,5,true,17
727,165,525,861,2302,1055.0,5,70,1,1,1.0,1000,6,5,true,17
727,166,528,862,2305,1061.0,5,70,1,1,1.0,1000,6,5,true,17
727,167,531,862,2308,1067.0,5,70,1,1,1.0,1000,6,5,true,17
727,168,535,862,2312,1075.0,5,70,1,1,1.0,1000,7,5,true,17
727,169,538,862,2315,1081.0,5,70,1,1,1.0,1000,6,5,true,17
727,170,541,863,2318,1087.0,5,70,1,1,1.0,1000,7,5,true,17
727,171,544,863,2321,1093.0,5,70,1,1,1.0,1000,6,5,true,17
727,172,547,863,2324,1099.0,5,70,1,1,1.0,1000,6,5,true,17
727,173,550,864,2327,1105.0,5,70,1,1,1.0,1000,6,5,true,17
727,174,553,864,2330,1111.0,5,70,1,1,1.0,1000,7,5,true,17
727,175,556,864,2333,1117.0,5,70,1,1,1.0,1000,6,5,true,17
727,176,559,864,2336,1123.0,5,70,1,1,1.0,1000,6,5,true,17
727,177,562,864,2339,1129.0,5,70,1,1,1.0,1000,6,5,true,17
727,178,565,864,2342,1135.0,5,70,1,1,1.0,1000,6,5,true,17
727,179,568,864,2345,1141.0,5,70,1,1,1.0,1000,6,5,true,17
727,180,572,864,2349,1149.0,5,70,1,1,1.0,1000,7,5,true,17
727,181,576,864,2353,1157.0,5,70,1,1,1.0,1000,7,5,true,17
727,182,580,864,2357,1165.0,5,70,1,1,1.0,1000,7,5,true,17
727,183,583,864,2360,1171.0,5,70,1,1,1.0,1000,6,5,true,17
727,184,586,865,2363,1177.0,5,70,1,1,1.0,1000,6,5,true,17
727,185,589,865,2366,1183.0,5,70,1,1,1.0,1000,7,5,true,17
727,186,592,865,2369,1189.0,5,70,1,1,1.0,1000,6,5,true,17
727,187,595,865,2372,1195.0,5,70,1,1,1.0,1000,6,5,true,17
727,188,598,865,2375,1201.0,5,70,1,1,1.0,1000,6,5,true,17
727,189,601,865,2378,1207.0,5,70,1,1,1.0,1000,6,5,true,17
727,190,604,865,2381,1213.0,5,70,1,1,1.0,1000,6,5,true,17
727,191,607,865,2384,1219.0,5,70,1,1,1.0,1000,6,5,true,17
727,192,610,865,2387,1225.0,5,70,1,1,1.0,1000,6,5,true,17
727,193,614,865,2391,1233.0,5,70,1,1,1.0,1000,6,5,true,17
727,194,618,865,2395,1241.0,5,70,1,1,1.0,1000,7,5,true,17
727,195,621,866,2398,1247.0,5,70,1,1,1.0,1000,6,5,true,17
727,196,624,867,2401,1253.0,5,70,1,1,1.0,1000,6,5,true,17
727,197,627,867,2404,1259.0,5,70,1,1,1.0,1000,6,5,true,17
727,198,630,867,2407,1265.0,5,70,1,1,1.0,1000,6,5,true,17
727,199,633,867,2410,1271.0,5,70,1,1,1.0,1000,6,5,true,17
727,200,637,868,2414,1279.0,5,70,1,1,1.0,1000,7,5,true,17
727,201,640,868,2417,1285.0,5,70,1,1,1.0,1000,6,5,true,17
727,202,643,868,2420,1291.0,5,70,1,1,1.0,1000,6,5,true,17
727,203,646,869,2423,1297.0,5,70,1,1,1.0,1000,6,5,true,17
727,204,649,870,2426,1303.0,5,70,1,1,1.0,1000,7,5,true,17
727,205,652,870,2429,1309.0,5,70,1,1,1.0,1000,6,5,true,17
727,206,655,870,2432,1315.0,5,70,1,1,1.0,1000,6,5,true,17
727,207,658,870,2435,1321.0,5,70,1,1,1.0,1000,6,5,true,17
727,208,661,870,2438,1327.0,5,70,1,1,1.0,1000,6,5,true,17
727,209,665,872,2442,1335.0,5,70,1,1,1.0,1000,7,5,true,17
727,210,668,872,2445,1341.0,5,70,1,1,1.0,1000,6,5,true,17
727,211,671,874,2448,1347.0,5,70,1,1,1.0,1000,7,5,true,17
727,212,675,874,2452,1355.0,5,70,1,1,1.0,1000,7,5,true,17
727,213,678,874,2455,1361.0,5,70,1,1,1.0,1000,6,5,true,17
727,214,681,874,2458,1367.0,5,70,1,1,1.0,1000,7,5,true,17
727,215,684,874,2461,1373.0,5,70,1,1,1.0,1000,6,5,true,17
727,216,687,874,2464,1379.0,5,70,1,1,1.0,1000,6,5,true,17
727,217,690,875,2467,1385.0,5,70,1,1,1.0,1000,6,5,true,17
727,218,693,875,2470,1391.0,5,70,1,1,1.0,1000,6,5,true,17
727,219,696,875,2473,1397.0,5,70,1,1,1.0,1000,6,5,true,17
727,220,699,876,2476,1403.0,5,70,1,1,1.0,1000,6,5,true,17
727,221,703,876,2480,1411.0,5,70,1,1,1.0,1000,6,5,true,17
727,222,706,877,2483,1417.0,5,70,1,1,1.0,1000,7,5,true,17
727,223,710,878,2487,1425.0,5,70,1,1,1.0,1000,7,5,true,17
727,224,714,878,2491,1433.0,5,70,1,1,1.0,1000,7,5,true,17
727,225,717,878,2494,1439.0,5,70,1,1,1.0,1000,6,5,true,17
727,226,720,879,2497,1445.0,5,70,1,1,1.0,1000,6,5,true,17
727,227,723,879,2500,1451.0,5,70,1,1,1.0,1000,6,5,true,17
727,228,726,879,2503,1457.0,5,70,1,1,1.0,1000,6,5,true,17
727,229,729,879,2506,1463.0,5,70,1,1,1.0,1000,6,5,true,17
727,230,732,879,2509,1469.0,5,70,1,1,1.0,1000,6,5,true,17
727,231,736,879,2513,1477.0,5,70,1,1,1.0,1000,7,5,true,17
727,232,738,879,2515,1481.0,5,70,1,1,1.0,1000,6,5,true,17
727,233,743,880,2520,1491.0,5,70,1,1,1.0,1000,7,5,true,17
727,234,747,881,2524,1499.0,5,70,1,1,1.0,1000,7,5,true,17
727,235,750,881,2527,1505.0,5,70,1,1,1.0,1000,6,5,true,17
727,236,754,881,2531,1513.0,5,70,1,1,1.0,1000,7,5,true,17
727,237,757,881,2534,1519.0,5,70,1,1,1.0,1000,6,5,true,17
727,238,760,881,2537,1525.0,5,70,1,1,1.0,1000,6,5,true,17
727,239,763,881,2540,1531.0,5,70,1,1,1.0,1000,7,5,true,17
727,240,766,881,2543,1537.0,5,70,1,1,1.0,1000,6,5,true,17
727,241,769,881,2546,1543.0,5,70,1,1,1.0,1000,6,5,true,17
727,242,773,882,2550,1551.0,5,70,1,1,1.0,1000,6,5,true,17
727,243,776,882,2553,1557.0,5,70,1,1,1.0,1000,6,5,true,17
727,244,779,882,2556,1563.0,5,70,1,1,1.0,1000,7,5,true,17
727,245,782,882,2559,1569.0,5,70,1,1,1.0,1000,6,5,true,17
727,246,785,883,2562,1575.0,5,70,1,1,1.0,1000,6,5,true,17
727,247,789,883,2566,1583.0,5,70,1,1,1.0,1000,7,5,true,17
727,248,792,883,2569,1589.0,5,70,1,1,1.0,1000,6,5,true,17
727,249,795,883,2572,1595.0,5,70,1,1,1.0,1000,6,5,true,17
727,250,798,883,2575,1601.0,5,70,1,1,1.0,1000,6,5,true,17
727,251,801,883,2578,1607.0,5,70,1,1,1.0,1000,6,5,true,17
727,252,805,884,2582,1615.0,5,70,1,1,1.0,1000,7,5,true,17
727,253,808,885,2585,1621.0,5,70,1,1,1.0,1000,6,5,true,17
727,254,812,885,2589,1629.0,5,70,1,1,1.0,1000,7,5,true,17
727,255,815,885,2592,1635.0,5,70,1,1,1.0,1000,6,5,true,17
727,256,818,886,2595,1641.0,5,70,1,1,1.0,1000,6,5,true,17
727,257,821,888,2598,1647.0,5,70,1,1,1.0,1000,6,5,true,17
727,258,824,888,2601,1653.0,5,70,1,1,1.0,1000,6,5,true,17
727,259,827,888,2604,1659.0,5,70,1,1,1.0,1000,6,5,true,17
727,260,830,888,2607,1665.0,5,70,1,1,1.0,1000,6,5,true,17
727,261,833,888,2610,1671.0,5,70,1,1,1.0,1000,6,5,true,17
727,262,837,889,2614,1679.0,5,70,1,1,1.0,1000,7,5,true,17
727,263,840,890,2617,1685.0,5,70,1,1,1.0,1000,7,5,true,17
727,264,843,891,2620,1691.0,5,70,1,1,1.0,1000,6,5,true,17
727,265,846,891,2623,1697.0,5,70,1,1,1.0,1000,6,5,true,17
727,266,849,891,2626,1703.0,5,70,1,1,1.0,1000,6,5,true,17
727,267,852,891,2629,1709.0,5,70,1,1,1.0,1000,6,5,true,17
727,268,856,892,2633,1717.0,5,70,1,1,1.0,1000,6,5,true,17
727,269,859,892,2636,1723.0,5,70,1,1,1.0,1000,6,5,true,17
727,270,863,892,2640,1731.0,5,70,1,1,1.0,1000,7,5,true,17
727,271,866,892,2643,1737.0,5,70,1,1,1.0,1000,6,5,true,17
727,272,870,892,2647,1745.0,5,70,1,1,1.0,1000,7,5,true,17
727,273,874,892,2651,1753.0,5,70,1,1,1.0,1000,7,5,true,17
727,274,877,892,2654,1759.0,5,70,1,1,1.0,1000,6,5,true,17
727,275,880,893,2657,1765.0,5,70,1,1,1.0,1000,6,5,true,17
727,276,883,893,2660,1771.0,5,70,1,1,1.0,1000,6,5,true,17
727,277,886,893,2663,1777.0,5,70,1,1,1.0,1000,6,5,true,17
727,278,889,894,2666,1783.0,5,70,1,1,1.0,1000,7,5,true,17
727,279,893,894,2670,1791.0,5,70,1,1,1.0,1000,7,5,true,17
727,280,896,894,2673,1797.0,5,70,1,1,1.0,1000,6,5,true,17
727,281,899,894,2676,1803.0,5,70,1,1,1.0,1000,6,5,true,17
727,282,903,894,2680,1811.0,5,70,1,1,1.0,1000,7,5,true,17
727,283,906,894,2683,1817.0,5,70,1,1,1.0,1000,6,5,true,17
727,284,909,894,2686,1823.0,5,70,1,1,1.0,1000,6,5,true,17
727,285,913,894,2690,1831.0,5,70,1,1,1.0,1000,6,5,true,17
727,286,916,894,2693,1837.0,5,70,1,1,1.0,1000,6,5,true,17
727,287,920,894,2697,1845.0,5,70,1,1,1.0,1000,7,5,true,17
727,289,926,894,2703,1857.0,5,70,1,1,1.0,1000,6,5,true,17
727,289,926,894,2703,1857.0,5,70,1,1,1.0,1000,7,5,true,17
727,290,930,895,2707,1865.0,5,70,1,1,1.0,1000,7,5,true,17
727,291,933,896,2710,1871.0,5,70,1,1,1.0,1000,6,5,true,17
727,292,936,898,2713,1877.0,5,70,1,1,1.0,1000,6,5,true,17
727,293,940,898,2717,1885.0,5,70,1,1,1.0,1000,7,5,true,17
727,294,943,898,2720,1891.0,5,70,1,1,1.0,1000,6,5,true,17
727,295,946,898,2723,1897.0,5,70,1,1,1.0,1000,6,5,true,17
727,296,949,898,2726,1903.0,5,70,1,1,1.0,1000,6,5,true,17
727,297,952,898,2729,1909.0,5,70,1,1,1.0,1000,6,5,true,17
727,298,955,898,2732,1915.0,6,70,1,1,1.0,1000,6,5,true,17
727,299,958,898,2735,1921.0,6,70,1,1,1.0,1000,7,5,true,17
727,300,961,899,2738,1927.0,6,70,1,1,1.0,1000,6,5,true,17
727,301,964,899,2741,1933.0,6,70,1,1,1.0,1000,6,5,true,17
727,302,967,899,2744,1939.0,6,70,1,1,1.0,1000,6,5,true,17
727,303,971,900,2748,1947.0,6,70,1,1,1.0,1000,7,5,true,17
727,304,974,900,2751,1953.0,6,70,1,1,1.0,1000,6,5,true,17
727,305,977,900,2754,1959.0,6,70,1,1,1.0,1000,6,5,true,17
727,306,980,902,2757,1965.0,6,70,1,1,1.0,1000,6,5,true,17
727,307,983,903,2760,1971.0,6,70,1,1,1.0,1000,6,5,true,17
727,308,987,903,2764,1979.0,6,70,1,1,1.0,1000,7,5,true,17
727,309,991,903,2768,1987.0,6,70,1,1,1.0,1000,7,5,true,17
727,310,994,904,2771,1993.0,6,70,1,1,1.0,1000,6,5,true,17
727,311,997,904,2774,1999.0,6,70,1,1,1.0,1000,6,5,true,17
727,312,1001,904,2778,2007.0,6,70,1,1,1.0,1000,7,5,true,17
727,313,1004,904,2781,2013.0,6,70,1,1,1.0,1000,6,5,true,17
727,314,1007,975,5080,2021.0,6,70,1,1,1.0,1000,7,5,true,17
727,315,1010,975,5083,2027.0,6,70,1,1,1.0,1000,6,5,true,17
727,316,1013,975,5086,2033.0,6,70,1,1,1.0,1000,6,5,true,17
727,317,1017,975,5090,2041.0,6,70,1,1,1.0,1000,7,5,true,17
727,318,1021,975,5094,2049.0,6,70,1,1,1.0,1000,7,5,true,17
727,319,1024,975,5097,2055.0,6,70,1,1,1.0,1000,6,5,true,17
727,320,1028,976,5101,2063.0,6,70,1,1,1.0,1000,7,5,true,17
727,321,1032,976,5105,2071.0,6,70,1,1,1.0,1000,7,5,true,17
727,322,1035,976,5108,2077.0,6,70,1,1,1.0,1000,6,5,true,17
727,323,1038,976,5111,2083.0,6,70,1,1,1.0,1000,6,5,true,17
727,324,1042,976,5115,2091.0,6,70,1,1,1.0,1000,6,5,true,17
727,325,1046,976,5119,2099.0,6,70,1,1,1.0,1000,7,5,true,17
727,326,1050,976,5123,2107.0,6,70,1,1,1.0,1000,7,5,true,17
727,327,1053,977,5126,2113.0,6,70,1,1,1.0,1000,6,5,true,17
727,328,1056,977,5129,2119.0,6,70,1,1,1.0,1000,6,5,true,17
727,329,1059,977,5132,2125.0,6,70,1,1,1.0,1000,6,5,true,17
727,330,1062,977,5135,2131.0,6,70,1,1,1.0,1000,6,5,true,17
727,331,1065,977,5138,2137.0,6,70,1,1,1.0,1000,6,5,true,17
727,332,1068,977,5141,2143.0,6,70,1,1,1.0,1000,6,5,true,17
727,333,1071,978,5144,2149.0,6,70,1,1,1.0,1000,6,5,true,17
727,334,1075,978,5148,2157.0,6,70,1,1,1.0,1000,7,5,true,17
727,335,1079,978,5152,2165.0,6,70,1,1,1.0,1000,7,5,true,17
727,336,1082,978,5155,2171.0,6,70,1,1,1.0,1000,6,5,true,17
727,337,1085,978,5158,2177.0,6,70,1,1,1.0,1000,6,5,true,17
727,338,1088,978,5161,2183.0,6,70,1,1,1.0,1000,6,5,true,17
727,339,1091,978,5164,2189.0,6,70,1,1,1.0,1000,6,5,true,17
727,340,1094,978,5167,2195.0,6,70,1,1,1.0,1000,6,5,true,17
727,341,1097,978,5170,2201.0,6,70,1,1,1.0,1000,6,5,true,17
727,342,1100,978,5173,2207.0,6,70,1,1,1.0,1000,6,5,true,17
727,343,1103,978,5176,2213.0,6,70,1,1,1.0,1000,6,5,true,17
727,344,1106,978,5179,2219.0,6,70,1,1,1.0,1000,6,5,true,17
727,345,1109,990,5578,2227.0,6,70,1,1,1.0,1000,6,5,true,17
727,346,1112,990,5581,2233.0,6,70,1,1,1.0,1000,6,5,true,17
727,347,1116,990,5585,2241.0,6,70,1,1,1.0,1000,6,5,true,17
727,348,1119,990,5588,2247.0,6,70,1,1,1.0,1000,6,5,true,17
727,349,1122,992,5655,2255.0,6,70,1,1,1.0,1000,6,5,true,17
727,350,1125,992,5658,2261.0,6,70,1,1,1.0,1000,6,5,true,17
727,351,1128,992,5661,2267.0,6,70,1,1,1.0,1000,6,5,true,17
727,352,1131,992,5664,2273.0,6,70,1,1,1.0,1000,6,5,true,17
727,353,1133,992,5666,2277.0,6,70,1,1,1.0,1000,6,5,true,17
727,354,1136,992,5669,2283.0,6,70,1,1,1.0,1000,6,5,true,17
727,355,1139,992,5672,2289.0,6,70,1,1,1.0,1000,6,5,true,17
727,356,1142,992,5675,2295.0,6,70,1,1,1.0,1000,6,5,true,17
727,357,1146,992,5679,2303.0,6,70,1,1,1.0,1000,6,5,true,17
727,358,1149,992,5682,2309.0,6,70,1,1,1.0,1000,6,5,true,17
727,359,1152,992,5685,2315.0,6,70,1,1,1.0,1000,6,5,true,17
727,360,1156,992,5689,2323.0,6,70,1,1,1.0,1000,6,5,true,17
727,361,1159,992,5692,2329.0,6,70,1,1,1.0,1000,6,5,true,17
727,362,1163,992,5696,2337.0,6,70,1,1,1.0,1000,6,5,true,17
727,363,1166,992,5699,2343.0,6,70,1,1,1.0,1000,6,5,true,17
727,364,1169,992,5702,2349.0,6,70,1,1,1.0,1000,6,5,true,17
727,365,1172,992,5705,2355.0,6,70,1,1,1.0,1000,6,5,true,17
727,366,1175,992,5708,2361.0,6,70,1,1,1.0,1000,6,5,true,17
727,367,1178,992,5711,2367.0,6,70,1,1,1.0,1000,7,5,true,17
727,368,1181,992,5714,2373.0,6,70,1,1,1.0,1000,6,5,true,17
727,369,1184,992,5717,2379.0,6,70,1,1,1.0,1000,6,5,true,17
727,370,1187,992,5720,2385.0,6,70,1,1,1.0,1000,6,5,true,17
727,371,1191,992,5724,2393.0,6,70,1,1,1.0,1000,7,5,true,17
727,372,1194,992,5727,2399.0,6,70,1,1,1.0,1000,6,5,true,17
727,373,1198,992,5731,2407.0,6,70,1,1,1.0,1000,6,5,true,17
727,374,1201,992,5734,2413.0,6,70,1,1,1.0,1000,6,5,true,17
727,375,1204,992,5737,2419.0,6,70,1,1,1.0,1000,6,5,true,17
727,376,1208,992,5741,2427.0,6,70,1,1,1.0,1000,7,5,true,17
727,377,1211,992,5744,2433.0,6,70,1,1,1.0,1000,6,5,true,17
727,378,1214,992,5747,2439.0,6,70,1,1,1.0,1000,7,5,true,17
727,379,1217,993,5750,2445.0,6,70,1,1,1.0,1000,7,5,true,17
727,380,1220,993,5753,2451.0,6,70,1,1,1.0,1000,6,5,true,17
727,381,1223,993,5756,2457.0,6,70,1,1,1.0,1000,6,5,true,17
727,382,1226,993,5759,2463.0,6,70,1,1,1.0,1000,6,5,true,17
727,383,1229,993,5762,2469.0,6,70,1,1,1.0,1000,6,5,true,17
727,384,1233,993,5766,2477.0,6,70,1,1,1.0,1000,7,5,true,17
727,385,1236,993,5769,2483.0,6,70,1,1,1.0,1000,6,5,true,17
727,386,1239,993,5772,2489.0,6,70,1,1,1.0,1000,6,5,true,17
727,387,1242,993,5775,2495.0,6,70,1,1,1.0,1000,6,5,true,17
727,388,1245,993,5778,2501.0,6,70,1,1,1.0,1000,6,5,true,17
727,389,1248,993,5781,2507.0,6,70,1,1,1.0,1000,6,5,true,17
727,390,1251,993,5784,2513.0,6,70,1,1,1.0,1000,6,5,true,17
727,391,1255,993,5788,2521.0,6,70,1,1,1.0,1000,7,5,true,17
727,392,1259,993,5792,2529.0,6,70,1,1,1.0,1000,6,5,true,17
727,393,1262,993,5795,2535.0,6,70,1,1,1.0,1000,6,5,true,17
727,394,1265,993,5798,2541.0,6,70,1,1,1.0,1000,6,5,true,17
727,395,1268,993,5801,2547.0,6,70,1,1,1.0,1000,6,5,true,17
727,396,1271,993,5804,2553.0,6,70,1,1,1.0,1000,6,5,true,17
727,397,1274,993,5807,2559.0,6,70,1,1,1.0,1000,6,5,true,17
727,398,1277,993,5810,2565.0,6,70,1,1,1.0,1000,6,5,true,17
727,399,1281,993,5814,2573.0,6,70,1,1,1.0,1000,6,5,true,17
727,400,1284,993,5817,2579.0,6,70,1,1,1.0,1000,6,5,true,17
727,401,1288,993,5821,2587.0,6,70,1,1,1.0,1000,7,5,true,17
727,402,1291,993,5824,2593.0,6,70,1,1,1.0,1000,6,5,true,17
727,403,1294,993,5827,2599.0,6,70,1,1,1.0,1000,6,5,true,17
727,404,1297,993,5830,2605.0,6,70,1,1,1.0,1000,6,5,true,17
727,405,1301,993,5834,2613.0,6,70,1,1,1.0,1000,7,5,true,17
727,406,1305,993,5838,2621.0,6,70,1,1,1.0,1000,7,5,true,17
727,407,1309,993,5842,2629.0,6,70,1,1,1.0,1000,6,5,true,17
727,408,1312,994,5845,2635.0,6,70,1,1,1.0,1000,6,5,true,17
727,409,1316,994,5849,2643.0,6,70,1,1,1.0,1000,6,5,true,17
727,410,1319,994,5852,2649.0,6,70,1,1,1.0,1000,6,5,true,17
727,411,1323,994,5856,2657.0,6,70,1,1,1.0,1000,6,5,true,17
727,412,1326,994,5859,2663.0,6,70,1,1,1.0,1000,7,5,true,17
727,413,1329,994,5862,2669.0,6,70,1,1,1.0,1000,6,5,true,17
727,414,1331,994,5864,2673.0,6,70,1,1,1.0,1000,6,5,true,17
727,415,1335,994,5868,2681.0,6,70,1,1,1.0,1000,7,5,true,17
727,416,1338,994,5871,2687.0,6,70,1,1,1.0,1000,6,5,true,17
727,417,1342,994,5875,2695.0,6,70,1,1,1.0,1000,7,5,true,17
727,418,1346,994,5879,2703.0,6,70,1,1,1.0,1000,6,5,true,17
727,419,1349,994,5882,2709.0,6,70,1,1,1.0,1000,6,5,true,17
727,420,1352,994,5885,2715.0,6,70,1,1,1.0,1000,6,5,true,17
727,421,1355,994,5888,2721.0,6,70,1,1,1.0,1000,6,5,true,17
727,422,1358,994,5891,2727.0,6,70,1,1,1.0,1000,6,5,true,17
727,423,1361,994,5894,2733.0,6,70,1,1,1.0,1000,6,5,true,17
727,424,1365,994,5898,2741.0,6,70,1,1,1.0,1000,7,5,true,17
727,425,1369,994,5902,2749.0,6,70,1,1,1.0,1000,7,5,true,17
727,426,1373,994,5906,2757.0,6,70,1,1,1.0,1000,7,5,true,17
727,427,1376,994,5909,2763.0,6,70,1,1,1.0,1000,6,5,true,17
727,428,1379,994,5912,2769.0,6,70,1,1,1.0,1000,6,5,true,17
727,429,1382,994,5915,2775.0,6,70,1,1,1.0,1000,6,5,true,17
727,430,1386,996,6959,2785.0,6,70,1,1,1.0,1000,7,5,true,17
727,431,1389,996,6962,2791.0,6,70,1,1,1.0,1000,6,5,true,17
727,432,1391,996,6964,2795.0,6,70,1,1,1.0,1000,7,5,true,17
727,433,1394,996,6967,2801.0,6,70,1,1,1.0,1000,6,5,true,17
727,434,1397,996,6970,2807.0,6,70,1,1,1.0,1000,6,5,true,17
727,435,1400,996,6973,2813.0,6,70,1,1,1.0,1000,7,5,true,17
727,436,1403,996,6976,2819.0,6,70,1,1,1.0,1000,6,5,true,17
727,437,1407,996,6980,2827.0,6,70,1,1,1.0,1000,7,5,true,17
727,438,1410,996,6983,2833.0,6,70,1,1,1.0,1000,6,5,true,17
727,439,1414,996,6987,2841.0,6,70,1,1,1.0,1000,6,5,true,17
727,440,1417,996,6990,2847.0,6,70,1,1,1.0,1000,7,5,true,17
727,441,1421,996,6994,2855.0,6,70,1,1,1.0,1000,7,5,true,17
727,443,1428,996,7001,2869.0,6,70,1,1,1.0,1000,7,5,true,17
727,443,1428,996,7001,2869.0,6,70,1,1,1.0,1000,7,5,true,17
727,444,1431,996,7004,2875.0,6,70,1,1,1.0,1000,6,5,true,17
727,445,1434,996,7007,2881.0,6,70,1,1,1.0,1000,7,5,true,17
727,446,1438,996,7011,2889.0,6,70,1,1,1.0,1000,6,5,true,17
727,447,1441,996,7014,2895.0,6,70,1,1,1.0,1000,6,5,true,17
727,448,1444,996,7017,2901.0,6,70,1,1,1.0,1000,7,5,true,17
727,449,1447,996,7020,2907.0,6,70,1,1,1.0,1000,6,5,true,17
727,450,1450,996,7023,2913.0,6,70,1,1,1.0,1000,6,5,true,17
727,451,1453,996,7026,2919.0,6,70,1,1,1.0,1000,6,5,true,17
727,452,1456,996,7029,2925.0,6,70,1,1,1.0,1000,6,5,true,17
727,453,1459,996,7032,2931.0,6,70,1,1,1.0,1000,6,5,true,17
727,454,1462,996,7035,2937.0,6,70,1,1,1.0,1000,7,5,true,17
727,455,1465,996,7038,2943.0,6,70,1,1,1.0,1000,6,5,true,17
727,456,1468,996,7041,2949.0,6,70,1,1,1.0,1000,6,5,true,17
727,457,1471,996,7044,2955.0,6,70,1,1,1.0,1000,6,5,true,17
727,458,1474,996,7047,2961.0,6,70,1,1,1.0,1000,6,5,true,17
727,459,1477,996,7050,2967.0,6,70,1,1,1.0,1000,6,5,true,17
727,460,1481,996,7054,2975.0,6,70,1,1,1.0,1000,7,5,true,17
727,461,1484,996,7057,2981.0,6,70,1,1,1.0,1000,6,5,true,17
727,462,1487,996,7060,2987.0,6,70,1,1,1.0,1000,6,5,true,17
727,463,1490,996,7063,2993.0,6,70,1,1,1.0,1000,6,5,true,17
727,464,1494,996,7067,3001.0,6,70,1,1,1.0,1000,7,5,true,17
727,465,1497,996,7070,3007.0,6,70,1,1,1.0,1000,6,5,true,17
727,466,1500,996,7073,3013.0,6,70,1,1,1.0,1000,6,5,true,17
727,467,1503,996,7076,3019.0,6,70,1,1,1.0,1000,6,5,true,17
727,468,1507,996,7080,3027.0,6,70,1,1,1.0,1000,7,5,true,17
727,469,1510,996,7083,3033.0,6,70,1,1,1.0,1000,6,5,true,17
727,470,1514,996,7087,3041.0,6,70,1,1,1.0,1000,7,5,true,17
727,471,1517,996,7090,3047.0,6,70,1,1,1.0,1000,6,5,true,17
727,472,1520,996,7093,3053.0,6,70,1,1,1.0,1000,6,5,true,17
727,473,1523,996,7096,3059.0,6,70,1,1,1.0,1000,6,5,true,17
727,474,1527,996,7100,3067.0,6,70,1,1,1.0,1000,6,5,true,17
727,475,1530,996,7103,3073.0,6,70,1,1,1.0,1000,6,5,true,17
727,476,1533,996,7106,3079.0,6,70,1,1,1.0,1000,6,5,true,17
727,477,1536,996,7109,3085.0,6,70,1,1,1.0,1000,6,5,true,17
727,478,1539,996,7112,3091.0,6,70,1,1,1.0,1000,7,5,true,17
727,479,1542,996,7115,3097.0,6,70,1,1,1.0,1000,6,5,true,17
727,480,1545,996,7771,3103.0,6,70,1,1,1.0,1000,6,5,true,17
727,481,1548,996,7774,3109.0,6,70,1,1,1.0,1000,6,5,true,17
727,482,1551,996,7777,3115.0,6,70,1,1,1.0,1000,6,5,true,17
727,483,1554,996,7780,3121.0,6,70,1,1,1.0,1000,6,5,true,17
727,484,1557,996,7783,3127.0,6,70,1,1,1.0,1000,6,5,true,17
727,485,1560,996,7786,3133.0,6,70,1,1,1.0,1000,6,5,true,17
727,486,1563,996,7789,3139.0,6,70,1,1,1.0,1000,6,5,true,17
727,487,1566,996,7792,3145.0,6,70,1,1,1.0,1000,6,5,true,17
727,488,1569,996,7795,3151.0,6,70,1,1,1.0,1000,7,5,true,17
727,489,1572,996,7798,3157.0,6,70,1,1,1.0,1000,6,5,true,17
727,490,1575,996,7801,3163.0,6,70,1,1,1.0,1000,6,5,true,17
727,491,1578,996,7804,3169.0,6,70,1,1,1.0,1000,6,5,true,17
727,492,1581,996,7807,3175.0,6,70,1,1,1.0,1000,6,5,true,17
727,493,1585,996,7811,3183.0,6,70,1,1,1.0,1000,7,5,true,17
727,494,1588,996,7814,3189.0,6,70,1,1,1.0,1000,6,5,true,17
727,495,1592,996,7818,3197.0,6,70,1,1,1.0,1000,7,5,true,17
727,496,1595,996,7821,3203.0,6,70,1,1,1.0,1000,6,5,true,17
727,497,1598,996,7824,3209.0,6,70,1,1,1.0,1000,6,5,true,17
727,498,1602,996,7828,3217.0,6,70,1,1,1.0,1000,7,5,true,17
727,499,1605,996,7831,3223.0,6,70,1,1,1.0,1000,6,5,true,17
727,500,1608,996,7834,3229.0,6,70,1,1,1.0,1000,6,5,true,17
727,501,1612,996,7838,3237.0,6,70,1,1,1.0,1000,6,5,true,17
727,502,1615,996,7841,3243.0,6,70,1,1,1.0,1000,6,5,true,17
727,503,1618,996,7844,3249.0,6,70,1,1,1.0,1000,7,5,true,17
727,504,1621,996,7847,3255.0,6,70,1,1,1.0,1000,6,5,true,17
727,505,1624,996,7850,3261.0,6,70,1,1,1.0,1000,6,5,true,17
727,506,1627,996,7853,3267.0,6,70,1,1,1.0,1000,6,5,true,17
727,507,1630,996,7856,3273.0,6,70,1,1,1.0,1000,6,5,true,17
727,508,1633,996,7859,3279.0,6,70,1,1,1.0,1000,6,5,true,17
727,509,1636,996,7862,3285.0,6,70,1,1,1.0,1000,6,5,true,17
727,510,1639,996,7865,3291.0,6,70,1,1,1.0,1000,6,5,true,17
727,511,1642,996,7868,3297.0,6,70,1,1,1.0,1000,6,5,true,17
727,512,1645,996,7871,3303.0,6,70,1,1,1.0,1000,6,5,true,17
727,513,1648,996,7874,3309.0,6,70,1,1,1.0,1000,6,5,true,17
727,514,1651,996,7877,3315.0,6,70,1,1,1.0,1000,6,5,true,17
727,515,1654,996,7880,3321.0,6,70,1,1,1.0,1000,6,5,true,17
727,516,1657,996,7883,3327.0,6,70,1,1,1.0,1000,6,5,true,17
727,517,1660,996,7886,3333.0,6,70,1,1,1.0,1000,6,5,true,17
727,518,1664,996,7890,3341.0,6,70,1,1,1.0,1000,7,5,true,17
727,519,1668,996,7894,3349.0,6,70,1,1,1.0,1000,7,5,true,17
727,520,1671,996,7897,3355.0,6,70,1,1,1.0,1000,6,5,true,17
727,521,1675,996,7901,3363.0,6,70,1,1,1.0,1000,7,5,true,17
727,522,1679,996,7905,3371.0,6,70,1,1,1.0,1000,7,5,true,17
727,523,1682,996,7908,3377.0,6,70,1,1,1.0,1000,6,5,true,17
727,524,1685,996,7911,3383.0,6,70,1,1,1.0,1000,6,5,true,17
727,525,1688,996,7914,3389.0,6,70,1,1,1.0,1000,6,5,true,17
727,526,1691,996,7917,3395.0,6,70,1,1,1.0,1000,6,5,true,17
727,527,1695,996,7921,3403.0,6,70,1,1,1.0,1000,7,5,true,17
727,528,1698,996,7924,3409.0,6,70,1,1,1.0,1000,6,5,true,17
727,529,1701,996,7927,3415.0,6,70,1,1,1.0,1000,7,5,true,17
727,530,1704,996,7930,3421.0,6,70,1,1,1.0,1000,6,5,true,17
727,531,1707,996,7933,3427.0,6,70,1,1,1.0,1000,7,5,true,17
727,532,1711,996,7937,3435.0,6,70,1,1,1.0,1000,7,5,true,17
727,533,1714,996,7940,3441.0,6,70,1,1,1.0,1000,6,5,true,17
727,534,1717,996,7943,3447.0,6,70,1,1,1.0,1000,6,5,true,17
727,535,1720,996,7946,3453.0,6,70,1,1,1.0,1000,6,5,true,17
727,536,1724,996,7950,3461.0,6,70,1,1,1.0,1000,6,5,true,17
727,537,1728,996,7954,3469.0,6,70,1,1,1.0,1000,7,5,true,17
727,538,1731,996,7957,3475.0,6,70,1,1,1.0,1000,6,5,true,17
727,539,1734,996,7960,3481.0,6,70,1,1,1.0,1000,6,5,true,17
727,540,1737,996,7963,3487.0,6,70,1,1,1.0,1000,6,5,true,17
727,541,1740,996,7966,3493.0,6,70,1,1,1.0,1000,6,5,true,17
727,542,1744,996,7970,3501.0,6,70,1,1,1.0,1000,7,5,true,17
727,543,1747,996,7973,3507.0,6,70,1,1,1.0,1000,6,5,true,17
727,544,1751,996,7977,3515.0,6,70,1,1,1.0,1000,7,5,true,17
727,545,1754,996,7980,3521.0,6,70,1,1,1.0,1000,6,5,true,17
727,546,1757,996,7983,3527.0,6,70,1,1,1.0,1000,6,5,true,17
727,547,1760,996,7986,3533.0,6,70,1,1,1.0,1000,6,5,true,17
727,548,1763,996,7989,3539.0,6,70,1,1,1.0,1000,6,5,true,17
727,549,1766,996,7992,3545.0,6,70,1,1,1.0,1000,6,5,true,17
727,550,1769,996,7995,3551.0,6,70,1,1,1.0,1000,6,5,true,17
727,551,1772,996,7998,3557.0,6,70,1,1,1.0,1000,6,5,true,17
727,552,1775,996,8001,3563.0,6,70,1,1,1.0,1000,6,5,true,17
727,553,1779,996,8005,3571.0,6,70,1,1,1.0,1000,7,5,true,17
727,554,1782,996,8008,3577.0,6,70,1,1,1.0,1000,6,5,true,17
727,555,1786,998,8980,3587.0,6,70,1,1,1.0,1000,7,5,true,17
727,556,1789,998,8992,3593.0,6,70,1,1,1.0,1000,6,5,true,17
727,557,1792,998,8995,3599.0,6,70,1,1,1.0,1000,6,5,true,17
727,558,1796,998,8999,3607.0,6,70,1,1,1.0,1000,7,5,true,17
727,559,1799,998,9002,3613.0,6,70,1,1,1.0,1000,6,5,true,17
727,560,1803,998,9006,3621.0,6,70,1,1,1.0,1000,7,5,true,17
727,561,1806,998,9009,3627.0,6,70,1,1,1.0,1000,6,5,true,17
727,562,1809,998,9012,3633.0,6,70,1,1,1.0,1000,6,5,true,17
727,563,1812,998,9015,3639.0,6,70,1,1,1.0,1000,6,5,true,17
727,564,1815,998,9018,3645.0,6,70,1,1,1.0,1000,6,5,true,17
727,565,1819,998,9022,3653.0,6,70,1,1,1.0,1000,7,5,true,17
727,566,1822,998,9025,3659.0,6,70,1,1,1.0,1000,6,5,true,17
727,567,1826,998,9029,3667.0,6,70,1,1,1.0,1000,7,5,true,17
727,568,1830,998,9033,3675.0,6,70,1,1,1.0,1000,7,5,true,17
727,569,1834,998,9037,3683.0,6,70,1,1,1.0,1000,7,5,true,17
727,570,1838,998,9041,3691.0,6,70,1,1,1.0,1000,7,5,true,17
727,571,1842,998,9045,3699.0,6,70,1,1,1.0,1000,7,5,true,17
727,572,1846,998,9049,3707.0,6,70,1,1,1.0,1000,7,5,true,17
727,573,1849,998,9052,3713.0,6,70,1,1,1.0,1000,6,5,true,17
727,574,1853,998,9056,3721.0,6,70,1,1,1.0,1000,7,5,true,17
727,575,1857,998,9060,3729.0,6,70,1,1,1.0,1000,7,5,true,17
727,576,1860,998,9063,3735.0,6,70,1,1,1.0,1000,6,5,true,17
727,577,1863,998,9066,3741.0,6,70,1,1,1.0,1000,6,5,true,17
727,578,1866,998,9069,3747.0,6,70,1,1,1.0,1000,6,5,true,17
727,579,1869,998,9072,3753.0,6,70,1,1,1.0,1000,6,5,true,17
727,580,1873,998,9076,3761.0,6,70,1,1,1.0,1000,7,5,true,17
727,581,1876,998,9079,3767.0,6,70,1,1,1.0,1000,6,5,true,17
727,582,1879,998,9082,3773.0,6,70,1,1,1.0,1000,7,5,true,17
727,583,1883,998,9086,3781.0,6,70,1,1,1.0,1000,7,5,true,17
727,584,1886,998,9485,3789.0,6,70,1,1,1.0,1000,7,5,true,17
727,585,1889,998,9488,3795.0,6,70,1,1,1.0,1000,6,5,true,17
727,586,1892,998,9491,3801.0,6,70,1,1,1.0,1000,6,5,true,17
727,587,1896,998,9495,3809.0,6,70,1,1,1.0,1000,7,5,true,17
727,588,1899,998,9498,3815.0,6,70,1,1,1.0,1000,6,5,true,17
727,589,1902,998,9501,3821.0,6,70,1,1,1.0,1000,6,5,true,17
727,590,1905,998,9504,3827.0,6,70,1,1,1.0,1000,7,5,true,17
727,591,1908,998,9507,3833.0,6,70,1,1,1.0,1000,6,5,true,17
727,592,1911,998,9510,3839.0,6,70,1,1,1.0,1000,7,5,true,17
727,593,1914,998,9513,3845.0,6,70,1,1,1.0,1000,7,5,true,17
727,594,1917,999,9628,3853.0,6,70,1,1,1.0,1000,6,5,true,17
727,595,1920,999,9631,3859.0,6,70,1,1,1.0,1000,6,5,true,17
727,596,1923,999,9634,3865.0,6,70,1,1,1.0,1000,6,5,true,17
727,597,1926,999,9637,3871.0,6,70,1,1,1.0,1000,6,5,true,17
727,598,1929,999,9640,3877.0,6,70,1,1,1.0,1000,6,5,true,17
727,599,1932,999,9643,3883.0,6,70,1,1,1.0,1000,6,5,true,17
727,600,1936,999,9647,3891.0,6,70,1,1,1.0,1000,7,5,true,17
727,601,1939,999,9650,3897.0,6,70,1,1,1.0,1000,7,5,true,17
727,602,1942,999,9710,3903.0,6,70,1,1,1.0,1000,6,5,true,17
727,603,1945,999,9713,3909.0,6,70,1,1,1.0,1000,6,5,true,17
727,604,1948,999,9716,3915.0,6,70,1,1,1.0,1000,6,5,true,17
727,605,1952,999,9720,3923.0,6,70,1,1,1.0,1000,7,5,true,17
727,606,1956,999,9780,3933.0,6,70,1,1,1.0,1000,6,5,true,17
727,607,1959,999,9783,3939.0,6,70,1,1,1.0,1000,6,5,true,17
727,608,1962,999,9786,3945.0,6,70,1,1,1.0,1000,6,5,true,17
727,609,1966,999,9790,3953.0,6,70,1,1,1.0,1000,7,5,true,17
727,610,1969,999,9793,3959.0,6,70,1,1,1.0,1000,6,5,true,17
727,611,1973,999,9797,3967.0,6,70,1,1,1.0,1000,6,5,true,17
727,612,1976,999,9800,3973.0,6,70,1,1,1.0,1000,6,5,true,17
727,613,1980,999,9804,3981.0,6,70,1,1,1.0,1000,7,5,true,17
727,614,1983,999,9807,3987.0,6,70,1,1,1.0,1000,7,5,true,17
727,615,1986,999,9810,3993.0,6,70,1,1,1.0,1000,6,5,true,17
727,616,1989,999,9813,3999.0,6,70,1,1,1.0,1000,6,5,true,17
727,617,1993,999,9817,4007.0,6,70,1,1,1.0,1000,7,5,true,17
727,618,1996,999,9820,4013.0,6,70,1,1,1.0,1000,6,5,true,17
727,619,1999,999,9995,4021.0,6,70,1,1,1.0,1000,7,5,true,17
727,620,2003,999,9999,4029.0,6,70,1,1,1.0,1000,6,5,true,17
727,621,2007,999,10003,4037.0,6,70,1,1,1.0,1000,6,5,true,17
727,622,2010,999,10006,4043.0,6,70,1,1,1.0,1000,6,5,true,17
727,623,2013,999,10081,4049.0,6,70,1,1,1.0,1000,6,5,true,17
727,624,2016,999,10084,4055.0,6,70,1,1,1.0,1000,6,5,true,17
727,625,2019,999,10087,4061.0,6,70,1,1,1.0,1000,6,5,true,17
727,626,2022,999,10090,4067.0,6,70,1,1,1.0,1000,6,5,true,17
727,627,2025,999,10093,4073.0,6,70,1,1,1.0,1000,6,5,true,17
727,628,2028,999,10096,4079.0,6,70,1,1,1.0,1000,6,5,true,17
727,629,2031,999,10099,4085.0,6,70,1,1,1.0,1000,6,5,true,17
727,630,2035,999,10103,4093.0,6,70,1,1,1.0,1000,7,5,true,17
727,631,2039,999,10107,4101.0,6,70,1,1,1.0,1000,7,5,true,17
727,632,2042,999,10218,4109.0,6,70,1,1,1.0,1000,6,5,true,17
727,633,2045,999,10221,4115.0,6,70,1,1,1.0,1000,6,5,true,17
727,634,2048,999,10224,4121.0,6,70,1,1,1.0,1000,6,5,true,17
727,635,2051,999,10227,4127.0,6,70,1,1,1.0,1000,6,5,true,17
727,636,2054,999,10230,4133.0,6,70,1,1,1.0,1000,6,5,true,17
727,637,2057,999,10233,4139.0,6,70,1,1,1.0,1000,6,5,true,17
727,638,2061,999,10237,4147.0,6,70,1,1,1.0,1000,6,5,true,17
727,639,2064,999,10240,4153.0,6,70,1,1,1.0,1000,6,5,true,17
727,640,2067,999,10243,4159.0,6,70,1,1,1.0,1000,6,5,true,17
727,641,2070,999,10246,4165.0,6,70,1,1,1.0,1000,6,5,true,17
727,642,2073,999,10249,4171.0,6,70,1,1,1.0,1000,6,5,true,17
727,643,2076,999,10252,4177.0,6,70,1,1,1.0,1000,6,5,true,17
727,644,2079,999,10255,4183.0,6,70,1,1,1.0,1000,6,5,true,17
727,645,2082,999,10258,4189.0,6,70,1,1,1.0,1000,6,5,true,17
727,646,2085,999,10261,4195.0,6,70,1,1,1.0,1000,6,5,true,17
727,647,2088,999,10264,4201.0,6,70,1,1,1.0,1000,6,5,true,17
727,648,2091,999,10267,4207.0,6,70,1,1,1.0,1000,7,5,true,17
727,649,2094,999,10270,4213.0,6,70,1,1,1.0,1000,6,5,true,17
727,650,2098,999,10274,4221.0,6,70,1,1,1.0,1000,6,5,true,17
727,651,2101,999,10277,4227.0,6,70,1,1,1.0,1000,6,5,true,17
727,652,2104,999,10280,4233.0,6,70,1,1,1.0,1000,6,5,true,17
727,653,2107,999,10283,4239.0,6,70,1,1,1.0,1000,7,5,true,17
727,654,2110,999,10286,4245.0,6,70,1,1,1.0,1000,6,5,true,17
727,655,2114,999,10290,4253.0,6,70,1,1,1.0,1000,7,5,true,17
727,656,2117,999,10293,4259.0,6,70,1,1,1.0,1000,6,5,true,17
727,657,2120,999,10296,4265.0,6,70,1,1,1.0,1000,6,5,true,17
727,658,2123,999,10299,4271.0,6,70,1,1,1.0,1000,6,5,true,17
727,659,2126,999,10302,4277.0,6,70,1,1,1.0,1000,6,5,true,17
727,660,2130,999,10306,4285.0,6,70,1,1,1.0,1000,7,5,true,17
727,661,2134,999,10310,4293.0,6,70,1,1,1.0,1000,7,5,true,17
727,662,2138,999,10314,4301.0,6,70,1,1,1.0,1000,7,5,true,17
727,663,2141,999,10317,4307.0,6,70,1,1,1.0,1000,6,5,true,17
727,664,2145,999,10321,4315.0,6,70,1,1,1.0,1000,6,5,true,17
727,665,2148,999,10324,4321.0,6,70,1,1,1.0,1000,6,5,true,17
727,666,2151,999,10327,4327.0,6,70,1,1,1.0,1000,6,5,true,17
727,667,2155,999,10331,4335.0,6,70,1,1,1.0,1000,7,5,true,17
727,668,2158,999,10334,4341.0,6,70,1,1,1.0,1000,7,5,true,17
727,669,2161,999,10337,4347.0,6,70,1,1,1.0,1000,6,5,true,17
727,670,2164,999,10340,4353.0,6,70,1,1,1.0,1000,6,5,true,17
727,671,2167,999,10343,4359.0,6,70,1,1,1.0,1000,6,5,true,17
727,672,2170,999,10346,4365.0,6,70,1,1,1.0,1000,6,5,true,17
727,673,2173,999,10349,4371.0,6,70,1,1,1.0,1000,6,5,true,17
727,674,2176,999,10352,4377.0,6,70,1,1,1.0,1000,6,5,true,17
727,675,2179,999,10355,4383.0,6,70,1,1,1.0,1000,6,5,true,17
727,676,2182,999,10358,4389.0,6,70,1,1,1.0,1000,6,5,true,17
727,677,2185,999,10361,4395.0,6,70,1,1,1.0,1000,6,5,true,17
727,678,2188,999,10364,4401.0,6,70,1,1,1.0,1000,6,5,true,17
727,679,2191,999,10367,4407.0,6,70,1,1,1.0,1000,6,5,true,17
727,680,2194,999,10370,4413.0,6,70,1,1,1.0,1000,6,5,true,17
727,681,2198,999,10374,4421.0,6,70,1,1,1.0,1000,6,5,true,17
727,682,2202,999,10378,4429.0,6,70,1,1,1.0,1000,7,5,true,17
727,683,2205,999,10381,4435.0,6,70,1,1,1.0,1000,6,5,true,17
727,684,2208,999,10384,4441.0,6,70,1,1,1.0,1000,6,5,true,17
727,685,2211,999,10387,4447.0,6,70,1,1,1.0,1000,6,5,true,17
727,686,2214,999,10390,4453.0,6,70,1,1,1.0,1000,6,5,true,17
727,687,2218,999,10394,4461.0,6,70,1,1,1.0,1000,7,5,true,17
727,688,2221,999,10397,4467.0,6,70,1,1,1.0,1000,6,5,true,17
727,689,2224,999,10400,4473.0,6,70,1,1,1.0,1000,6,5,true,17
727,690,2227,999,10403,4479.0,6,70,1,1,1.0,1000,6,5,true,17
727,691,2230,999,10406,4485.0,6,70,1,1,1.0,1000,6,5,true,17
727,692,2234,999,10410,4493.0,6,70,1,1,1.0,1000,7,5,true,17
727,693,2236,999,10412,4497.0,6,70,1,1,1.0,1000,6,5,true,17
727,694,2239,999,10415,4503.0,6,70,1,1,1.0,1000,6,5,true,17
727,695,2242,999,10418,4509.0,6,70,1,1,1.0,1000,6,5,true,17
727,696,2246,999,10422,4517.0,6,70,1,1,1.0,1000,7,5,true,17
727,697,2249,999,10425,4523.0,6,70,1,1,1.0,1000,6,5,true,17
727,698,2253,999,10429,4531.0,6,70,1,1,1.0,1000,7,5,true,17
727,699,2256,999,10432,4537.0,6,70,1,1,1.0,1000,6,5,true,17
727,700,2259,999,10435,4543.0,6,70,1,1,1.0,1000,6,5,true,17
727,701,2263,999,10439,4551.0,6,70,1,1,1.0,1000,6,5,true,17
727,702,2266,999,10442,4557.0,6,70,1,1,1.0,1000,6,5,true,17
727,703,2269,999,10445,4563.0,6,70,1,1,1.0,1000,6,5,true,17
727,704,2272,999,10448,4569.0,6,70,1,1,1.0,1000,6,5,true,17
727,705,2276,999,10452,4577.0,6,70,1,1,1.0,1000,6,5,true,17
727,706,2279,999,10455,4583.0,6,70,1,1,1.0,1000,6,5,true,17
727,707,2282,999,10458,4589.0,6,70,1,1,1.0,1000,6,5,true,17
727,708,2285,999,10461,4595.0,6,70,1,1,1.0,1000,6,5,true,17
727,709,2288,999,10464,4601.0,6,70,1,1,1.0,1000,6,5,true,17
727,710,2291,999,10467,4607.0,6,70,1,1,1.0,1000,6,5,true,17
727,711,2295,999,10471,4615.0,6,70,1,1,1.0,1000,7,5,true,17
727,712,2299,999,10475,4623.0,6,70,1,1,1.0,1000,6,5,true,17
727,713,2302,999,10478,4629.0,6,70,1,1,1.0,1000,6,5,true,17
727,714,2305,999,10481,4635.0,6,70,1,1,1.0,1000,6,5,true,17
727,715,2308,1000,11548,4643.0,6,70,1,1,1.0,1000,6,5,true,17
727,716,2312,1000,11552,4651.0,6,70,1,1,1.0,1000,7,5,true,17
727,717,2315,1000,11555,4657.0,6,70,1,1,1.0,1000,6,5,true,17
727,718,2319,1000,11559,4665.0,6,70,1,1,1.0,1000,7,5,true,17
727,719,2322,1000,11562,4671.0,6,70,1,1,1.0,1000,6,5,true,17
727,720,2325,1000,11565,4677.0,6,70,1,1,1.0,1000,7,5,true,17
727,721,2328,1000,11568,4683.0,6,70,1,1,1.0,1000,6,5,true,17
727,722,2332,1000,11572,4691.0,6,70,1,1,1.0,1000,7,5,true,17
727,723,2336,1000,11576,4699.0,6,70,1,1,1.0,1000,7,5,true,17
727,724,2339,1000,11579,4705.0,6,70,1,1,1.0,1000,6,5,true,17
727,725,2342,1000,11582,4711.0,6,70,1,1,1.0,1000,6,5,true,17
727,726,2345,1000,11585,4717.0,6,70,1,1,1.0,1000,6,5,true,17
727,727,2348,1000,11588,4723.0,6,70,1,1,1.0,1000,6,5,true,17
727,728,2352,1000,11592,4731.0,6,70,1,1,1.0,1000,7,5,true,17
727,729,2355,1000,11595,4737.0,6,70,1,1,1.0,1000,6,5,true,17
727,730,2358,1000,11598,4743.0,6,70,1,1,1.0,1000,6,5,true,17
727,731,2362,1000,11602,4751.0,6,70,1,1,1.0,1000,7,5,true,17
727,732,2365,1000,11605,4757.0,6,70,1,1,1.0,1000,6,5,true,17
727,733,2368,1000,11608,4763.0,6,70,1,1,1.0,1000,6,5,true,17
727,734,2371,1000,11611,4769.0,6,70,1,1,1.0,1000,6,5,true,17
727,735,2374,1000,11614,4775.0,6,70,1,1,1.0,1000,6,5,true,17
727,736,2377,1000,11617,4781.0,6,70,1,1,1.0,1000,6,5,true,17
727,737,2381,1000,11621,4789.0,6,70,1,1,1.0,1000,7,5,true,17
727,738,2384,1000,11624,4795.0,6,70,1,1,1.0,1000,6,5,true,17
727,739,2387,1000,11627,4801.0,6,70,1,1,1.0,1000,6,5,true,17
727,740,2390,1000,11630,4807.0,6,70,1,1,1.0,1000,6,5,true,17
727,741,2393,1000,11633,4813.0,6,70,1,1,1.0,1000,6,5,true,17
727,742,2397,1000,11637,4821.0,6,70,1,1,1.0,1000,6,5,true,17
727,743,2401,1000,11641,4829.0,6,70,1,1,1.0,1000,6,5,true,17
727,744,2405,1000,11645,4837.0,6,70,1,1,1.0,1000,7,5,true,17
727,745,2408,1000,11648,4843.0,6,70,1,1,1.0,1000,6,5,true,17
727,746,2411,1000,11651,4849.0,6,70,1,1,1.0,1000,6,5,true,17
727,747,2415,1000,11655,4857.0,6,70,1,1,1.0,1000,7,5,true,17
727,748,2418,1000,11658,4863.0,6,70,1,1,1.0,1000,6,5,true,17
727,749,2421,1000,11661,4869.0,6,70,1,1,1.0,1000,6,5,true,17
727,750,2424,1000,11664,4875.0,6,70,1,1,1.0,1000,6,5,true,17
727,751,2427,1000,11667,4881.0,6,70,1,1,1.0,1000,6,5,true,17
727,752,2431,1000,11671,4889.0,6,70,1,1,1.0,1000,7,5,true,17
727,753,2435,1000,11675,4897.0,6,70,1,1,1.0,1000,7,5,true,17
727,754,2438,1000,11678,4903.0,6,70,1,1,1.0,1000,6,5,true,17
727,755,2441,1000,11681,4909.0,6,70,1,1,1.0,1000,7,5,true,17
727,756,2445,1000,11685,4917.0,6,70,1,1,1.0,1000,7,5,true,17
727,757,2448,1000,11688,4923.0,6,70,1,1,1.0,1000,6,5,true,17
727,758,2451,1000,11691,4929.0,6,70,1,1,1.0,1000,6,5,true,17
727,759,2454,1000,11694,4935.0,6,70,1,1,1.0,1000,6,5,true,17
727,760,2458,1000,11698,4943.0,6,70,1,1,1.0,1000,7,5,true,17
727,761,2462,1000,11702,4951.0,6,70,1,1,1.0,1000,6,5,true,17
727,762,2466,1000,11706,4959.0,6,70,1,1,1.0,1000,6,5,true,17
727,763,2469,1000,11709,4965.0,6,70,1,1,1.0,1000,6,5,true,17
727,764,2472,1000,11712,4971.0,6,70,1,1,1.0,1000,6,5,true,17
727,765,2475,1000,11715,4977.0,6,70,1,1,1.0,1000,6,5,true,17
727,766,2480,1000,11720,4987.0,6,70,1,1,1.0,1000,7,5,true,17
727,767,2483,1000,11723,4993.0,6,70,1,1,1.0,1000,6,5,true,17
727,768,2486,1000,11726,4999.0,6,70,1,1,1.0,1000,6,5,true,17
727,769,2490,1000,11730,5007.0,6,70,1,1,1.0,1000,7,5,true,17
727,770,2494,1000,11734,5015.0,6,70,1,1,1.0,1000,7,5,true,17
727,771,2498,1000,11738,5023.0,6,70,1,1,1.0,1000,7,5,true,17
727,772,2501,1000,11741,5029.0,6,70,1,1,1.0,1000,7,5,true,17
727,773,2505,1000,11745,5037.0,6,70,1,1,1.0,1000,6,5,true,17
727,774,2508,1000,11748,5043.0,6,70,1,1,1.0,1000,6,5,true,17
727,775,2511,1000,11751,5049.0,6,70,1,1,1.0,1000,6,5,true,17
727,776,2514,1000,11754,5055.0,6,70,1,1,1.0,1000,6,5,true,17
727,777,2517,1000,11757,5061.0,6,70,1,1,1.0,1000,6,5,true,17
727,778,2520,1000,11760,5067.0,6,70,1,1,1.0,1000,6,5,true,17
727,779,2523,1000,11763,5073.0,6,70,1,1,1.0,1000,6,5,true,17
727,780,2527,1000,11767,5081.0,6,70,1,1,1.0,1000,7,5,true,17
727,781,2530,1000,11770,5087.0,6,70,1,1,1.0,1000,6,5,true,17
727,782,2533,1000,11773,5093.0,6,70,1,1,1.0,1000,6,5,true,17
727,783,2536,1000,11776,5099.0,6,70,1,1,1.0,1000,6,5,true,17
727,784,2539,1000,11779,5105.0,6,70,1,1,1.0,1000,6,5,true,17
727,785,2543,1000,11783,5113.0,6,70,1,1,1.0,1000,7,5,true,17
727,786,2547,1000,11787,5121.0,6,70,1,1,1.0,1000,7,5,true,17
727,787,2550,1000,11790,5127.0,6,70,1,1,1.0,1000,6,5,true,17
727,788,2554,1000,11794,5135.0,6,70,1,1,1.0,1000,6,5,true,17
727,789,2557,1000,11797,5141.0,6,70,1,1,1.0,1000,6,5,true,17
727,790,2560,1000,11800,5147.0,6,70,1,1,1.0,1000,6,5,true,17
727,791,2563,1000,11803,5153.0,6,70,1,1,1.0,1000,6,5,true,17
727,792,2566,1000,11806,5159.0,6,70,1,1,1.0,1000,6,5,true,17
727,793,2570,1000,11810,5167.0,6,70,1,1,1.0,1000,7,5,true,17
727,794,2574,1000,11814,5175.0,6,70,1,1,1.0,1000,7,5,true,17
727,795,2577,1000,11817,5181.0,6,70,1,1,1.0,1000,6,5,true,17
727,796,2580,1000,11820,5187.0,6,70,1,1,1.0,1000,6,5,true,17
727,797,2584,1000,11824,5195.0,6,70,1,1,1.0,1000,7,5,true,17
727,798,2587,1000,11827,5201.0,6,70,1,1,1.0,1000,7,5,true,17
727,799,2590,1000,11830,5207.0,6,70,1,1,1.0,1000,6,5,true,17
727,800,2593,1000,11833,5213.0,6,70,1,1,1.0,1000,6,5,true,17
727,801,2596,1000,11836,5219.0,6,70,1,1,1.0,1000,6,5,true,17
727,802,2599,1000,11839,5225.0,6,70,1,1,1.0,1000,6,5,true,17
727,803,2603,1000,11843,5233.0,6,70,1,1,1.0,1000,7,5,true,17
727,804,2606,1000,11846,5239.0,6,70,1,1,1.0,1000,6,5,true,17
727,805,2609,1000,11849,5245.0,6,70,1,1,1.0,1000,7,5,true,17
727,806,2612,1000,11852,5251.0,6,70,1,1,1.0,1000,6,5,true,17
727,807,2615,1000,11855,5257.0,6,70,1,1,1.0,1000,6,5,true,17
727,808,2618,1000,11858,5263.0,6,70,1,1,1.0,1000,6,5,true,17
727,809,2621,1000,11861,5269.0,6,70,1,1,1.0,1000,6,5,true,17
727,810,2624,1000,11864,5275.0,6,70,1,1,1.0,1000,6,5,true,17
727,811,2627,1000,11867,5281.0,6,70,1,1,1.0,1000,6,5,true,17
727,812,2630,1000,11870,5287.0,6,70,1,1,1.0,1000,6,5,true,17
727,813,2634,1000,11874,5295.0,6,70,1,1,1.0,1000,7,5,true,17
727,814,2638,1000,11878,5303.0,6,70,1,1,1.0,1000,7,5,true,17
727,815,2641,1000,11881,5309.0,6,70,1,1,1.0,1000,6,5,true,17
727,816,2645,1000,11885,5317.0,6,70,1,1,1.0,1000,7,5,true,17
727,817,2648,1000,11888,5323.0,6,70,1,1,1.0,1000,6,5,true,17
727,818,2651,1000,11891,5329.0,6,70,1,1,1.0,1000,6,5,true,17
727,819,2655,1000,11895,5337.0,6,70,1,1,1.0,1000,6,5,true,17
727,820,2658,1000,11898,5343.0,6,70,1,1,1.0,1000,6,5,true,17
727,821,2661,1000,11901,5349.0,6,70,1,1,1.0,1000,6,5,true,17
727,822,2665,1000,11905,5357.0,6,70,1,1,1.0,1000,6,5,true,17
727,823,2668,1000,11908,5363.0,6,70,1,1,1.0,1000,6,5,true,17
727,824,2671,1000,11911,5369.0,6,70,1,1,1.0,1000,6,5,true,17
727,825,2674,1000,11914,5375.0,6,70,1,1,1.0,1000,6,5,true,17
727,826,2677,1000,11917,5381.0,6,70,1,1,1.0,1000,6,5,true,17
727,827,2680,1000,11920,5387.0,6,70,1,1,1.0,1000,6,5,true,17
727,828,2683,1000,11923,5393.0,6,70,1,1,1.0,1000,6,5,true,17
727,829,2686,1000,11926,5399.0,6,70,1,1,1.0,1000,6,5,true,17
727,830,2689,1000,11929,5405.0,6,70,1,1,1.0,1000,6,5,true,17
727,831,2693,1000,11933,5413.0,6,70,1,1,1.0,1000,6,5,true,17
727,832,2697,1000,11937,5421.0,6,70,1,1,1.0,1000,6,5,true,17
727,833,2700,1000,11940,5427.0,6,70,1,1,1.0,1000,6,5,true,17
727,834,2704,1000,11944,5435.0,6,70,1,1,1.0,1000,7,5,true,17
727,835,2707,1000,11947,5441.0,6,70,1,1,1.0,1000,6,5,true,17
727,836,2710,1000,11950,5447.0,6,70,1,1,1.0,1000,6,5,true,17
727,837,2713,1000,11953,5453.0,6,70,1,1,1.0,1000,6,5,true,17
727,838,2717,1000,11957,5461.0,6,70,1,1,1.0,1000,7,5,true,17
727,839,2720,1000,11960,5467.0,6,70,1,1,1.0,1000,6,5,true,17
727,840,2723,1000,11963,5473.0,6,70,1,1,1.0,1000,6,5,true,17
727,841,2726,1000,11966,5479.0,6,70,1,1,1.0,1000,6,5,true,17
727,842,2729,1000,11969,5485.0,6,70,1,1,1.0,1000,7,5,true,17
727,843,2732,1000,11972,5491.0,6,70,1,1,1.0,1000,7,5,true,17
727,844,2735,1000,11975,5497.0,6,70,1,1,1.0,1000,6,5,true,17
727,845,2738,1000,11978,5503.0,6,70,1,1,1.0,1000,6,5,true,17
727,846,2741,1000,11981,5509.0,6,70,1,1,1.0,1000,6,5,true,17
727,847,2744,1000,11984,5515.0,6,70,1,1,1.0,1000,6,5,true,17
727,848,2748,1000,11988,5523.0,6,70,1,1,1.0,1000,6,5,true,17
727,849,2751,1000,11991,5529.0,6,70,1,1,1.0,1000,6,5,true,17
727,850,2755,1000,11995,5537.0,6,70,1,1,1.0,1000,7,5,true,17
727,851,2758,1000,11998,5543.0,6,70,1,1,1.0,1000,7,5,true,17
727,852,2761,1000,13741,5549.0,6,70,1,1,1.0,1000,6,5,true,17
727,853,2765,1000,13783,5557.0,6,70,1,1,1.0,1000,6,5,true,17
727,854,2769,1000,13787,5565.0,6,70,1,1,1.0,1000,7,5,true,17
727,855,2773,1000,13791,5573.0,6,70,1,1,1.0,1000,7,5,true,17
727,856,2776,1000,13794,5579.0,6,70,1,1,1.0,1000,6,5,true,17
727,857,2780,1000,13798,5587.0,6,70,1,1,1.0,1000,7,5,true,17
727,858,2783,1000,13801,5593.0,6,70,1,1,1.0,1000,6,5,true,17
727,859,2786,1000,13804,5599.0,6,70,1,1,1.0,1000,6,5,true,17
727,860,2789,1000,13807,5605.0,6,70,1,1,1.0,1000,6,5,true,17
727,861,2793,1000,13811,5613.0,6,70,1,1,1.0,1000,6,5,true,17
727,862,2796,1000,13814,5619.0,6,70,1,1,1.0,1000,6,5,true,17
727,863,2799,1000,13817,5625.0,6,70,1,1,1.0,1000,6,5,true,17
727,864,2802,1000,13820,5631.0,6,70,1,1,1.0,1000,6,5,true,17
727,865,2805,1000,13823,5637.0,6,70,1,1,1.0,1000,6,5,true,17
727,866,2809,1000,13827,5645.0,6,70,1,1,1.0,1000,7,5,true,17
727,867,2812,1000,13830,5651.0,6,70,1,1,1.0,1000,6,5,true,17
727,868,2815,1000,13833,5657.0,6,70,1,1,1.0,1000,6,5,true,17
727,869,2818,1000,13836,5663.0,6,70,1,1,1.0,1000,6,5,true,17
727,870,2821,1000,13839,5669.0,6,70,1,1,1.0,1000,6,5,true,17
727,871,2824,1000,13842,5675.0,6,70,1,1,1.0,1000,6,5,true,17
727,872,2827,1000,13845,5681.0,6,70,1,1,1.0,1000,6,5,true,17
727,873,2830,1000,13848,5687.0,6,70,1,1,1.0,1000,6,5,true,17
727,874,2833,1000,13851,5693.0,6,70,1,1,1.0,1000,7,5,true,17
727,875,2836,1000,13854,5699.0,6,70,1,1,1.0,1000,6,5,true,17
727,876,2839,1000,13857,5705.0,6,70,1,1,1.0,1000,6,5,true,17
727,877,2842,1000,13860,5711.0,6,70,1,1,1.0,1000,6,5,true,17
727,878,2845,1000,13863,5717.0,6,70,1,1,1.0,1000,6,5,true,17
727,879,2848,1000,13866,5723.0,6,70,1,1,1.0,1000,6,5,true,17
727,880,2852,1000,13870,5731.0,6,70,1,1,1.0,1000,6,5,true,17
727,881,2856,1000,13874,5739.0,6,70,1,1,1.0,1000,7,5,true,17
727,882,2859,1000,13877,5745.0,6,70,1,1,1.0,1000,6,5,true,17
727,883,2862,1000,13880,5751.0,6,70,1,1,1.0,1000,7,5,true,17
727,884,2866,1000,13884,5759.0,6,70,1,1,1.0,1000,7,5,true,17
727,885,2870,1000,13888,5767.0,6,70,1,1,1.0,1000,6,5,true,17
727,886,2873,1000,13891,5773.0,6,70,1,1,1.0,1000,6,5,true,17
727,887,2876,1000,13894,5779.0,6,70,1,1,1.0,1000,6,5,true,17
727,888,2879,1000,13897,5785.0,6,70,1,1,1.0,1000,6,5,true,17
727,889,2882,1000,14380,5793.0,6,70,1,1,1.0,1000,6,5,true,17
727,890,2885,1000,14383,5799.0,6,70,1,1,1.0,1000,7,5,true,17
727,891,2888,1000,14386,5805.0,6,70,1,1,1.0,1000,6,5,true,17
727,892,2891,1000,14389,5811.0,6,70,1,1,1.0,1000,6,5,true,17
727,893,2894,1000,14392,5817.0,6,70,1,1,1.0,1000,6,5,true,17
727,894,2897,1000,14395,5823.0,6,70,1,1,1.0,1000,7,5,true,17
727,895,2900,1000,14398,5829.0,6,70,1,1,1.0,1000,6,5,true,17
727,896,2904,1000,14402,5837.0,6,70,1,1,1.0,1000,6,5,true,17
727,897,2907,1000,14493,5845.0,6,70,1,1,1.0,1000,6,5,true,17
727,898,2910,1000,14496,5851.0,6,70,1,1,1.0,1000,6,5,true,17
727,899,2913,1000,14499,5857.0,6,70,1,1,1.0,1000,6,5,true,17
727,900,2917,1000,14503,5865.0,6,70,1,1,1.0,1000,7,5,true,17
727,901,2920,1000,14506,5871.0,6,70,1,1,1.0,1000,6,5,true,17
727,902,2924,1000,14510,5879.0,6,70,1,1,1.0,1000,7,5,true,17
727,903,2928,1000,14514,5887.0,6,70,1,1,1.0,1000,7,5,true,17
727,904,2932,1000,14518,5895.0,6,70,1,1,1.0,1000,6,5,true,17
727,905,2935,1000,14521,5901.0,7,70,1,1,1.0,1000,6,5,true,17
727,906,2938,1000,14524,5907.0,7,70,1,1,1.0,1000,6,5,true,17
727,907,2941,1000,14527,5913.0,7,70,1,1,1.0,1000,6,5,true,17
727,908,2943,1000,14529,5917.0,7,70,1,1,1.0,1000,6,5,true,17
727,909,2946,1000,14532,5923.0,7,70,1,1,1.0,1000,6,5,true,17
727,910,2949,1000,14535,5929.0,7,70,1,1,1.0,1000,6,5,true,17
727,911,2952,1000,14538,5935.0,7,70,1,1,1.0,1000,6,5,true,17
727,912,2956,1000,14542,5943.0,7,70,1,1,1.0,1000,7,5,true,17
727,913,2959,1000,14545,5949.0,7,70,1,1,1.0,1000,6,5,true,17
727,914,2962,1000,14548,5955.0,7,70,1,1,1.0,1000,6,5,true,17
727,915,2965,1000,14551,5961.0,7,70,1,1,1.0,1000,7,5,true,17
727,916,2968,1000,14554,5967.0,7,70,1,1,1.0,1000,6,5,true,17
727,917,2971,1000,14557,5973.0,7,70,1,1,1.0,1000,6,5,true,17
727,918,2974,1000,14560,5979.0,7,70,1,1,1.0,1000,6,5,true,17
727,919,2977,1000,14563,5985.0,7,70,1,1,1.0,1000,6,5,true,17
727,920,2980,1000,14566,5991.0,7,70,1,1,1.0,1000,6,5,true,17
727,921,2983,1000,14569,5997.0,7,70,1,1,1.0,1000,6,5,true,17
727,922,2987,1000,14573,6005.0,7,70,1,1,1.0,1000,7,5,true,17
727,923,2991,1000,14577,6013.0,7,70,1,1,1.0,1000,7,5,true,17
727,924,2995,1000,14581,6021.0,7,70,1,1,1.0,1000,7,5,true,17
727,925,2998,1000,14584,6027.0,7,70,1,1,1.0,1000,6,5,true,17
727,926,3002,1000,14588,6035.0,7,70,1,1,1.0,1000,7,5,true,17
727,927,3005,1000,14591,6041.0,7,70,1,1,1.0,1000,6,5,true,17
727,928,3008,1000,14594,6047.0,7,70,1,1,1.0,1000,6,5,true,17
727,929,3011,1000,14597,6053.0,7,70,1,1,1.0,1000,6,5,true,17
727,930,3015,1000,14601,6061.0,8,70,1,1,1.0,1000,7,5,true,17
727,931,3018,1000,14604,6067.0,8,70,1,1,1.0,1000,6,5,true,17
727,932,3021,1000,14607,6073.0,8,70,1,1,1.0,1000,6,5,true,17
727,933,3025,1000,14611,6081.0,8,70,1,1,1.0,1000,7,5,true,17
727,934,3029,1000,14615,6089.0,8,70,1,1,1.0,1000,7,5,true,17
727,935,3032,1000,14618,6095.0,8,70,1,1,1.0,1000,6,5,true,17
727,936,3035,1000,14621,6101.0,8,70,1,1,1.0,1000,6,5,true,17
727,937,3038,1000,14624,6107.0,8,70,1,1,1.0,1000,6,5,true,17
727,938,3041,1000,14627,6113.0,8,70,1,1,1.0,1000,6,5,true,17
727,939,3045,1000,14631,6121.0,8,70,1,1,1.0,1000,6,5,true,17
727,940,3048,1000,14634,6127.0,8,70,1,1,1.0,1000,6,5,true,17
727,941,3051,1000,15220,6133.0,8,70,1,1,1.0,1000,6,5,true,17
727,942,3054,1000,15223,6139.0,8,70,1,1,1.0,1000,6,5,true,17
727,943,3057,1000,15236,6145.0,8,70,1,1,1.0,1000,6,5,true,17
727,944,3060,1000,15239,6151.0,8,70,1,1,1.0,1000,6,5,true,17
727,945,3063,1000,15242,6157.0,8,70,1,1,1.0,1000,6,5,true,17
727,946,3066,1000,15245,6163.0,8,70,1,1,1.0,1000,7,5,true,17
727,947,3069,1000,15248,6169.0,8,70,1,1,1.0,1000,6,5,true,17
727,948,3072,1000,15251,6175.0,8,70,1,1,1.0,1000,6,5,true,17
727,949,3075,1000,15254,6181.0,8,70,1,1,1.0,1000,6,5,true,17
727,950,3078,1000,15257,6187.0,8,70,1,1,1.0,1000,6,5,true,17
727,951,3081,1000,15260,6193.0,8,70,1,1,1.0,1000,6,5,true,17
727,952,3084,1000,15341,6199.0,8,70,1,1,1.0,1000,6,5,true,17
727,953,3087,1000,15344,6205.0,8,70,1,1,1.0,1000,6,5,true,17
727,954,3090,1000,15347,6211.0,8,70,1,1,1.0,1000,6,5,true,17
727,955,3094,1000,15400,6219.0,8,70,1,1,1.0,1000,7,5,true,17
727,956,3097,1000,15403,6225.0,8,70,1,1,1.0,1000,6,5,true,17
727,957,3100,1000,15406,6231.0,8,70,1,1,1.0,1000,6,5,true,17
727,958,3103,1000,15409,6237.0,8,70,1,1,1.0,1000,6,5,true,17
727,959,3106,1000,15412,6243.0,8,70,1,1,1.0,1000,6,5,true,17
727,960,3109,1000,15415,6249.0,8,70,1,1,1.0,1000,6,5,true,17
727,961,3112,1000,15418,6255.0,8,70,1,1,1.0,1000,6,5,true,17
727,962,3115,1000,15421,6261.0,8,70,1,1,1.0,1000,6,5,true,17
727,963,3118,1000,15424,6267.0,8,70,1,1,1.0,1000,6,5,true,17
727,964,3122,1000,15428,6275.0,8,70,1,1,1.0,1000,7,5,true,17
727,965,3125,1000,15431,6281.0,8,70,1,1,1.0,1000,7,5,true,17
727,966,3128,1000,15434,6287.0,8,70,1,1,1.0,1000,6,5,true,17
727,967,3131,1000,15437,6293.0,8,70,1,1,1.0,1000,6,5,true,17
727,968,3134,1000,15656,6299.0,8,70,1,1,1.0,1000,6,5,true,17
727,969,3138,1000,15660,6307.0,8,70,1,1,1.0,1000,7,5,true,17
727,970,3141,1000,15663,6313.0,8,70,1,1,1.0,1000,6,5,true,17
727,971,3144,1000,15666,6319.0,8,70,1,1,1.0,1000,6,5,true,17
727,972,3147,1000,15669,6325.0,8,70,1,1,1.0,1000,6,5,true,17
727,973,3150,1000,15672,6331.0,8,70,1,1,1.0,1000,6,5,true,17
727,974,3153,1000,15675,6337.0,8,70,1,1,1.0,1000,6,5,true,17
727,975,3156,1000,15678,6343.0,8,70,1,1,1.0,1000,6,5,true,17
727,976,3160,1000,15682,6351.0,8,70,1,1,1.0,1000,7,5,true,17
727,977,3163,1000,15685,6357.0,8,70,1,1,1.0,1000,6,5,true,17
727,978,3166,1000,15688,6363.0,8,70,1,1,1.0,1000,6,5,true,17
727,979,3169,1000,15691,6369.0,8,70,1,1,1.0,1000,6,5,true,17
727,980,3173,1000,15695,6377.0,8,70,1,1,1.0,1000,7,5,true,17
727,981,3176,1000,15698,6383.0,8,70,1,1,1.0,1000,6,5,true,17
727,982,3179,1000,15701,6389.0,8,70,1,1,1.0,1000,6,5,true,17
727,983,3182,1000,15704,6395.0,8,70,1,1,1.0,1000,7,5,true,17
727,984,3185,1000,15707,6401.0,8,70,1,1,1.0,1000,6,5,true,17
727,985,3188,1000,15710,6407.0,8,70,1,1,1.0,1000,6,5,true,17
727,986,3192,1000,15714,6415.0,8,70,1,1,1.0,1000,7,5,true,17
727,987,3195,1000,15717,6421.0,8,70,1,1,1.0,1000,7,5,true,17
727,988,3198,1000,15720,6427.0,8,70,1,1,1.0,1000,6,5,true,17
727,989,3201,1000,15723,6433.0,8,70,1,1,1.0,1000,6,5,true,17
727,990,3205,1000,15727,6441.0,8,70,1,1,1.0,1000,6,5,true,17
727,991,3208,1000,15730,6447.0,8,70,1,1,1.0,1000,6,5,true,17
727,992,3211,1000,15733,6453.0,8,70,1,1,1.0,1000,6,5,true,17
727,993,3214,1000,15736,6459.0,8,70,1,1,1.0,1000,6,5,true,17
727,994,3217,1000,15739,6465.0,8,70,1,1,1.0,1000,6,5,true,17
727,995,3220,1000,15742,6471.0,8,70,1,1,1.0,1000,6,5,true,17
727,996,3223,1000,15745,6477.0,8,70,1,1,1.0,1000,6,5,true,17
727,997,3226,1000,15748,6483.0,8,70,1,1,1.0,1000,6,5,true,17
727,998,3229,1000,15751,6489.0,8,70,1,1,1.0,1000,6,5,true,17
727,999,3232,1000,16127,6495.0,8,70,1,1,1.0,1000,6,5,true,17
727,1000,3235,1000,16130,6501.0,8,70,1,1,1.0,1000,6,5,true,17
727,1001,3238,1000,16133,6507.0,8,70,1,1,1.0,1000,7,5,true,17
727,1002,3241,1000,16136,6513.0,8,70,1,1,1.0,1000,6,5,true,17
727,1003,3244,1000,16139,6519.0,8,70,1,1,1.0,1000,7,5,true,17
727,1004,3247,1000,16142,6525.0,8,70,1,1,1.0,1000,6,5,true,17
727,1005,3250,1000,16145,6531.0,8,70,1,1,1.0,1000,6,5,true,17
727,1006,3253,1000,16148,6537.0,8,70,1,1,1.0,1000,6,5,true,17
727,1007,3257,1000,16152,6545.0,8,70,1,1,1.0,1000,6,5,true,17
727,1008,3260,1000,16155,6551.0,8,70,1,1,1.0,1000,6,5,true,17
727,1009,3264,1000,16159,6559.0,8,70,1,1,1.0,1000,6,5,true,17
727,1010,3267,1000,16162,6565.0,8,70,1,1,1.0,1000,6,5,true,17
727,1011,3271,1000,16166,6573.0,8,70,1,1,1.0,1000,7,5,true,17
727,1012,3274,1000,16169,6579.0,8,70,1,1,1.0,1000,6,5,true,17
727,1013,3278,1000,16173,6587.0,8,70,1,1,1.0,1000,7,5,true,17
727,1014,3281,1000,16176,6593.0,8,70,1,1,1.0,1000,6,5,true,17
727,1015,3285,1000,16180,6601.0,8,70,1,1,1.0,1000,6,5,true,17
727,1016,3288,1000,16417,6607.0,8,70,1,1,1.0,1000,6,5,true,17
727,1017,3291,1000,16420,6613.0,8,70,1,1,1.0,1000,6,5,true,17
727,1018,3295,1000,16424,6621.0,8,70,1,1,1.0,1000,7,5,true,17
727,1019,3299,1000,16428,6629.0,8,70,1,1,1.0,1000,6,5,true,17
727,1020,3302,1000,16431,6635.0,8,70,1,1,1.0,1000,7,5,true,17
727,1021,3305,1000,16434,6641.0,8,70,1,1,1.0,1000,6,5,true,17
727,1022,3308,1000,16437,6647.0,8,70,1,1,1.0,1000,6,5,true,17
727,1023,3312,1000,16441,6655.0,8,70,1,1,1.0,1000,7,5,true,17
727,1024,3315,1000,16444,6661.0,8,70,1,1,1.0,1000,6,5,true,17
727,1025,3318,1000,16447,6667.0,8,70,1,1,1.0,1000,6,5,true,17
727,1026,3322,1000,16451,6675.0,8,70,1,1,1.0,1000,7,5,true,17
727,1027,3326,1000,16455,6683.0,8,70,1,1,1.0,1000,6,5,true,17
727,1028,3329,1000,16458,6689.0,8,70,1,1,1.0,1000,6,5,true,17
727,1029,3331,1000,16460,6693.0,8,70,1,1,1.0,1000,6,5,true,17
727,1030,3334,1000,16463,6699.0,8,70,1,1,1.0,1000,7,5,true,17
727,1031,3338,1000,16467,6707.0,8,70,1,1,1.0,1000,7,5,true,17
727,1032,3341,1000,16470,6713.0,8,70,1,1,1.0,1000,6,5,true,17
727,1033,3344,1000,16473,6719.0,8,70,1,1,1.0,1000,6,5,true,17
727,1034,3348,1000,16477,6727.0,8,70,1,1,1.0,1000,7,5,true,17
727,1035,3352,1000,16481,6735.0,8,70,1,1,1.0,1000,7,5,true,17
727,1036,3356,1000,16485,6743.0,8,70,1,1,1.0,1000,7,5,true,17
727,1037,3359,1000,16488,6749.0,8,70,1,1,1.0,1000,6,5,true,17
727,1038,3363,1000,16492,6757.0,8,70,1,1,1.0,1000,7,5,true,17
727,1039,3366,1000,16495,6763.0,8,70,1,1,1.0,1000,6,5,true,17
727,1040,3369,1000,16498,6769.0,8,70,1,1,1.0,1000,6,5,true,17
727,1041,3372,1000,16501,6775.0,8,70,1,1,1.0,1000,6,5,true,17
727,1042,3375,1000,16504,6781.0,8,70,1,1,1.0,1000,6,5,true,17
727,1043,3377,1000,16506,6785.0,8,70,1,1,1.0,1000,6,5,true,17
727,1044,3380,1000,16509,6791.0,8,70,1,1,1.0,1000,6,5,true,17
727,1045,3383,1000,16512,6797.0,8,70,1,1,1.0,1000,6,5,true,17
727,1046,3386,1000,16515,6803.0,8,70,1,1,1.0,1000,6,5,true,17
727,1047,3389,1000,16518,6809.0,8,70,1,1,1.0,1000,6,5,true,17
727,1048,3392,1000,16521,6815.0,8,70,1,1,1.0,1000,6,5,true,17
727,1049,3395,1000,16524,6821.0,8,70,1,1,1.0,1000,6,5,true,17
727,1050,3398,1000,16527,6827.0,8,70,1,1,1.0,1000,6,5,true,17
727,1051,3402,1000,16531,6835.0,8,70,1,1,1.0,1000,7,5,true,17
727,1052,3406,1000,16535,6843.0,8,70,1,1,1.0,1000,7,5,true,17
727,1053,3409,1000,16538,6849.0,8,70,1,1,1.0,1000,6,5,true,17
727,1054,3412,1000,16541,6855.0,8,70,1,1,1.0,1000,7,5,true,17
727,1055,3415,1000,16544,6861.0,8,70,1,1,1.0,1000,6,5,true,17
727,1056,3419,1000,16548,6869.0,8,70,1,1,1.0,1000,7,5,true,17
727,1057,3422,1000,16551,6875.0,8,70,1,1,1.0,1000,6,5,true,17
727,1058,3426,1000,16555,6883.0,8,70,1,1,1.0,1000,7,5,true,17
727,1059,3429,1000,16558,6889.0,8,70,1,1,1.0,1000,6,5,true,17
727,1060,3432,1000,16561,6895.0,8,70,1,1,1.0,1000,6,5,true,17
727,1061,3435,1000,16564,6901.0,8,70,1,1,1.0,1000,6,5,true,17
727,1062,3438,1000,16567,6907.0,8,70,1,1,1.0,1000,6,5,true,17
727,1063,3441,1000,16570,6913.0,8,70,1,1,1.0,1000,6,5,true,17
727,1064,3445,1000,16574,6921.0,8,70,1,1,1.0,1000,7,5,true,17
727,1065,3448,1000,16577,6927.0,8,70,1,1,1.0,1000,6,5,true,17
727,1066,3451,1000,16580,6933.0,8,70,1,1,1.0,1000,7,5,true,17
727,1067,3455,1000,16584,6941.0,8,70,1,1,1.0,1000,7,5,true,17
727,1068,3458,1000,16587,6947.0,8,70,1,1,1.0,1000,6,5,true,17
727,1069,3461,1000,16590,6953.0,8,70,1,1,1.0,1000,6,5,true,17
727,1070,3465,1000,16594,6961.0,8,70,1,1,1.0,1000,7,5,true,17
727,1071,3469,1000,16598,6969.0,8,70,1,1,1.0,1000,7,5,true,17
727,1072,3472,1000,16601,6975.0,8,70,1,1,1.0,1000,6,5,true,17
727,1073,3475,1000,16604,6981.0,8,70,1,1,1.0,1000,6,5,true,17
727,1074,3478,1000,16607,6987.0,8,70,1,1,1.0,1000,6,5,true,17
727,1075,3481,1000,16610,6993.0,8,70,1,1,1.0,1000,6,5,true,17
727,1076,3484,1000,16613,6999.0,8,70,1,1,1.0,1000,6,5,true,17
727,1077,3487,1000,16616,7005.0,8,70,1,1,1.0,1000,6,5,true,17
727,1078,3490,1000,16619,7011.0,8,70,1,1,1.0,1000,6,5,true,17
727,1079,3493,1000,16622,7017.0,8,70,1,1,1.0,1000,6,5,true,17
727,1080,3496,1000,16625,7023.0,8,70,1,1,1.0,1000,6,5,true,17
727,1081,3500,1000,16629,7031.0,8,70,1,1,1.0,1000,7,5,true,17
727,1082,3503,1000,16632,7037.0,8,70,1,1,1.0,1000,6,5,true,17
727,1083,3507,1000,16636,7045.0,8,70,1,1,1.0,1000,6,5,true,17
727,1084,3510,1000,16639,7051.0,8,70,1,1,1.0,1000,6,5,true,17
727,1085,3513,1000,16642,7057.0,8,70,1,1,1.0,1000,6,5,true,17
727,1086,3517,1000,16646,7065.0,8,70,1,1,1.0,1000,6,5,true,17
727,1087,3520,1000,16649,7071.0,8,70,1,1,1.0,1000,6,5,true,17
727,1088,3523,1000,16652,7077.0,8,70,1,1,1.0,1000,6,5,true,17
727,1089,3526,1000,16655,7083.0,8,70,1,1,1.0,1000,6,5,true,17
727,1090,3529,1000,16658,7089.0,8,70,1,1,1.0,1000,6,5,true,17
727,1091,3532,1000,16661,7095.0,8,70,1,1,1.0,1000,6,5,true,17
727,1092,3535,1000,16664,7101.0,8,70,1,1,1.0,1000,6,5,true,17
727,1093,3538,1000,16667,7107.0,8,70,1,1,1.0,1000,6,5,true,17
727,1094,3540,1000,16669,7111.0,8,70,1,1,1.0,1000,6,5,true,17
727,1095,3543,1000,16672,7117.0,8,70,1,1,1.0,1000,6,5,true,17
727,1096,3546,1000,16675,7123.0,8,70,1,1,1.0,1000,6,5,true,17
727,1097,3549,1000,17730,7131.0,8,70,1,1,1.0,1000,6,5,true,17
727,1098,3552,1000,17733,7137.0,8,70,1,1,1.0,1000,6,5,true,17
727,1099,3555,1000,17736,7143.0,8,70,1,1,1.0,1000,6,5,true,17
727,1100,3559,1000,17740,7151.0,8,70,1,1,1.0,1000,7,5,true,17
727,1101,3563,1000,17744,7159.0,8,70,1,1,1.0,1000,6,5,true,17
727,1102,3565,1000,17746,7163.0,8,70,1,1,1.0,1000,6,5,true,17
727,1103,3568,1000,17749,7169.0,8,70,1,1,1.0,1000,6,5,true,17
727,1104,3572,1000,17753,7177.0,8,70,1,1,1.0,1000,6,5,true,17
727,1105,3576,1000,17757,7185.0,8,70,1,1,1.0,1000,7,5,true,17
727,1106,3579,1000,17760,7191.0,8,70,1,1,1.0,1000,6,5,true,17
727,1107,3583,1000,17764,7199.0,8,70,1,1,1.0,1000,6,5,true,17
727,1108,3586,1000,17767,7205.0,8,70,1,1,1.0,1000,6,5,true,17
727,1109,3589,1000,17770,7211.0,8,70,1,1,1.0,1000,6,5,true,17
727,1110,3592,1000,17773,7217.0,8,70,1,1,1.0,1000,6,5,true,17
727,1111,3595,1000,17776,7223.0,8,70,1,1,1.0,1000,6,5,true,17
727,1112,3598,1000,17779,7229.0,8,70,1,1,1.0,1000,6,5,true,17
727,1113,3601,1000,17782,7235.0,8,70,1,1,1.0,1000,6,5,true,17
727,1114,3604,1000,17785,7241.0,8,70,1,1,1.0,1000,6,5,true,17
727,1115,3608,1000,17789,7249.0,8,70,1,1,1.0,1000,7,5,true,17
727,1116,3611,1000,17792,7255.0,8,70,1,1,1.0,1000,6,5,true,17
727,1117,3615,1000,17796,7263.0,8,70,1,1,1.0,1000,7,5,true,17
727,1118,3618,1000,17799,7269.0,8,70,1,1,1.0,1000,7,5,true,17
727,1119,3621,1000,17802,7275.0,8,70,1,1,1.0,1000,6,5,true,17
727,1120,3624,1000,17805,7281.0,8,70,1,1,1.0,1000,6,5,true,17
727,1121,3628,1000,17809,7289.0,8,70,1,1,1.0,1000,7,5,true,17
727,1122,3631,1000,17812,7295.0,8,70,1,1,1.0,1000,6,5,true,17
727,1123,3634,1000,17815,7301.0,8,70,1,1,1.0,1000,6,5,true,17
727,1124,3638,1000,17819,7309.0,8,70,1,1,1.0,1000,6,5,true,17
727,1125,3641,1000,17822,7315.0,8,70,1,1,1.0,1000,6,5,true,17
727,1126,3644,1000,17825,7321.0,8,70,1,1,1.0,1000,7,5,true,17
727,1127,3647,1000,17828,7327.0,8,70,1,1,1.0,1000,6,5,true,17
727,1128,3650,1000,17831,7333.0,8,70,1,1,1.0,1000,6,5,true,17
727,1129,3653,1000,17834,7339.0,8,70,1,1,1.0,1000,6,5,true,17
727,1130,3657,1000,17838,7347.0,8,70,1,1,1.0,1000,7,5,true,17
727,1131,3660,1000,17841,7353.0,8,70,1,1,1.0,1000,6,5,true,17
727,1132,3664,1000,17845,7361.0,8,70,1,1,1.0,1000,7,5,true,17
727,1133,3667,1000,17848,7367.0,8,70,1,1,1.0,1000,6,5,true,17
727,1134,3670,1000,17851,7373.0,8,70,1,1,1.0,1000,6,5,true,17
727,1135,3673,1000,17854,7379.0,8,70,1,1,1.0,1000,7,5,true,17
727,1136,3676,1000,17857,7385.0,8,70,1,1,1.0,1000,6,5,true,17
727,1137,3680,1000,17861,7393.0,8,70,1,1,1.0,1000,6,5,true,17
727,1138,3683,1000,17864,7399.0,8,70,1,1,1.0,1000,6,5,true,17
727,1139,3686,1000,17867,7405.0,8,70,1,1,1.0,1000,6,5,true,17
727,1140,3689,1000,17870,7411.0,8,70,1,1,1.0,1000,6,5,true,17
727,1141,3692,1000,17873,7417.0,8,70,1,1,1.0,1000,6,5,true,17
727,1142,3695,1000,17876,7423.0,8,70,1,1,1.0,1000,6,5,true,17
727,1143,3699,1000,17880,7431.0,8,70,1,1,1.0,1000,7,5,true,17
727,1144,3703,1000,17884,7439.0,8,70,1,1,1.0,1000,7,5,true,17
727,1145,3707,1000,18530,7447.0,8,70,1,1,1.0,1000,7,5,true,17
727,1146,3710,1000,18533,7453.0,8,70,1,1,1.0,1000,6,5,true,17
727,1147,3713,1000,18536,7459.0,8,70,1,1,1.0,1000,6,5,true,17
727,1148,3716,1000,18539,7465.0,8,70,1,1,1.0,1000,6,5,true,17
727,1149,3720,1000,18543,7473.0,8,70,1,1,1.0,1000,6,5,true,17
727,1150,3723,1000,18546,7479.0,8,70,1,1,1.0,1000,7,5,true,17
727,1151,3726,1000,18549,7485.0,8,70,1,1,1.0,1000,6,5,true,17
727,1152,3729,1000,18552,7491.0,8,70,1,1,1.0,1000,7,5,true,17
727,1153,3732,1000,18555,7497.0,8,70,1,1,1.0,1000,6,5,true,17
727,1154,3735,1000,18558,7503.0,8,70,1,1,1.0,1000,6,5,true,17
727,1155,3737,1000,18560,7507.0,9,70,1,1,1.0,1000,6,5,true,17
727,1156,3741,1000,18564,7515.0,9,70,1,1,1.0,1000,6,5,true,17
727,1157,3745,1000,18772,7523.0,9,70,1,1,1.0,1000,6,5,true,17
727,1158,3748,1000,18775,7529.0,9,70,1,1,1.0,1000,6,5,true,17
727,1159,3751,1000,18778,7535.0,9,70,1,1,1.0,1000,6,5,true,17
727,1160,3754,1000,18781,7541.0,9,70,1,1,1.0,1000,6,5,true,17
727,1161,3757,1000,18784,7547.0,9,70,1,1,1.0,1000,6,5,true,17
727,1162,3760,1000,18787,7553.0,9,70,1,1,1.0,1000,6,5,true,17
727,1163,3763,1000,18790,7559.0,9,70,1,1,1.0,1000,6,5,true,17
727,1164,3766,1000,18793,7565.0,9,70,1,1,1.0,1000,6,5,true,17
727,1165,3769,1000,18796,7571.0,9,70,1,1,1.0,1000,6,5,true,17
727,1166,3772,1000,18799,7577.0,9,70,1,1,1.0,1000,6,5,true,17
727,1167,3775,1000,18802,7583.0,9,70,1,1,1.0,1000,6,5,true,17
727,1168,3778,1000,18805,7589.0,9,70,1,1,1.0,1000,6,5,true,17
727,1169,3781,1000,18970,7595.0,9,70,1,1,1.0,1000,6,5,true,17
727,1170,3785,1000,18990,7605.0,9,70,1,1,1.0,1000,7,5,true,17
727,1171,3788,1000,18993,7611.0,9,70,1,1,1.0,1000,6,5,true,17
727,1172,3791,1000,18996,7617.0,9,70,1,1,1.0,1000,6,5,true,17
727,1173,3794,1000,18999,7623.0,9,70,1,1,1.0,1000,6,5,true,17
727,1174,3798,1000,19003,7631.0,9,70,1,1,1.0,1000,7,5,true,17
727,1175,3801,1000,19006,7637.0,9,70,1,1,1.0,1000,6,5,true,17
727,1176,3804,1000,19009,7643.0,9,70,1,1,1.0,1000,6,5,true,17
727,1177,3807,1000,19012,7649.0,9,70,1,1,1.0,1000,6,5,true,17
727,1178,3811,1000,19016,7657.0,9,70,1,1,1.0,1000,7,5,true,17
727,1179,3814,1000,19019,7663.0,9,70,1,1,1.0,1000,6,5,true,17
727,1180,3818,1000,19023,7671.0,9,70,1,1,1.0,1000,6,5,true,17
727,1181,3821,1000,19026,7677.0,9,70,1,1,1.0,1000,6,5,true,17
727,1182,3824,1000,19029,7683.0,9,70,1,1,1.0,1000,6,5,true,17
727,1183,3827,1000,19032,7689.0,9,70,1,1,1.0,1000,6,5,true,17
727,1184,3830,1000,19035,7695.0,9,70,1,1,1.0,1000,6,5,true,17
727,1185,3833,1000,19218,7703.0,9,70,1,1,1.0,1000,6,5,true,17
727,1186,3837,1000,19222,7711.0,9,70,1,1,1.0,1000,6,5,true,17
727,1187,3840,1000,19225,7717.0,9,70,1,1,1.0,1000,6,5,true,17
727,1188,3843,1000,19228,7723.0,9,70,1,1,1.0,1000,6,5,true,17
727,1189,3846,1000,19231,7729.0,9,70,1,1,1.0,1000,6,5,true,17
727,1190,3849,1000,19234,7735.0,9,70,1,1,1.0,1000,6,5,true,17
727,1191,3852,1000,19237,7741.0,10,70,1,1,1.0,1000,6,5,true,17
727,1192,3855,1000,19240,7747.0,10,70,1,1,1.0,1000,6,5,true,17
727,1193,3858,1000,19243,7753.0,10,70,1,1,1.0,1000,6,5,true,17
727,1194,3862,1000,19247,7761.0,10,70,1,1,1.0,1000,7,5,true,17
727,1195,3865,1000,19250,7767.0,10,70,1,1,1.0,1000,7,5,true,17
727,1196,3868,1000,19253,7773.0,10,70,1,1,1.0,1000,6,5,true,17
727,1197,3871,1000,19256,7779.0,10,70,1,1,1.0,1000,6,5,true,17
727,1198,3875,1000,19260,7787.0,10,70,1,1,1.0,1000,6,5,true,17
727,1199,3878,1000,19263,7793.0,10,70,1,1,1.0,1000,6,5,true,17
727,1200,3882,1000,19267,7801.0,10,70,1,1,1.0,1000,7,5,true,17
727,1201,3885,1000,19270,7807.0,10,70,1,1,1.0,1000,6,5,true,17
727,1202,3888,1000,19273,7813.0,10,70,1,1,1.0,1000,6,5,true,17
727,1203,3891,1000,19276,7819.0,10,70,1,1,1.0,1000,6,5,true,17
727,1204,3894,1000,19279,7825.0,10,70,1,1,1.0,1000,6,5,true,17
727,1205,3897,1000,19282,7831.0,10,70,1,1,1.0,1000,6,5,true,17
727,1206,3900,1000,19285,7837.0,10,70,1,1,1.0,1000,6,5,true,17
727,1207,3904,1000,19289,7845.0,10,70,1,1,1.0,1000,7,5,true,17
727,1208,3907,1000,19292,7851.0,10,70,1,1,1.0,1000,6,5,true,17
727,1209,3911,1000,19296,7859.0,10,70,1,1,1.0,1000,7,5,true,17
727,1210,3914,1000,19299,7865.0,10,70,1,1,1.0,1000,6,5,true,17
727,1211,3918,1000,19303,7873.0,10,70,1,1,1.0,1000,7,5,true,17
727,1212,3921,1000,19306,7879.0,10,70,1,1,1.0,1000,6,5,true,17
727,1213,3925,1000,19310,7887.0,10,70,1,1,1.0,1000,6,5,true,17
727,1214,3929,1000,19314,7895.0,10,70,1,1,1.0,1000,7,5,true,17
727,1215,3932,1000,19317,7901.0,10,70,1,1,1.0,1000,6,5,true,17
727,1216,3935,1000,19320,7907.0,10,70,1,1,1.0,1000,6,5,true,17
727,1217,3938,1000,19323,7913.0,10,70,1,1,1.0,1000,6,5,true,17
727,1218,3941,1000,19326,7919.0,10,70,1,1,1.0,1000,6,5,true,17
727,1219,3945,1000,19330,7927.0,10,70,1,1,1.0,1000,6,5,true,17
727,1220,3948,1000,19333,7933.0,10,70,1,1,1.0,1000,6,5,true,17
727,1221,3951,1000,19336,7939.0,10,70,1,1,1.0,1000,6,5,true,17
727,1222,3955,1000,19340,7947.0,10,70,1,1,1.0,1000,7,5,true,17
727,1223,3957,1000,19342,7951.0,10,70,1,1,1.0,1000,6,5,true,17
727,1224,3960,1000,19345,7957.0,10,70,1,1,1.0,1000,6,5,true,17
727,1225,3963,1000,19348,7963.0,10,70,1,1,1.0,1000,6,5,true,17
727,1226,3966,1000,19351,7969.0,10,70,1,1,1.0,1000,6,5,true,17
727,1227,3969,1000,19354,7975.0,10,70,1,1,1.0,1000,6,5,true,17
727,1228,3972,1000,19357,7981.0,10,70,1,1,1.0,1000,6,5,true,17
727,1229,3976,1000,19361,7989.0,10,70,1,1,1.0,1000,7,5,true,17
727,1230,3979,1000,19364,7995.0,10,70,1,1,1.0,1000,6,5,true,17
727,1231,3982,1000,19367,8001.0,10,70,1,1,1.0,1000,6,5,true,17
727,1232,3985,1000,19370,8007.0,10,70,1,1,1.0,1000,6,5,true,17
727,1233,3988,1000,19373,8013.0,10,70,1,1,1.0,1000,6,5,true,17
727,1234,3991,1000,19376,8019.0,10,70,1,1,1.0,1000,7,5,true,17
727,1235,3994,1000,19379,8025.0,10,70,1,1,1.0,1000,6,5,true,17
727,1236,3997,1000,19382,8031.0,10,70,1,1,1.0,1000,6,5,true,17
727,1237,4001,1000,19386,8039.0,10,70,1,1,1.0,1000,7,5,true,17
727,1238,4004,1000,19389,8045.0,10,70,1,1,1.0,1000,6,5,true,17
727,1239,4008,1000,19393,8053.0,10,70,1,1,1.0,1000,7,5,true,17
727,1240,4011,1000,19396,8059.0,10,70,1,1,1.0,1000,6,5,true,17
727,1241,4015,1000,19400,8067.0,10,70,1,1,1.0,1000,7,5,true,17
727,1242,4018,1000,19403,8073.0,10,70,1,1,1.0,1000,6,5,true,17
727,1243,4021,1000,19406,8079.0,10,70,1,1,1.0,1000,6,5,true,17
727,1244,4024,1000,19409,8085.0,10,70,1,1,1.0,1000,6,5,true,17
727,1245,4027,1000,19412,8091.0,10,70,1,1,1.0,1000,6,5,true,17
727,1246,4030,1000,19415,8097.0,10,70,1,1,1.0,1000,6,5,true,17
727,1247,4033,1000,19418,8103.0,10,70,1,1,1.0,1000,6,5,true,17
727,1248,4036,1000,19421,8109.0,10,70,1,1,1.0,1000,7,5,true,17
727,1249,4039,1000,19424,8115.0,10,70,1,1,1.0,1000,7,5,true,17
727,1250,4042,1000,19427,8121.0,10,70,1,1,1.0,1000,6,5,true,17
727,1251,4046,1000,19431,8129.0,10,70,1,1,1.0,1000,6,5,true,17
727,1252,4050,1000,19435,8137.0,10,70,1,1,1.0,1000,7,5,true,17
727,1253,4053,1000,19438,8143.0,10,70,1,1,1.0,1000,7,5,true,17
727,1254,4056,1000,19441,8149.0,10,70,1,1,1.0,1000,6,5,true,17
727,1255,4059,1000,19444,8155.0,10,70,1,1,1.0,1000,6,5,true,17
727,1256,4062,1000,19447,8161.0,10,70,1,1,1.0,1000,6,5,true,17
727,1257,4065,1000,19450,8167.0,10,70,1,1,1.0,1000,6,5,true,17
727,1258,4068,1000,19453,8173.0,10,70,1,1,1.0,1000,6,5,true,17
727,1259,4071,1000,19456,8179.0,10,70,1,1,1.0,1000,6,5,true,17
727,1260,4075,1000,19460,8187.0,10,70,1,1,1.0,1000,7,5,true,17
727,1261,4078,1000,19463,8193.0,10,70,1,1,1.0,1000,6,5,true,17
727,1262,4081,1000,19466,8199.0,10,70,1,1,1.0,1000,6,5,true,17
727,1263,4084,1000,19469,8205.0,10,70,1,1,1.0,1000,6,5,true,17
727,1264,4087,1000,19472,8211.0,10,70,1,1,1.0,1000,6,5,true,17
727,1265,4090,1000,19475,8217.0,10,70,1,1,1.0,1000,6,5,true,17
727,1266,4093,1000,19478,8223.0,10,70,1,1,1.0,1000,6,5,true,17
727,1267,4096,1000,19481,8229.0,10,70,1,1,1.0,1000,7,5,true,17
727,1268,4099,1000,19484,8235.0,10,70,1,1,1.0,1000,6,5,true,17
727,1269,4102,1000,19487,8241.0,10,70,1,1,1.0,1000,6,5,true,17
727,1270,4105,1000,19490,8247.0,10,70,1,1,1.0,1000,6,5,true,17
727,1271,4109,1000,19494,8255.0,10,70,1,1,1.0,1000,7,5,true,17
727,1272,4112,1000,19497,8261.0,10,70,1,1,1.0,1000,6,5,true,17
727,1273,4115,1000,19500,8267.0,10,70,1,1,1.0,1000,6,5,true,17
727,1274,4118,1000,19503,8273.0,10,70,1,1,1.0,1000,6,5,true,17
727,1275,4121,1000,19506,8279.0,10,70,1,1,1.0,1000,6,5,true,17
727,1276,4124,1000,19509,8285.0,10,70,1,1,1.0,1000,7,5,true,17
727,1277,4127,1000,19512,8291.0,10,70,1,1,1.0,1000,6,5,true,17
727,1278,4130,1000,19515,8297.0,10,70,1,1,1.0,1000,6,5,true,17
727,1279,4134,1000,19519,8305.0,10,70,1,1,1.0,1000,7,5,true,17
727,1280,4138,1000,20755,8315.0,10,70,1,1,1.0,1000,6,5,true,17
