725,1,4,5,4,8.0,12,70,0,1,0.0,1000,8,5,false,22
725,2,8,9,8,16.0,31,70,0,1,0.0,1000,8,5,false,22
725,3,12,13,12,24.0,39,70,0,1,0.0,1000,8,5,false,22
725,4,16,17,16,32.0,60,70,0,1,0.0,1000,8,5,false,22
725,5,20,21,20,40.0,76,70,0,1,0.0,1000,8,5,false,22
725,6,24,25,24,48.0,91,70,0,1,0.0,1000,8,5,false,22
725,7,28,29,28,56.0,109,70,0,1,0.0,1000,8,5,false,22
725,8,32,33,32,64.0,120,70,0,1,0.0,1000,8,5,false,22
725,9,36,36,36,72.0,133,70,0,1,0.0,1000,8,5,false,22
725,10,40,40,40,80.0,159,70,0,1,0.0,1000,8,5,false,22
725,11,44,44,44,88.0,171,70,0,1,0.0,1000,8,5,false,22
725,12,48,48,48,96.0,187,70,0,1,0.0,1000,8,5,false,22
725,13,52,52,52,104.0,200,70,0,1,0.0,1000,8,5,false,22
725,14,56,56,56,112.0,218,70,0,1,0.0,1000,8,5,false,22
725,15,60,59,60,120.0,242,70,0,1,0.0,1000,8,5,false,22
725,16,64,63,64,128.0,258,70,0,1,0.0,1000,8,5,false,22
725,17,68,67,68,136.0,273,70,0,1,0.0,1000,8,5,false,22
725,18,72,70,72,144.0,298,70,0,1,0.0,1000,8,5,false,22
725,19,76,73,76,152.0,314,70,0,1,0.0,1000,8,5,false,22
725,20,80,76,80,160.0,325,70,0,1,0.0,1000,8,5,false,22
725,21,84,79,84,168.0,335,70,0,1,0.0,1000,8,5,false,22
725,22,88,83,88,176.0,353,70,0,1,0.0,1000,8,5,false,22
725,23,92,163,184,184.0,719,70,0,1,0.0,1000,8,5,false,22
725,24,96,167,188,192.0,729,70,0,1,0.0,1000,8,5,false,22
725,25,100,170,192,200.0,747,70,0,1,0.0,1000,8,5,false,22
725,26,104,174,196,208.0,766,70,0,1,0.0,1000,8,5,false,22
725,27,108,178,200,216.0,782,70,0,1,0.0,1000,8,5,false,22
725,28,112,182,204,224.0,797,70,0,1,0.0,1000,8,5,false,22
725,29,116,185,208,232.0,815,70,0,1,0.0,1000,8,5,false,22
725,30,120,189,212,240.0,831,70,0,1,0.0,1000,8,5,false,22
725,31,124,192,216,248.0,844,70,0,1,0.0,1000,8,5,false,22
725,32,128,196,220,256.0,862,70,0,1,0.0,1000,8,5,false,22
725,33,132,199,224,264.0,879,70,0,1,0.0,1000,8,5,false,22
725,34,136,201,228,272.0,899,70,0,1,0.0,1000,8,5,false,22
725,35,140,204,232,280.0,913,70,0,1,0.0,1000,8,5,false,22
725,36,144,208,236,288.0,924,70,0,1,0.0,1000,8,5,false,22
725,37,148,211,240,296.0,945,70,0,1,0.0,1000,8,5,false,22
725,38,152,213,244,304.0,968,70,0,1,0.0,1000,8,5,false,22
725,39,156,216,248,312.0,981,70,0,1,0.0,1000,8,5,false,22
725,40,160,407,566,320.0,2034,70,0,1,0.0,1000,8,5,false,22
725,41,164,411,570,328.0,2055,70,0,1,0.0,1000,8,5,false,22
725,42,168,412,574,336.0,2075,70,0,1,0.0,1000,8,5,false,22
725,43,172,414,578,344.0,2098,70,0,1,0.0,1000,8,5,false,22
725,44,176,416,582,352.0,2112,70,0,1,0.0,1000,8,5,false,22
725,45,180,419,586,360.0,2127,70,0,1,0.0,1000,8,5,false,22
725,46,184,465,736,370.0,4122,70,0,1,0.0,1000,8,5,false,22
725,47,188,466,740,378.0,4139,70,0,1,0.0,1000,8,5,false,22
725,48,192,468,744,386.0,4156,70,0,1,0.0,1000,8,5,false,22
725,49,196,469,748,394.0,4173,70,0,1,0.0,1000,8,5,false,22
725,50,199,470,751,400.0,4185,70,0,1,0.0,1000,8,5,false,22
725,51,203,474,755,408.0,4203,70,0,1,0.0,1000,8,5,false,22
725,52,207,476,759,416.0,4214,70,0,1,0.0,1000,8,5,false,22
725,53,211,477,763,424.0,4235,70,0,1,0.0,1000,8,5,false,22
725,54,215,477,767,432.0,4253,70,0,1,0.0,1000,8,5,false,22
725,55,219,479,771,440.0,4274,70,0,1,0.0,1000,8,5,false,22
725,56,223,481,775,448.0,4284,70,0,1,0.0,1000,8,5,false,22
725,57,227,483,779,456.0,4304,70,0,1,0.0,1000,8,5,false,22
725,58,231,483,783,464.0,4321,70,0,1,0.0,1000,8,5,false,22
725,59,235,485,787,472.0,4342,70,0,1,0.0,1000,8,5,false,22
725,60,239,487,791,480.0,4358,70,0,1,0.0,1000,8,5,false,22
725,61,243,490,795,488.0,4366,70,0,1,0.0,1000,8,5,false,22
725,62,247,494,799,496.0,4379,70,0,1,0.0,1000,8,5,false,22
725,63,251,497,803,504.0,4393,70,0,1,0.0,1000,8,5,false,22
725,64,255,498,807,512.0,4405,70,0,1,0.0,1000,8,5,false,22
725,65,259,499,811,520.0,4420,70,0,1,0.0,1000,8,5,false,22
725,66,263,500,815,528.0,4439,70,0,1,0.0,1000,8,5,false,22
725,67,267,502,819,536.0,4460,70,0,1,0.0,1000,8,5,false,22
725,68,271,503,823,544.0,4474,70,0,1,0.0,1000,8,5,false,22
725,69,275,503,827,552.0,4485,70,0,1,0.0,1000,8,5,false,22
725,70,279,505,831,560.0,4501,70,0,1,0.0,1000,8,5,false,22
725,71,283,505,835,568.0,4519,70,0,1,0.0,1000,8,5,false,22
725,72,287,507,839,576.0,4528,70,0,1,0.0,1000,8,5,false,22
725,73,291,509,843,584.0,4549,70,0,1,0.0,1000,8,5,false,22
725,74,295,511,847,592.0,4563,70,0,1,0.0,1000,8,5,false,22
725,75,299,514,851,600.0,4581,70,0,1,0.0,1000,8,5,false,22
725,76,303,515,855,608.0,4598,70,0,1,0.0,1000,8,5,false,22
725,77,307,516,859,616.0,4620,70,0,1,0.0,1000,8,5,false,22
725,78,311,519,863,624.0,4642,70,0,1,0.0,1000,8,5,false,22
725,79,315,520,867,632.0,4661,70,0,1,0.0,1000,8,5,false,22
725,80,319,523,871,640.0,4677,70,0,1,0.0,1000,8,5,false,22
725,81,323,523,875,648.0,4691,70,0,1,0.0,1000,8,5,false,22
725,82,327,525,879,656.0,4705,70,0,1,0.0,1000,8,5,false,22
725,83,331,528,883,664.0,4718,70,0,1,0.0,1000,8,5,false,22
725,84,335,530,887,672.0,4731,70,0,1,0.0,1000,8,5,false,22
725,85,339,530,891,680.0,4761,70,0,1,0.0,1000,8,5,false,22
725,86,343,532,895,688.0,4775,70,0,1,0.0,1000,8,5,false,22
725,87,347,533,899,696.0,4795,70,0,1,0.0,1000,8,5,false,22
725,88,351,534,903,704.0,4809,70,0,1,0.0,1000,8,5,false,22
725,89,355,535,907,712.0,4823,70,0,1,0.0,1000,8,5,false,22
725,90,359,537,911,720.0,4836,70,0,1,0.0,1000,8,5,false,22
725,91,363,540,915,728.0,4854,70,0,1,0.0,1000,8,5,false,22
725,92,367,540,919,736.0,4871,70,0,1,0.0,1000,8,5,false,22
725,93,371,542,923,744.0,4886,70,0,1,0.0,1000,8,5,false,22
725,94,375,542,927,752.0,4897,70,0,1,0.0,1000,8,5,false,22
725,95,379,542,931,760.0,4911,70,0,1,0.0,1000,8,5,false,22
725,96,383,543,935,768.0,4936,70,0,1,0.0,1000,8,5,false,22
725,97,387,545,939,776.0,4957,70,0,1,0.0,1000,8,5,false,22
725,98,391,546,943,784.0,4980,70,0,1,0.0,1000,8,5,false,22
725,99,395,549,947,792.0,5000,70,0,1,0.0,1000,8,5,false,22
725,100,399,549,951,800.0,5017,70,0,1,0.0,1000,8,5,false,22
725,101,403,635,1619,808.0,7415,70,0,1,0.0,1000,8,5,false,22
725,102,407,636,1623,816.0,7440,70,0,1,0.0,1000,8,5,false,22
725,103,411,636,1627,824.0,7461,70,0,1,0.0,1000,8,5,false,22
725,104,415,638,1631,832.0,7478,70,0,1,0.0,1000,8,5,false,22
725,105,419,640,1635,840.0,7497,70,0,1,0.0,1000,8,5,false,22
725,106,423,641,1639,848.0,7508,70,0,1,0.0,1000,8,5,false,22
725,107,427,641,1643,856.0,7526,70,0,1,0.0,1000,8,5,false,22
725,108,431,641,1647,864.0,7548,70,0,1,0.0,1000,8,5,false,22
725,109,435,643,1651,872.0,7559,70,0,1,0.0,1000,8,5,false,22
725,110,439,644,1655,880.0,7574,70,0,1,0.0,1000,8,5,false,22
725,111,443,645,1659,888.0,7588,70,0,1,0.0,1000,8,5,false,22
725,112,447,646,1663,896.0,7602,70,0,1,0.0,1000,8,5,false,22
725,113,451,646,1667,904.0,7619,70,0,1,0.0,1000,8,5,false,22
725,114,455,648,1671,912.0,7638,70,0,1,0.0,1000,8,5,false,22
725,115,459,649,1675,920.0,7649,70,0,1,0.0,1000,8,5,false,22
725,116,463,651,1679,928.0,7665,70,0,1,0.0,1000,8,5,false,22
725,117,467,652,1683,936.0,7674,70,0,1,0.0,1000,8,5,false,22
725,118,471,654,1687,944.0,7684,70,0,1,0.0,1000,8,5,false,22
725,119,475,656,1691,952.0,7695,70,0,1,0.0,1000,8,5,false,22
725,120,479,657,1695,960.0,7717,70,0,1,0.0,1000,8,5,false,22
725,121,483,658,1699,968.0,7733,70,0,1,0.0,1000,8,5,false,22
725,122,487,660,1703,976.0,7748,70,0,1,0.0,1000,8,5,false,22
725,123,491,661,1707,984.0,7767,70,0,1,0.0,1000,8,5,false,22
725,124,495,664,1711,992.0,7789,70,0,1,0.0,1000,8,5,false,22
725,125,499,667,1715,1000.0,7803,70,0,1,0.0,1000,8,5,false,22
725,126,503,667,1719,1008.0,7821,70,0,1,0.0,1000,8,5,false,22
725,127,507,668,1723,1016.0,7836,70,0,1,0.0,1000,8,5,false,22
725,128,511,672,1727,1024.0,7857,70,0,1,0.0,1000,8,5,false,22
725,129,515,674,1731,1032.0,7871,70,0,1,0.0,1000,8,5,false,22
725,130,519,674,1735,1040.0,7883,70,0,1,0.0,1000,8,5,false,22
725,131,523,674,1739,1048.0,7902,70,0,1,0.0,1000,8,5,false,22
725,132,527,675,1743,1056.0,7917,70,0,1,0.0,1000,8,5,false,22
725,133,531,678,1747,1064.0,7940,70,0,1,0.0,1000,8,5,false,22
725,134,535,679,1751,1072.0,7959,70,0,1,0.0,1000,8,5,false,22
725,135,539,679,1755,1080.0,7975,70,0,1,0.0,1000,8,5,false,22
725,136,543,681,1759,1088.0,7994,70,1,1,1.0,1000,8,5,false,22
725,137,547,683,1763,1096.0,8013,70,1,1,1.0,1000,8,5,false,22
725,138,551,683,1767,1104.0,8027,70,1,1,1.0,1000,8,5,false,22
725,139,555,686,1771,1112.0,8043,70,1,1,1.0,1000,8,5,false,22
725,140,559,686,1775,1120.0,8057,70,1,1,1.0,1000,8,5,false,22
725,141,563,687,1779,1128.0,8083,70,1,1,1.0,1000,8,5,false,22
725,142,567,687,1783,1136.0,8096,70,1,1,1.0,1000,8,5,false,22
725,143,571,687,1787,1144.0,8108,70,1,1,1.0,1000,8,5,false,22
725,144,575,688,1791,1152.0,8130,70,1,1,1.0,1000,8,5,false,22
725,145,579,688,1795,1160.0,8153,70,1,1,1.0,1000,8,5,false,22
725,146,583,689,1799,1168.0,8159,70,1,1,1.0,1000,8,5,false,22
725,147,587,689,1803,1176.0,8174,70,1,1,1.0,1000,8,5,false,22
725,148,591,691,1807,1184.0,8195,70,1,1,1.0,1000,8,5,false,22
725,149,595,692,1811,1192.0,8221,70,1,1,1.0,1000,8,5,false,22
725,150,599,692,1815,1200.0,8241,70,1,1,1.0,1000,8,5,false,22
725,151,603,693,1819,1208.0,8258,70,1,1,1.0,1000,8,5,false,22
725,152,607,694,1823,1216.0,8273,70,1,1,1.0,1000,8,5,false,22
725,153,611,696,1827,1224.0,8291,70,1,1,1.0,1000,8,5,false,22
725,154,615,698,1831,1232.0,8304,70,1,1,1.0,1000,8,5,false,22
725,155,619,699,1835,1240.0,8328,70,1,1,1.0,1000,8,5,false,22
725,156,623,700,1839,1248.0,8346,70,1,1,1.0,1000,8,5,false,22
725,157,627,701,1843,1256.0,8361,70,1,1,1.0,1000,8,5,false,22
725,158,631,905,3159,1266.0,12183,70,1,1,1.0,1000,8,5,false,22
725,159,635,906,3163,1274.0,12192,70,1,1,1.0,1000,8,5,false,22
725,160,639,906,3167,1282.0,12208,70,1,1,1.0,1000,8,5,false,22
725,161,643,906,3171,1290.0,12225,70,1,1,1.0,1000,8,5,false,22
725,162,647,906,3175,1298.0,12240,70,1,1,1.0,1000,8,5,false,22
725,163,651,906,3179,1306.0,12249,70,1,1,1.0,1000,8,5,false,22
725,164,655,907,3183,1314.0,12258,70,1,1,1.0,1000,8,5,false,22
725,165,659,909,3187,1322.0,12270,70,1,1,1.0,1000,8,5,false,22
725,166,663,910,3191,1330.0,12287,70,1,1,1.0,1000,8,5,false,22
725,167,667,911,3195,1338.0,12306,70,1,1,1.0,1000,8,5,false,22
725,168,671,911,3199,1346.0,12320,70,1,1,1.0,1000,8,5,false,22
725,169,675,912,3203,1354.0,12335,70,1,1,1.0,1000,8,5,false,22
725,170,679,912,3207,1362.0,12362,70,1,1,1.0,1000,8,5,false,22
725,171,683,913,3211,1370.0,12379,70,1,1,1.0,1000,8,5,false,22
725,172,687,913,3215,1378.0,12400,70,1,1,1.0,1000,8,5,false,22
725,173,691,914,3219,1386.0,12426,70,1,1,1.0,1000,8,5,false,22
725,174,695,914,3223,1394.0,12445,70,1,1,1.0,1000,8,5,false,22
725,175,699,914,3227,1402.0,12467,70,1,1,1.0,1000,8,5,false,22
725,176,703,914,3231,1410.0,12482,70,1,1,1.0,1000,8,5,false,22
725,177,707,914,3235,1418.0,12499,70,1,1,1.0,1000,8,5,false,22
725,178,710,914,3238,1424.0,12510,70,1,1,1.0,1000,8,5,false,22
725,179,714,914,3242,1432.0,12523,70,1,1,1.0,1000,8,5,false,22
725,180,718,914,3246,1440.0,12547,70,1,1,1.0,1000,8,5,false,22
725,181,722,914,3250,1448.0,12564,70,1,1,1.0,1000,8,5,false,22
725,182,726,915,3254,1456.0,12587,70,1,1,1.0,1000,8,5,false,22
725,183,730,915,3258,1464.0,12602,70,1,1,1.0,1000,8,5,false,22
725,184,734,915,3262,1472.0,12613,70,1,1,1.0,1000,8,5,false,22
725,185,738,922,3708,1480.0,16459,70,1,1,1.0,1000,8,5,false,22
725,186,742,922,3712,1488.0,16479,70,1,1,1.0,1000,8,5,false,22
725,187,746,922,3716,1496.0,16488,70,1,1,1.0,1000,8,5,false,22
725,188,750,923,3720,1504.0,16504,70,1,1,1.0,1000,8,5,false,22
725,189,754,923,3724,1512.0,16519,70,1,1,1.0,1000,8,5,false,22
725,190,758,923,3728,1520.0,16546,70,1,1,1.0,1000,8,5,false,22
725,191,762,923,3732,1528.0,16562,70,1,1,1.0,1000,8,5,false,22
725,192,765,923,3735,1534.0,16575,70,1,1,1.0,1000,8,5,false,22
725,193,769,926,3739,1542.0,16594,70,1,1,1.0,1000,8,5,false,22
725,194,773,926,3743,1550.0,16613,70,1,1,1.0,1000,8,5,false,22
725,195,777,926,3747,1558.0,16631,70,1,1,1.0,1000,8,5,false,22
725,196,781,926,3751,1566.0,16649,70,1,1,1.0,1000,8,5,false,22
725,197,785,926,3755,1574.0,16669,70,1,1,1.0,1000,8,5,false,22
725,198,789,926,3759,1582.0,16684,70,1,1,1.0,1000,8,5,false,22
725,199,793,926,3763,1590.0,16701,70,1,1,1.0,1000,8,5,false,22
725,200,797,927,3767,1598.0,16710,70,1,1,1.0,1000,8,5,false,22
725,201,801,927,3771,1606.0,16730,70,1,1,1.0,1000,8,5,false,22
725,202,805,928,3775,1614.0,16749,70,1,1,1.0,1000,8,5,false,22
725,204,813,928,3783,1630.0,16780,70,1,1,1.0,1000,8,5,false,22
725,204,813,928,3783,1630.0,16780,70,1,1,1.0,1000,8,5,false,22
725,205,817,928,3787,1638.0,16799,70,1,1,1.0,1000,8,5,false,22
725,206,821,928,3791,1646.0,16812,70,1,1,1.0,1000,8,5,false,22
725,207,825,928,3795,1654.0,16819,70,1,1,1.0,1000,8,5,false,22
725,208,829,928,3799,1662.0,16835,70,1,1,1.0,1000,8,5,false,22
725,209,833,928,3803,1670.0,16849,70,1,1,1.0,1000,8,5,false,22
725,210,837,928,3807,1678.0,16863,70,1,1,1.0,1000,8,5,false,22
725,211,841,929,3811,1686.0,16880,70,1,1,1.0,1000,8,5,false,22
725,212,845,929,3815,1694.0,16897,70,1,1,1.0,1000,8,5,false,22
725,213,848,930,3818,1700.0,16915,70,1,1,1.0,1000,8,5,false,22
725,214,852,930,3822,1708.0,16929,70,1,1,1.0,1000,8,5,false,22
725,215,856,930,3826,1716.0,16948,70,1,1,1.0,1000,8,5,false,22
725,216,860,930,3830,1724.0,16959,70,1,1,1.0,1000,8,5,false,22
725,217,864,932,3834,1732.0,16973,70,1,1,1.0,1000,8,5,false,22
725,218,868,932,3838,1740.0,16992,70,1,1,1.0,1000,8,5,false,22
725,219,872,932,3842,1748.0,17016,70,1,1,1.0,1000,8,5,false,22
725,220,876,932,3846,1756.0,17038,70,1,1,1.0,1000,8,5,false,22
725,221,880,932,3850,1764.0,17056,70,1,1,1.0,1000,8,5,false,22
725,222,884,932,3854,1772.0,17069,70,1,1,1.0,1000,8,5,false,22
725,223,888,932,3858,1780.0,17085,70,1,1,1.0,1000,8,5,false,22
725,224,892,934,3862,1788.0,17110,70,1,1,1.0,1000,8,5,false,22
725,225,896,934,3866,1796.0,17132,70,1,1,1.0,1000,8,5,false,22
725,226,900,934,3870,1804.0,17148,70,1,1,1.0,1000,8,5,false,22
725,227,904,935,3874,1812.0,17166,70,1,1,1.0,1000,8,5,false,22
725,228,908,935,3878,1820.0,17183,70,1,1,1.0,1000,8,5,false,22
725,229,912,935,3882,1828.0,17203,70,1,1,1.0,1000,8,5,false,22
725,230,916,937,3886,1836.0,17218,70,1,1,1.0,1000,8,5,false,22
725,231,920,937,3890,1844.0,17232,70,1,1,1.0,1000,8,5,false,22
725,232,924,959,4435,1852.0,20603,70,1,1,1.0,1000,8,5,false,22
725,233,928,959,4439,1860.0,20624,70,1,1,1.0,1000,8,5,false,22
725,234,932,960,4443,1868.0,20640,70,1,1,1.0,1000,8,5,false,22
725,235,936,960,4447,1876.0,20655,70,1,1,1.0,1000,8,5,false,22
725,236,940,960,4451,1884.0,20674,70,1,1,1.0,1000,8,5,false,22
725,237,944,960,4455,1892.0,20689,70,1,1,1.0,1000,8,5,false,22
725,238,948,960,4459,1900.0,20712,70,1,1,1.0,1000,8,5,false,22
725,239,952,961,4463,1908.0,20722,70,1,1,1.0,1000,8,5,false,22
725,240,956,961,4467,1916.0,20739,70,1,1,1.0,1000,8,5,false,22
725,241,960,961,4471,1924.0,20755,70,1,1,1.0,1000,8,5,false,22
725,242,964,961,4475,1932.0,20770,70,1,1,1.0,1000,8,5,false,22
725,243,968,962,4479,1940.0,20777,70,1,1,1.0,1000,8,5,false,22
725,244,972,962,4483,1948.0,20797,70,1,1,1.0,1000,8,5,false,22
725,245,976,962,4487,1956.0,20815,70,1,1,1.0,1000,8,5,false,22
725,246,980,962,4491,1964.0,20827,70,1,1,1.0,1000,8,5,false,22
725,247,984,962,4495,1972.0,20847,70,1,1,1.0,1000,8,5,false,22
725,248,988,962,4499,1980.0,20859,70,1,1,1.0,1000,8,5,false,22
725,249,992,963,4503,1988.0,20873,70,1,1,1.0,1000,8,5,false,22
725,250,996,963,4507,1996.0,20886,70,1,1,1.0,1000,8,5,false,22
725,251,1000,964,4511,2004.0,20902,70,1,1,1.0,1000,8,5,false,22
725,252,1004,964,4515,2012.0,20919,70,1,1,1.0,1000,8,5,false,22
725,253,1008,965,4519,2020.0,20935,70,1,1,1.0,1000,8,5,false,22
725,254,1012,965,4523,2028.0,20949,70,1,1,1.0,1000,8,5,false,22
725,255,1016,965,4527,2036.0,20971,70,1,1,1.0,1000,8,5,false,22
725,256,1020,965,4531,2044.0,20988,70,1,1,1.0,1000,8,5,false,22
725,257,1024,966,4535,2052.0,21007,70,1,1,1.0,1000,8,5,false,22
725,258,1028,967,4539,2060.0,21023,70,1,1,1.0,1000,8,5,false,22
725,259,1032,967,4543,2068.0,21038,70,1,1,1.0,1000,8,5,false,22
725,260,1036,968,4547,2076.0,21059,70,1,1,1.0,1000,8,5,false,22
725,261,1039,968,4550,2082.0,21072,70,1,1,1.0,1000,8,5,false,22
725,262,1043,969,4554,2090.0,21084,70,1,1,1.0,1000,8,5,false,22
725,263,1047,991,5240,2100.0,25270,70,1,1,1.0,1000,8,5,false,22
725,264,1051,991,5244,2108.0,25281,70,1,1,1.0,1000,8,5,false,22
725,265,1055,991,5248,2116.0,25293,70,1,1,1.0,1000,8,5,false,22
725,266,1059,991,5252,2124.0,25320,70,1,1,1.0,1000,8,5,false,22
725,267,1063,991,5256,2132.0,25351,70,1,1,1.0,1000,8,5,false,22
725,268,1067,991,5260,2140.0,25372,70,1,1,1.0,1000,8,5,false,22
725,269,1071,991,5264,2148.0,25389,70,1,1,1.0,1000,8,5,false,22
725,270,1075,991,5268,2156.0,25403,70,1,1,1.0,1000,8,5,false,22
725,271,1079,991,5272,2164.0,25427,70,1,1,1.0,1000,8,5,false,22
725,272,1083,991,5276,2172.0,25441,70,1,1,1.0,1000,8,5,false,22
725,273,1087,991,5280,2180.0,25461,70,1,1,1.0,1000,8,5,false,22
725,274,1091,991,5284,2188.0,25478,70,1,1,1.0,1000,8,5,false,22
725,275,1095,991,5288,2196.0,25498,70,1,1,1.0,1000,8,5,false,22
725,276,1099,991,5292,2204.0,25509,70,1,1,1.0,1000,8,5,false,22
725,277,1103,991,5296,2212.0,25516,70,1,1,1.0,1000,8,5,false,22
725,278,1107,991,5300,2220.0,25527,70,1,1,1.0,1000,8,5,false,22
725,279,1111,991,5304,2228.0,25550,70,1,1,1.0,1000,8,5,false,22
725,280,1115,991,5308,2236.0,25566,70,1,1,1.0,1000,8,5,false,22
725,281,1119,991,5312,2244.0,25583,70,1,1,1.0,1000,8,5,false,22
725,282,1123,991,5316,2252.0,25602,70,1,1,1.0,1000,8,5,false,22
725,283,1127,991,5320,2260.0,25613,70,1,1,1.0,1000,8,5,false,22
725,284,1131,992,5324,2268.0,25631,70,1,1,1.0,1000,8,5,false,22
725,285,1135,992,5328,2276.0,25647,70,1,1,1.0,1000,8,5,false,22
725,286,1139,993,5332,2284.0,25668,70,1,1,1.0,1000,8,5,false,22
725,287,1143,993,5336,2292.0,25682,70,1,1,1.0,1000,8,5,false,22
725,288,1147,993,5340,2300.0,25695,70,1,1,1.0,1000,8,5,false,22
725,289,1151,993,5344,2308.0,25709,70,1,1,1.0,1000,8,5,false,22
725,290,1155,994,5348,2316.0,25731,70,1,1,1.0,1000,8,5,false,22
725,291,1158,998,5795,2324.0,29941,70,1,1,1.0,1000,8,5,false,22
725,292,1162,998,5799,2332.0,29958,70,1,1,1.0,1000,8,5,false,22
725,293,1166,998,5803,2340.0,29978,70,1,1,1.0,1000,8,5,false,22
725,294,1170,998,5807,2348.0,29996,70,1,1,1.0,1000,8,5,false,22
725,295,1173,998,5810,2354.0,30013,70,1,1,1.0,1000,8,5,false,22
725,296,1177,998,5814,2362.0,30033,70,1,1,1.0,1000,8,5,false,22
725,297,1181,998,5818,2370.0,30056,70,1,1,1.0,1000,8,5,false,22
725,298,1185,998,5822,2378.0,30075,70,1,1,1.0,1000,8,5,false,22
725,299,1189,998,5826,2386.0,30090,70,1,1,1.0,1000,8,5,false,22
725,300,1193,999,5830,2394.0,30102,70,1,1,1.0,1000,8,5,false,22
725,301,1197,999,5834,2402.0,30120,70,1,1,1.0,1000,8,5,false,22
725,302,1201,999,5838,2410.0,30140,70,1,1,1.0,1000,8,5,false,22
725,303,1205,999,5842,2418.0,30158,70,1,1,1.0,1000,8,5,false,22
725,304,1209,999,5846,2426.0,30183,70,1,1,1.0,1000,8,5,false,22
725,305,1213,999,5850,2434.0,30197,70,1,1,1.0,1000,8,5,false,22
725,306,1217,999,5854,2442.0,30210,70,1,1,1.0,1000,8,5,false,22
725,307,1221,999,5858,2450.0,30219,70,1,1,1.0,1000,8,5,false,22
725,308,1225,999,5862,2458.0,30233,70,1,1,1.0,1000,8,5,false,22
725,309,1229,999,5866,2466.0,30253,70,1,1,1.0,1000,8,5,false,22
725,310,1233,999,5870,2474.0,30272,70,1,1,1.0,1000,8,5,false,22
725,311,1237,999,5874,2482.0,30287,70,1,1,1.0,1000,8,5,false,22
725,312,1241,999,5878,2490.0,30306,70,1,1,1.0,1000,8,5,false,22
725,313,1245,999,5882,2498.0,30317,70,1,1,1.0,1000,8,5,false,22
725,314,1249,999,5886,2506.0,30337,70,1,1,1.0,1000,8,5,false,22
725,315,1253,999,5890,2514.0,30352,70,1,1,1.0,1000,8,5,false,22
725,316,1257,999,5894,2522.0,30362,70,1,1,1.0,1000,8,5,false,22
725,317,1261,999,5898,2530.0,30380,70,1,1,1.0,1000,8,5,false,22
725,318,1265,999,5902,2538.0,30393,70,1,1,1.0,1000,8,5,false,22
725,319,1269,999,5906,2546.0,30410,70,1,1,1.0,1000,8,5,false,22
725,320,1273,999,5910,2554.0,30435,70,1,1,1.0,1000,8,5,false,22
725,321,1277,999,5914,2562.0,30455,70,1,1,1.0,1000,8,5,false,22
725,322,1281,999,5918,2570.0,30476,70,1,1,1.0,1000,8,5,false,22
725,323,1285,999,5922,2578.0,30490,70,1,1,1.0,1000,8,5,false,22
725,324,1289,999,5926,2586.0,30508,70,1,1,1.0,1000,8,5,false,22
725,325,1293,999,5930,2594.0,30519,70,1,1,1.0,1000,8,5,false,22
725,326,1297,999,5934,2602.0,30538,70,1,1,1.0,1000,8,5,false,22
725,327,1301,999,5938,2610.0,30556,70,1,1,1.0,1000,8,5,false,22
725,328,1305,999,5942,2618.0,30571,70,1,1,1.0,1000,8,5,false,22
725,329,1309,999,5946,2626.0,30584,70,1,1,1.0,1000,8,5,false,22
725,330,1313,999,5950,2634.0,30600,70,1,1,1.0,1000,8,5,false,22
725,331,1317,999,5954,2642.0,30616,70,1,1,1.0,1000,8,5,false,22
725,332,1321,999,5958,2650.0,30637,70,1,1,1.0,1000,8,5,false,22
725,333,1325,999,5962,2658.0,30651,70,1,1,1.0,1000,8,5,false,22
725,334,1329,999,5966,2666.0,30670,70,1,1,1.0,1000,8,5,false,22
725,335,1333,999,5970,2674.0,30685,70,1,1,1.0,1000,8,5,false,22
725,336,1337,999,5974,2682.0,30701,70,1,1,1.0,1000,8,5,false,22
725,337,1341,999,5978,2690.0,30721,70,1,1,1.0,1000,8,5,false,22
725,338,1345,999,5982,2698.0,30736,70,1,1,1.0,1000,8,5,false,22
725,339,1349,999,5986,2706.0,30750,70,1,1,1.0,1000,8,5,false,22
725,340,1353,999,5990,2714.0,30771,70,1,1,1.0,1000,8,5,false,22
725,341,1357,999,5994,2722.0,30794,70,1,1,1.0,1000,8,5,false,22
725,342,1361,999,5998,2730.0,30814,70,1,1,1.0,1000,8,5,false,22
725,343,1365,999,6002,2738.0,30835,70,1,1,1.0,1000,8,5,false,22
725,344,1369,999,6006,2746.0,30865,70,1,1,1.0,1000,8,5,false,22
725,345,1373,999,6010,2754.0,30883,70,1,1,1.0,1000,8,5,false,22
725,346,1377,999,6014,2762.0,30897,70,1,1,1.0,1000,8,5,false,22
725,347,1381,999,6018,2770.0,30914,70,1,1,1.0,1000,8,5,false,22
725,348,1385,999,6022,2778.0,30929,70,1,1,1.0,1000,8,5,false,22
725,349,1389,999,6026,2786.0,30948,70,1,1,1.0,1000,8,5,false,22
725,350,1393,999,6030,2794.0,30960,70,1,1,1.0,1000,8,5,false,22
725,351,1397,999,6034,2802.0,30975,70,1,1,1.0,1000,8,5,false,22
725,352,1401,999,6038,2810.0,30990,70,1,1,1.0,1000,8,5,false,22
725,353,1405,999,7032,2818.0,35202,70,1,1,1.0,1000,8,5,false,22
725,354,1409,999,7036,2826.0,35227,70,1,1,1.0,1000,8,5,false,22
725,355,1413,999,7040,2834.0,35242,70,1,1,1.0,1000,8,5,false,22
725,356,1417,999,7044,2842.0,35256,70,1,1,1.0,1000,8,5,false,22
725,357,1421,999,7048,2850.0,35271,70,1,1,1.0,1000,8,5,false,22
725,358,1425,999,7052,2858.0,35285,70,1,1,1.0,1000,8,5,false,22
725,359,1429,999,7056,2866.0,35302,70,1,1,1.0,1000,8,5,false,22
725,360,1433,999,7060,2874.0,35319,70,1,1,1.0,1000,8,5,false,22
725,361,1437,999,7064,2882.0,35337,70,1,1,1.0,1000,8,5,false,22
725,362,1441,999,7068,2890.0,35346,70,1,1,1.0,1000,8,5,false,22
725,363,1445,999,7072,2898.0,35364,70,1,1,1.0,1000,8,5,false,22
725,364,1449,999,7076,2906.0,35378,70,1,1,1.0,1000,8,5,false,22
725,365,1453,999,7080,2914.0,35392,70,1,1,1.0,1000,8,5,false,22
725,366,1457,999,7084,2922.0,35411,70,1,1,1.0,1000,8,5,false,22
725,367,1461,999,7088,2930.0,35432,70,1,1,1.0,1000,8,5,false,22
725,368,1465,999,7092,2938.0,35456,70,1,1,1.0,1000,8,5,false,22
725,369,1469,999,7096,2946.0,35469,70,1,1,1.0,1000,8,5,false,22
725,370,1472,999,7099,2952.0,35480,70,1,1,1.0,1000,8,5,false,22
725,371,1476,999,7103,2960.0,35493,70,1,1,1.0,1000,8,5,false,22
725,372,1480,999,7107,2968.0,35502,70,1,1,1.0,1000,8,5,false,22
725,373,1484,999,7111,2976.0,35522,70,1,1,1.0,1000,8,5,false,22
725,374,1488,999,7115,2984.0,35535,70,1,1,1.0,1000,8,5,false,22
725,375,1492,999,7119,2992.0,35562,70,1,1,1.0,1000,8,5,false,22
725,376,1496,999,7123,3000.0,35574,70,1,1,1.0,1000,8,5,false,22
725,377,1500,999,7127,3008.0,35592,70,1,1,1.0,1000,8,5,false,22
725,378,1504,999,7131,3016.0,35617,70,1,1,1.0,1000,8,5,false,22
725,379,1508,999,7135,3024.0,35629,70,1,1,1.0,1000,8,5,false,22
725,380,1512,999,7139,3032.0,35650,70,1,1,1.0,1000,8,5,false,22
725,381,1516,999,7143,3040.0,35665,70,1,1,1.0,1000,8,5,false,22
725,382,1520,999,7147,3048.0,35680,70,1,1,1.0,1000,8,5,false,22
725,383,1524,1000,7627,3056.0,39907,70,1,1,1.0,1000,8,5,false,22
725,384,1528,1000,7631,3064.0,39931,70,1,1,1.0,1000,8,5,false,22
725,385,1532,1000,7635,3072.0,39953,70,1,1,1.0,1000,8,5,false,22
725,386,1536,1000,7639,3080.0,39971,70,1,1,1.0,1000,8,5,false,22
725,387,1540,1000,7643,3088.0,39986,70,1,1,1.0,1000,8,5,false,22
725,388,1544,1000,7647,3096.0,39997,70,1,1,1.0,1000,8,5,false,22
725,389,1548,1000,7651,3104.0,40010,70,1,1,1.0,1000,8,5,false,22
725,390,1552,1000,7655,3112.0,40026,70,1,1,1.0,1000,8,5,false,22
725,391,1556,1000,7659,3120.0,40041,70,1,1,1.0,1000,8,5,false,22
725,392,1560,1000,7663,3128.0,40063,70,1,1,1.0,1000,8,5,false,22
725,393,1564,1000,7667,3136.0,40084,70,1,1,1.0,1000,8,5,false,22
725,394,1568,1000,7671,3144.0,40099,70,1,1,1.0,1000,8,5,false,22
725,395,1572,1000,7675,3152.0,40121,70,1,1,1.0,1000,8,5,false,22
725,396,1576,1000,7679,3160.0,40138,70,1,1,1.0,1000,8,5,false,22
725,397,1580,1000,7683,3168.0,40152,70,1,1,1.0,1000,8,5,false,22
725,398,1584,1000,7687,3176.0,40164,70,1,1,1.0,1000,8,5,false,22
725,399,1588,1000,7691,3184.0,40181,70,1,1,1.0,1000,8,5,false,22
725,400,1592,1000,7695,3192.0,40204,70,1,1,1.0,1000,8,5,false,22
725,401,1596,1000,8006,3200.0,44428,70,1,1,1.0,1000,8,5,false,22
725,402,1600,1000,8010,3208.0,44445,70,1,1,1.0,1000,8,5,false,22
725,403,1604,1000,8014,3216.0,44456,70,1,1,1.0,1000,8,5,false,22
725,404,1608,1000,8018,3224.0,44474,70,1,1,1.0,1000,8,5,false,22
725,405,1612,1000,8022,3232.0,44492,70,1,1,1.0,1000,8,5,false,22
725,406,1616,1000,8026,3240.0,44506,70,1,1,1.0,1000,8,5,false,22
725,407,1620,1000,8030,3248.0,44531,70,1,1,1.0,1000,8,5,false,22
725,408,1624,1000,8034,3256.0,44551,70,1,1,1.0,1000,8,5,false,22
725,409,1628,1000,8038,3264.0,44567,70,1,1,1.0,1000,8,5,false,22
725,410,1632,1000,8042,3272.0,44584,70,1,1,1.0,1000,8,5,false,22
725,411,1636,1000,8046,3280.0,44601,70,1,1,1.0,1000,8,5,false,22
725,412,1639,1000,8049,3286.0,44610,70,1,1,1.0,1000,8,5,false,22
725,413,1643,1000,8053,3294.0,44622,70,1,1,1.0,1000,8,5,false,22
725,414,1647,1000,8057,3302.0,44635,70,1,1,1.0,1000,8,5,false,22
725,415,1651,1000,8061,3310.0,44648,70,1,1,1.0,1000,8,5,false,22
725,416,1655,1000,8065,3318.0,44663,70,1,1,1.0,1000,8,5,false,22
725,417,1659,1000,8069,3326.0,44679,70,1,1,1.0,1000,8,5,false,22
725,418,1663,1000,8073,3334.0,44694,70,1,1,1.0,1000,8,5,false,22
725,419,1667,1000,8077,3342.0,44708,70,1,1,1.0,1000,8,5,false,22
725,420,1671,1000,8081,3350.0,44716,70,1,1,1.0,1000,8,5,false,22
725,421,1675,1000,8085,3358.0,44737,70,1,1,1.0,1000,8,5,false,22
725,422,1679,1000,8089,3366.0,44749,70,1,1,1.0,1000,8,5,false,22
725,423,1683,1000,8093,3374.0,44773,70,1,1,1.0,1000,8,5,false,22
725,424,1687,1000,8097,3382.0,44789,70,1,1,1.0,1000,8,5,false,22
725,425,1691,1000,8101,3390.0,44807,70,1,1,1.0,1000,8,5,false,22
725,426,1695,1000,8105,3398.0,44823,70,1,1,1.0,1000,8,5,false,22
725,427,1699,1000,8109,3406.0,44829,70,1,1,1.0,1000,8,5,false,22
725,428,1703,1000,8113,3414.0,44846,70,1,1,1.0,1000,8,5,false,22
725,429,1707,1000,8117,3422.0,44860,70,1,1,1.0,1000,8,5,false,22
725,430,1711,1000,8121,3430.0,44883,70,1,1,1.0,1000,8,5,false,22
725,431,1715,1000,8125,3438.0,44903,70,1,1,1.0,1000,8,5,false,22
725,432,1719,1000,8129,3446.0,44920,70,1,1,1.0,1000,8,5,false,22
725,433,1723,1000,8133,3454.0,44940,70,1,1,1.0,1000,8,5,false,22
725,434,1727,1000,8137,3462.0,44956,70,1,1,1.0,1000,8,5,false,22
725,435,1731,1000,8141,3470.0,44973,70,1,1,1.0,1000,8,5,false,22
725,436,1735,1000,8145,3478.0,44984,70,1,1,1.0,1000,8,5,false,22
725,437,1739,1000,8149,3486.0,45005,70,1,1,1.0,1000,8,5,false,22
725,438,1743,1000,8153,3494.0,45029,70,1,1,1.0,1000,8,5,false,22
725,439,1747,1000,8157,3502.0,45048,70,1,1,1.0,1000,8,5,false,22
725,440,1751,1000,8161,3510.0,45064,70,1,1,1.0,1000,8,5,false,22
725,441,1755,1000,8165,3518.0,45078,70,1,1,1.0,1000,8,5,false,22
725,442,1759,1000,8169,3526.0,45092,70,1,1,1.0,1000,8,5,false,22
725,443,1763,1000,8173,3534.0,45109,70,1,1,1.0,1000,8,5,false,22
725,444,1767,1000,8177,3542.0,45130,70,1,1,1.0,1000,8,5,false,22
725,445,1771,1000,8181,3550.0,45147,70,1,1,1.0,1000,8,5,false,22
725,446,1775,1000,8185,3558.0,45167,70,1,1,1.0,1000,8,5,false,22
725,447,1779,1000,8189,3566.0,45188,70,1,1,1.0,1000,8,5,false,22
725,448,1783,1000,8193,3574.0,45207,70,1,1,1.0,1000,8,5,false,22
725,449,1787,1000,8197,3582.0,45226,70,1,1,1.0,1000,8,5,false,22
725,450,1791,1000,8201,3590.0,45247,70,1,1,1.0,1000,8,5,false,22
725,451,1795,1000,8205,3598.0,45266,70,1,1,1.0,1000,8,5,false,22
725,452,1799,1000,8209,3606.0,45281,70,1,1,1.0,1000,8,5,false,22
725,453,1803,1000,8213,3614.0,45298,70,1,1,1.0,1000,8,5,false,22
725,454,1807,1000,8217,3622.0,45318,70,1,1,1.0,1000,8,5,false,22
725,455,1811,1000,8221,3630.0,45340,70,1,1,1.0,1000,8,5,false,22
725,456,1814,1000,8224,3636.0,45353,70,1,1,1.0,1000,8,5,false,22
725,457,1818,1000,8228,3644.0,45364,70,1,1,1.0,1000,8,5,false,22
725,458,1822,1000,8232,3652.0,45382,70,1,1,1.0,1000,8,5,false,22
725,459,1826,1000,8236,3660.0,45409,70,1,1,1.0,1000,8,5,false,22
725,460,1830,1000,8240,3668.0,45427,70,1,1,1.0,1000,8,5,false,22
725,461,1834,1000,8244,3676.0,45447,70,1,1,1.0,1000,8,5,false,22
725,462,1838,1000,8248,3684.0,45461,70,1,1,1.0,1000,8,5,false,22
725,463,1842,1000,8252,3692.0,45482,70,1,1,1.0,1000,8,5,false,22
725,464,1846,1000,8256,3700.0,45500,70,1,1,1.0,1000,8,5,false,22
725,465,1850,1000,8260,3708.0,45524,70,1,1,1.0,1000,8,5,false,22
725,466,1854,1000,8264,3716.0,45542,70,1,1,1.0,1000,8,5,false,22
725,467,1858,1000,8268,3724.0,45561,70,1,1,1.0,1000,8,5,false,22
725,468,1862,1000,8272,3732.0,45577,70,1,1,1.0,1000,8,5,false,22
725,469,1866,1000,8276,3740.0,45591,70,1,1,1.0,1000,8,5,false,22
725,470,1870,1000,8280,3748.0,45611,70,1,1,1.0,1000,8,5,false,22
725,471,1874,1000,8284,3756.0,45633,70,1,1,1.0,1000,8,5,false,22
725,472,1878,1000,8288,3764.0,45649,70,1,1,1.0,1000,8,5,false,22
725,473,1882,1000,9424,3774.0,49876,70,1,1,1.0,1000,8,5,false,22
725,474,1886,1000,9428,3782.0,49892,70,1,1,1.0,1000,8,5,false,22
725,475,1890,1000,9479,3792.0,54122,70,1,1,1.0,1000,8,5,false,22
725,476,1894,1000,9483,3800.0,54141,70,1,1,1.0,1000,8,5,false,22
725,477,1898,1000,9487,3808.0,54153,70,1,1,1.0,1000,8,5,false,22
725,478,1902,1000,9491,3816.0,54170,70,1,1,1.0,1000,8,5,false,22
725,479,1906,1000,9495,3824.0,54184,70,1,1,1.0,1000,8,5,false,22
725,480,1910,1000,9499,3832.0,54203,70,1,1,1.0,1000,8,5,false,22
725,481,1914,1000,9503,3840.0,54224,70,1,1,1.0,1000,8,5,false,22
725,482,1918,1000,9507,3848.0,54238,70,1,1,1.0,1000,8,5,false,22
725,483,1922,1000,9656,3856.0,58463,70,1,1,1.0,1000,8,5,false,22
725,484,1925,1000,9659,3862.0,58483,70,1,1,1.0,1000,8,5,false,22
725,485,1929,1000,9663,3870.0,58496,70,1,1,1.0,1000,8,5,false,22
725,486,1933,1000,9667,3878.0,58505,70,1,1,1.0,1000,8,5,false,22
725,487,1937,1000,9671,3886.0,58523,70,1,1,1.0,1000,8,5,false,22
725,488,1941,1000,9675,3894.0,58544,70,1,1,1.0,1000,8,5,false,22
725,489,1945,1000,9679,3902.0,58556,70,1,1,1.0,1000,8,5,false,22
725,490,1949,1000,9683,3910.0,58575,70,1,1,1.0,1000,8,5,false,22
725,491,1953,1000,9687,3918.0,58593,70,1,1,1.0,1000,8,5,false,22
725,492,1957,1000,9691,3926.0,58611,70,1,1,1.0,1000,8,5,false,22
725,493,1961,1000,9695,3934.0,58631,70,1,1,1.0,1000,8,5,false,22
725,494,1965,1000,9699,3942.0,58650,70,1,1,1.0,1000,8,5,false,22
725,495,1969,1000,9703,3950.0,58664,70,1,1,1.0,1000,8,5,false,22
725,496,1973,1000,9707,3958.0,58679,70,1,1,1.0,1000,8,5,false,22
725,497,1977,1000,9711,3966.0,58700,70,1,1,1.0,1000,8,5,false,22
725,498,1981,1000,9715,3974.0,58714,70,1,1,1.0,1000,8,5,false,22
725,499,1985,1000,9719,3982.0,58729,70,1,1,1.0,1000,8,5,false,22
725,500,1989,1000,9723,3990.0,58744,70,1,1,1.0,1000,8,5,false,22
725,501,1993,1000,9727,3998.0,58759,70,1,1,1.0,1000,8,5,false,22
725,502,1997,1000,9731,4006.0,58773,70,1,1,1.0,1000,8,5,false,22
725,503,2001,1000,9735,4014.0,58795,70,1,1,1.0,1000,8,5,false,22
725,504,2005,1000,9739,4022.0,58812,70,1,1,1.0,1000,8,5,false,22
725,505,2009,1000,9743,4030.0,58824,70,1,1,1.0,1000,8,5,false,22
725,506,2013,1000,9747,4038.0,58850,70,1,1,1.0,1000,8,5,false,22
725,507,2017,1000,9751,4046.0,58869,70,1,1,1.0,1000,8,5,false,22
725,508,2021,1000,9755,4054.0,58883,70,1,1,1.0,1000,8,5,false,22
725,509,2025,1000,9759,4062.0,58900,70,1,1,1.0,1000,8,5,false,22
725,510,2029,1000,9763,4070.0,58921,70,1,1,1.0,1000,8,5,false,22
725,511,2033,1000,9767,4078.0,58937,70,1,1,1.0,1000,8,5,false,22
725,512,2037,1000,9771,4086.0,58958,70,1,1,1.0,1000,8,5,false,22
725,513,2041,1000,9775,4094.0,58972,70,1,1,1.0,1000,8,5,false,22
725,514,2045,1000,9779,4102.0,58994,70,1,1,1.0,1000,8,5,false,22
725,515,2049,1000,9783,4110.0,59007,70,1,1,1.0,1000,8,5,false,22
725,516,2053,1000,9787,4118.0,59020,70,1,1,1.0,1000,8,5,false,22
725,517,2057,1000,10332,4126.0,63247,70,1,1,1.0,1000,8,5,false,22
725,518,2061,1000,10336,4134.0,63265,70,1,1,1.0,1000,8,5,false,22
725,519,2065,1000,10340,4142.0,63284,70,1,1,1.0,1000,8,5,false,22
725,520,2069,1000,10344,4150.0,63300,70,1,1,1.0,1000,8,5,false,22
725,521,2073,1000,10348,4158.0,63315,70,1,1,1.0,1000,8,5,false,22
725,522,2077,1000,10352,4166.0,63331,70,1,1,1.0,1000,8,5,false,22
725,523,2081,1000,10356,4174.0,63349,70,1,1,1.0,1000,8,5,false,22
725,524,2085,1000,10360,4182.0,63364,70,1,1,1.0,1000,8,5,false,22
725,525,2089,1000,10364,4190.0,63384,70,1,1,1.0,1000,8,5,false,22
725,526,2093,1000,10368,4198.0,63399,70,1,1,1.0,1000,8,5,false,22
725,527,2097,1000,10372,4206.0,63417,70,1,1,1.0,1000,8,5,false,22
725,528,2101,1000,10376,4214.0,63428,70,1,1,1.0,1000,8,5,false,22
725,529,2105,1000,10380,4222.0,63438,70,1,1,1.0,1000,8,5,false,22
725,530,2109,1000,10384,4230.0,63451,70,1,1,1.0,1000,8,5,false,22
725,531,2113,1000,10388,4238.0,63470,70,1,1,1.0,1000,8,5,false,22
725,532,2117,1000,10392,4246.0,63483,70,1,1,1.0,1000,8,5,false,22
725,533,2121,1000,10396,4254.0,63509,70,1,1,1.0,1000,8,5,false,22
725,534,2125,1000,10400,4262.0,63532,70,1,1,1.0,1000,8,5,false,22
725,535,2129,1000,10404,4270.0,63548,70,1,1,1.0,1000,8,5,false,22
725,536,2133,1000,10408,4278.0,63568,70,1,1,1.0,1000,8,5,false,22
725,537,2137,1000,10412,4286.0,63584,70,1,1,1.0,1000,8,5,false,22
725,538,2141,1000,10416,4294.0,63604,70,1,1,1.0,1000,8,5,false,22
725,539,2145,1000,10420,4302.0,63616,70,1,1,1.0,1000,8,5,false,22
725,540,2149,1000,10424,4310.0,63636,70,1,1,1.0,1000,8,5,false,22
725,541,2153,1000,10428,4318.0,63656,70,1,1,1.0,1000,8,5,false,22
725,542,2157,1000,10432,4326.0,63669,70,1,1,1.0,1000,8,5,false,22
725,543,2161,1000,10436,4334.0,63683,70,1,1,1.0,1000,8,5,false,22
725,544,2165,1000,10440,4342.0,63706,70,1,1,1.0,1000,8,5,false,22
725,545,2169,1000,10444,4350.0,63721,70,1,1,1.0,1000,8,5,false,22
725,546,2173,1000,10448,4358.0,63735,70,1,1,1.0,1000,8,5,false,22
725,547,2177,1000,10452,4366.0,63756,70,1,1,1.0,1000,8,5,false,22
725,548,2181,1000,10456,4374.0,63774,70,1,1,1.0,1000,8,5,false,22
725,549,2185,1000,10460,4382.0,63789,70,1,1,1.0,1000,8,5,false,22
725,550,2189,1000,10464,4390.0,63808,70,1,1,1.0,1000,8,5,false,22
725,551,2193,1000,10468,4398.0,63819,70,1,1,1.0,1000,8,5,false,22
725,552,2197,1000,10472,4406.0,63845,70,1,1,1.0,1000,8,5,false,22
725,553,2201,1000,10476,4414.0,63861,70,1,1,1.0,1000,8,5,false,22
725,554,2205,1000,10480,4422.0,63884,70,1,1,1.0,1000,8,5,false,22
725,555,2209,1000,10484,4430.0,63899,70,1,1,1.0,1000,8,5,false,22
725,556,2213,1000,10488,4438.0,63913,70,1,1,1.0,1000,8,5,false,22
725,557,2217,1000,10492,4446.0,63927,70,1,1,1.0,1000,8,5,false,22
725,558,2221,1000,10496,4454.0,63938,70,1,1,1.0,1000,8,5,false,22
725,559,2225,1000,10500,4462.0,63962,70,1,1,1.0,1000,8,5,false,22
725,560,2229,1000,10504,4470.0,63974,70,1,1,1.0,1000,8,5,false,22
725,561,2233,1000,10508,4478.0,63988,70,1,1,1.0,1000,8,5,false,22
725,562,2237,1000,10512,4486.0,64004,70,1,1,1.0,1000,8,5,false,22
725,563,2241,1000,10516,4494.0,64024,70,1,1,1.0,1000,8,5,false,22
725,564,2245,1000,10520,4502.0,64046,70,1,1,1.0,1000,8,5,false,22
725,565,2249,1000,10524,4510.0,64059,70,1,1,1.0,1000,8,5,false,22
725,566,2253,1000,10528,4518.0,64080,70,1,1,1.0,1000,8,5,false,22
725,567,2257,1000,10532,4526.0,64093,70,1,1,1.0,1000,8,5,false,22
725,568,2261,1000,10536,4534.0,64106,70,1,1,1.0,1000,8,5,false,22
725,569,2265,1000,10540,4542.0,64125,70,1,1,1.0,1000,8,5,false,22
725,570,2269,1000,10544,4550.0,64146,70,1,1,1.0,1000,8,5,false,22
725,571,2273,1000,10548,4558.0,64167,70,1,1,1.0,1000,8,5,false,22
725,572,2277,1000,10552,4566.0,64186,70,1,1,1.0,1000,8,5,false,22
725,573,2281,1000,10556,4574.0,64204,70,1,1,1.0,1000,8,5,false,22
725,574,2285,1000,10560,4582.0,64218,70,1,1,1.0,1000,8,5,false,22
725,575,2289,1000,10564,4590.0,64231,70,1,1,1.0,1000,8,5,false,22
725,576,2293,1000,10568,4598.0,64245,70,1,1,1.0,1000,8,5,false,22
725,577,2297,1000,10572,4606.0,64261,70,1,1,1.0,1000,8,5,false,22
725,578,2301,1000,10576,4614.0,64277,70,1,1,1.0,1000,8,5,false,22
725,579,2305,1000,10580,4622.0,64289,70,1,1,1.0,1000,8,5,false,22
725,580,2309,1000,10584,4630.0,64314,70,1,1,1.0,1000,8,5,false,22
725,581,2313,1000,10588,4638.0,64327,70,1,1,1.0,1000,8,5,false,22
725,582,2317,1000,10592,4646.0,64343,70,1,1,1.0,1000,8,5,false,22
725,583,2321,1000,10596,4654.0,64362,70,1,1,1.0,1000,8,5,false,22
725,584,2325,1000,10600,4662.0,64379,70,1,1,1.0,1000,8,5,false,22
725,585,2329,1000,10604,4670.0,64392,70,1,1,1.0,1000,8,5,false,22
725,586,2333,1000,10608,4678.0,64399,70,1,1,1.0,1000,8,5,false,22
725,587,2337,1000,10612,4686.0,64419,70,1,1,1.0,1000,8,5,false,22
725,588,2341,1000,11760,4696.0,68644,70,1,1,1.0,1000,8,5,false,22
725,589,2345,1000,11764,4704.0,68660,70,1,1,1.0,1000,8,5,false,22
725,590,2349,1000,11770,4712.0,72889,70,1,1,1.0,1000,8,5,false,22
725,591,2353,1000,11774,4720.0,72903,70,1,1,1.0,1000,8,5,false,22
725,592,2357,1000,11778,4728.0,72925,70,1,1,1.0,1000,8,5,false,22
725,593,2361,1000,11782,4736.0,72939,70,1,1,1.0,1000,8,5,false,22
725,594,2365,1000,11786,4744.0,72957,70,1,1,1.0,1000,8,5,false,22
725,595,2369,1000,11790,4752.0,72978,70,1,1,1.0,1000,8,5,false,22
725,596,2373,1000,11794,4760.0,72993,70,1,1,1.0,1000,8,5,false,22
725,597,2377,1000,11798,4768.0,73008,70,1,1,1.0,1000,8,5,false,22
725,598,2381,1000,11802,4776.0,73028,70,1,1,1.0,1000,8,5,false,22
725,599,2385,1000,11806,4784.0,73051,70,1,1,1.0,1000,8,5,false,22
725,600,2389,1000,11810,4792.0,73064,70,1,1,1.0,1000,8,5,false,22
725,601,2393,1000,11814,4800.0,73077,70,1,1,1.0,1000,8,5,false,22
725,602,2397,1000,11818,4808.0,73089,70,1,1,1.0,1000,8,5,false,22
725,603,2401,1000,11822,4816.0,73109,70,1,1,1.0,1000,8,5,false,22
725,604,2405,1000,11826,4824.0,73123,70,1,1,1.0,1000,8,5,false,22
725,605,2409,1000,11830,4832.0,73140,70,1,1,1.0,1000,8,5,false,22
725,606,2412,1000,11833,4838.0,73153,70,1,1,1.0,1000,8,5,false,22
725,607,2416,1000,11837,4846.0,73165,70,1,1,1.0,1000,8,5,false,22
725,608,2420,1000,11841,4854.0,73176,70,1,1,1.0,1000,8,5,false,22
725,609,2424,1000,11845,4862.0,73186,70,1,1,1.0,1000,8,5,false,22
725,610,2428,1000,11849,4870.0,73202,70,1,1,1.0,1000,8,5,false,22
725,611,2432,1000,11853,4878.0,73220,70,1,1,1.0,1000,8,5,false,22
725,612,2436,1000,11857,4886.0,73240,70,1,1,1.0,1000,8,5,false,22
725,613,2440,1000,11861,4894.0,73247,70,1,1,1.0,1000,8,5,false,22
725,614,2444,1000,11865,4902.0,73264,70,1,1,1.0,1000,8,5,false,22
725,615,2448,1000,11869,4910.0,73285,70,1,1,1.0,1000,8,5,false,22
725,616,2452,1000,12292,4918.0,77508,70,1,1,1.0,1000,8,5,false,22
725,618,2460,1000,12300,4934.0,77547,70,1,1,1.0,1000,8,5,false,22
725,618,2460,1000,12300,4934.0,77547,70,1,1,1.0,1000,8,5,false,22
725,619,2464,1000,12304,4942.0,77559,70,1,1,1.0,1000,8,5,false,22
725,620,2468,1000,12308,4950.0,77575,70,1,1,1.0,1000,8,5,false,22
725,621,2472,1000,12312,4958.0,77587,70,1,1,1.0,1000,8,5,false,22
725,623,2480,1000,12320,4974.0,77614,70,1,1,1.0,1000,8,5,false,22
725,623,2480,1000,12320,4974.0,77614,70,1,1,1.0,1000,8,5,false,22
725,624,2484,1000,12324,4982.0,77630,70,1,1,1.0,1000,8,5,false,22
725,625,2488,1000,12328,4990.0,77643,70,1,1,1.0,1000,8,5,false,22
725,626,2492,1000,12332,4998.0,77653,70,1,1,1.0,1000,8,5,false,22
725,627,2496,1000,12336,5006.0,77667,70,1,1,1.0,1000,8,5,false,22
725,628,2500,1000,12524,5016.0,81902,70,1,1,1.0,1000,8,5,false,22
725,629,2504,1000,12528,5024.0,81916,70,1,1,1.0,1000,8,5,false,22
725,630,2508,1000,12532,5032.0,81932,70,1,1,1.0,1000,8,5,false,22
725,631,2512,1000,12536,5040.0,81946,70,1,1,1.0,1000,8,5,false,22
725,632,2516,1000,12540,5048.0,81961,70,1,1,1.0,1000,8,5,false,22
725,633,2520,1000,12544,5056.0,81979,70,1,1,1.0,1000,8,5,false,22
725,634,2524,1000,12548,5064.0,81995,70,1,1,1.0,1000,8,5,false,22
725,635,2528,1000,12552,5072.0,82015,70,1,1,1.0,1000,8,5,false,22
725,636,2532,1000,12556,5080.0,82027,70,1,1,1.0,1000,8,5,false,22
725,637,2536,1000,12560,5088.0,82046,70,1,1,1.0,1000,8,5,false,22
725,638,2540,1000,12564,5096.0,82065,70,1,1,1.0,1000,8,5,false,22
725,639,2544,1000,12568,5104.0,82087,70,1,1,1.0,1000,8,5,false,22
725,640,2548,1000,12761,5112.0,86319,70,1,1,1.0,1000,8,5,false,22
725,641,2552,1000,12765,5120.0,86334,70,1,1,1.0,1000,8,5,false,22
725,642,2556,1000,12769,5128.0,86352,70,1,1,1.0,1000,8,5,false,22
725,643,2560,1000,12773,5136.0,86365,70,1,1,1.0,1000,8,5,false,22
725,644,2564,1000,12777,5144.0,86385,70,1,1,1.0,1000,8,5,false,22
725,645,2568,1000,12781,5152.0,86402,70,1,1,1.0,1000,8,5,false,22
725,646,2572,1000,12869,5162.0,90636,70,1,1,1.0,1000,8,5,false,22
725,647,2576,1000,12873,5170.0,90650,70,1,1,1.0,1000,8,5,false,22
725,648,2580,1000,12877,5178.0,90667,70,1,1,1.0,1000,8,5,false,22
725,649,2584,1000,12881,5186.0,90690,70,1,1,1.0,1000,8,5,false,22
725,650,2588,1000,12885,5194.0,90707,70,1,1,1.0,1000,8,5,false,22
725,651,2592,1000,12889,5202.0,90725,70,1,1,1.0,1000,8,5,false,22
725,652,2596,1000,12893,5210.0,90744,70,1,1,1.0,1000,8,5,false,22
725,653,2600,1000,12897,5218.0,90761,70,1,1,1.0,1000,8,5,false,22
725,654,2604,1000,12901,5226.0,90782,70,1,1,1.0,1000,8,5,false,22
725,655,2608,1000,12905,5234.0,90806,70,1,1,1.0,1000,8,5,false,22
725,656,2612,1000,13069,5244.0,95029,70,1,1,1.0,1000,8,5,false,22
725,657,2616,1000,13073,5252.0,95039,70,1,1,1.0,1000,8,5,false,22
725,658,2620,1000,13077,5260.0,95057,70,1,1,1.0,1000,8,5,false,22
725,659,2624,1000,13081,5268.0,95080,70,1,1,1.0,1000,8,5,false,22
725,660,2628,1000,13085,5276.0,95101,70,1,1,1.0,1000,8,5,false,22
725,661,2632,1000,13089,5284.0,95111,70,1,1,1.0,1000,8,5,false,22
725,662,2636,1000,13197,5292.0,99336,70,1,1,1.0,1000,8,5,false,22
725,663,2640,1000,13201,5300.0,99348,70,1,1,1.0,1000,8,5,false,22
725,664,2644,1000,13205,5308.0,99362,70,1,1,1.0,1000,8,5,false,22
725,665,2648,1000,13209,5316.0,99380,70,1,1,1.0,1000,8,5,false,22
725,666,2652,1000,13213,5324.0,99393,70,1,1,1.0,1000,8,5,false,22
725,667,2656,1000,13217,5332.0,99413,70,1,1,1.0,1000,8,5,false,22
725,668,2660,1000,13221,5340.0,99434,70,1,1,1.0,1000,8,5,false,22
725,669,2664,1000,13225,5348.0,99452,70,1,1,1.0,1000,8,5,false,22
725,670,2669,1000,13320,5358.0,103684,70,1,1,1.0,1000,8,5,false,22
725,671,2673,1000,13324,5366.0,103699,70,1,1,1.0,1000,8,5,false,22
725,672,2677,1000,13328,5374.0,103722,70,1,1,1.0,1000,8,5,false,22
725,673,2681,1000,13332,5382.0,103738,70,1,1,1.0,1000,8,5,false,22
725,674,2685,1000,13336,5390.0,103752,70,1,1,1.0,1000,8,5,false,22
725,675,2689,1000,13340,5398.0,103767,70,1,1,1.0,1000,8,5,false,22
725,676,2693,1000,13344,5406.0,103787,70,1,1,1.0,1000,8,5,false,22
725,677,2697,1000,13348,5414.0,103803,70,1,1,1.0,1000,8,5,false,22
725,678,2701,1000,13352,5422.0,103820,70,1,1,1.0,1000,8,5,false,22
725,679,2705,1000,13356,5430.0,103839,70,1,1,1.0,1000,8,5,false,22
725,680,2709,1000,13360,5438.0,103850,70,1,1,1.0,1000,8,5,false,22
725,681,2714,1000,13365,5448.0,103873,70,1,1,1.0,1000,8,5,false,22
725,682,2718,1000,13369,5456.0,103893,70,1,1,1.0,1000,8,5,false,22
725,683,2721,1000,13372,5462.0,103906,70,1,1,1.0,1000,8,5,false,22
725,684,2725,1000,13376,5470.0,103921,70,1,1,1.0,1000,8,5,false,22
725,685,2729,1000,13604,5480.0,108155,70,1,1,1.0,1000,8,5,false,22
725,686,2733,1000,13608,5488.0,108167,70,1,1,1.0,1000,8,5,false,22
725,687,2737,1000,13612,5496.0,108184,70,1,1,1.0,1000,8,5,false,22
725,688,2741,1000,13616,5504.0,108198,70,1,1,1.0,1000,8,5,false,22
725,689,2745,1000,13620,5512.0,108220,70,1,1,1.0,1000,8,5,false,22
725,690,2749,1000,13624,5520.0,108240,70,1,1,1.0,1000,8,5,false,22
725,691,2753,1000,13628,5528.0,108262,70,1,1,1.0,1000,8,5,false,22
725,692,2757,1000,13632,5536.0,108278,70,1,1,1.0,1000,8,5,false,22
725,693,2761,1000,13636,5544.0,108294,70,1,1,1.0,1000,8,5,false,22
725,694,2765,1000,13640,5552.0,108316,70,1,1,1.0,1000,8,5,false,22
725,695,2769,1000,13644,5560.0,108331,70,1,1,1.0,1000,8,5,false,22
725,696,2773,1000,13648,5568.0,108353,70,1,1,1.0,1000,8,5,false,22
725,697,2777,1000,13652,5576.0,108369,70,1,1,1.0,1000,8,5,false,22
725,698,2781,1000,13656,5584.0,108394,70,1,1,1.0,1000,8,5,false,22
725,699,2785,1000,13660,5592.0,108415,70,1,1,1.0,1000,8,5,false,22
725,700,2789,1000,13664,5600.0,108431,70,1,1,1.0,1000,8,5,false,22
725,701,2793,1000,13668,5608.0,108459,70,1,1,1.0,1000,8,5,false,22
725,702,2797,1000,13672,5616.0,108475,70,1,1,1.0,1000,8,5,false,22
725,703,2801,1000,13676,5624.0,108489,70,1,1,1.0,1000,8,5,false,22
725,704,2805,1000,13680,5632.0,108505,70,1,1,1.0,1000,8,5,false,22
725,705,2809,1000,13684,5640.0,108520,70,1,1,1.0,1000,8,5,false,22
725,706,2813,1000,13688,5648.0,108536,70,1,1,1.0,1000,8,5,false,22
725,707,2817,1000,13692,5656.0,108553,70,1,1,1.0,1000,8,5,false,22
725,708,2821,1000,13696,5664.0,108572,70,1,1,1.0,1000,8,5,false,22
725,709,2825,1000,13700,5672.0,108590,70,1,1,1.0,1000,8,5,false,22
725,710,2829,1000,13704,5680.0,108606,70,1,1,1.0,1000,8,5,false,22
725,711,2833,1000,13708,5688.0,108626,70,1,1,1.0,1000,8,5,false,22
725,712,2837,1000,13712,5696.0,108644,70,1,1,1.0,1000,8,5,false,22
725,713,2841,1000,13716,5704.0,108658,70,1,1,1.0,1000,8,5,false,22
725,714,2845,1000,13720,5712.0,108672,70,1,1,1.0,1000,8,5,false,22
725,715,2849,1000,13724,5720.0,108693,70,1,1,1.0,1000,8,5,false,22
725,716,2853,1000,13728,5728.0,108709,70,1,1,1.0,1000,8,5,false,22
725,717,2857,1000,14244,5738.0,112940,70,1,1,1.0,1000,8,5,false,22
725,718,2861,1000,14248,5746.0,112952,70,1,1,1.0,1000,8,5,false,22
725,719,2865,1000,14252,5754.0,112973,70,1,1,1.0,1000,8,5,false,22
725,720,2869,1000,14256,5762.0,112992,70,1,1,1.0,1000,8,5,false,22
725,721,2873,1000,14260,5770.0,113006,70,1,1,1.0,1000,8,5,false,22
725,722,2877,1000,14264,5778.0,113020,70,1,1,1.0,1000,8,5,false,22
725,723,2881,1000,14268,5786.0,113037,70,1,1,1.0,1000,8,5,false,22
725,724,2885,1000,14272,5794.0,113053,70,1,1,1.0,1000,8,5,false,22
725,725,2889,1000,14276,5802.0,113070,70,1,1,1.0,1000,8,5,false,22
725,726,2893,1000,14280,5810.0,113085,70,1,1,1.0,1000,8,5,false,22
725,727,2897,1000,14284,5818.0,113103,70,1,1,1.0,1000,8,5,false,22
725,728,2901,1000,14288,5826.0,113119,70,1,1,1.0,1000,8,5,false,22
725,729,2905,1000,14292,5834.0,113140,70,1,1,1.0,1000,8,5,false,22
725,730,2909,1000,14296,5842.0,113155,70,1,1,1.0,1000,8,5,false,22
725,731,2913,1000,14300,5850.0,113169,70,1,1,1.0,1000,8,5,false,22
725,732,2917,1000,14304,5858.0,113184,70,1,1,1.0,1000,8,5,false,22
725,733,2921,1000,14308,5866.0,113201,70,1,1,1.0,1000,8,5,false,22
725,734,2924,1000,14595,5874.0,117429,70,1,1,1.0,1000,8,5,false,22
725,735,2928,1000,14599,5882.0,117450,70,1,1,1.0,1000,8,5,false,22
725,736,2932,1000,14603,5890.0,117467,70,1,1,1.0,1000,8,5,false,22
725,737,2936,1000,14607,5898.0,117480,70,1,1,1.0,1000,8,5,false,22
725,738,2940,1000,14611,5906.0,117497,70,1,1,1.0,1000,8,5,false,22
725,739,2944,1000,14615,5914.0,117523,70,1,1,1.0,1000,8,5,false,22
725,740,2948,1000,14619,5922.0,117546,70,1,1,1.0,1000,8,5,false,22
725,741,2952,1000,14623,5930.0,117556,70,1,1,1.0,1000,8,5,false,22
725,742,2956,1000,14627,5938.0,117571,70,1,1,1.0,1000,8,5,false,22
725,743,2961,1000,14632,5948.0,117594,70,1,1,1.0,1000,8,5,false,22
725,744,2965,1000,14636,5956.0,117613,70,1,1,1.0,1000,8,5,false,22
725,745,2969,1000,14640,5964.0,117632,70,1,1,1.0,1000,8,5,false,22
725,746,2973,1000,14644,5972.0,117656,70,1,1,1.0,1000,8,5,false,22
725,747,2977,1000,14648,5980.0,117677,70,1,1,1.0,1000,8,5,false,22
725,748,2981,1000,14652,5988.0,117697,70,1,1,1.0,1000,8,5,false,22
725,749,2985,1000,14656,5996.0,117715,70,1,1,1.0,1000,8,5,false,22
725,750,2989,1000,14660,6004.0,117731,70,1,1,1.0,1000,8,5,false,22
725,751,2993,1000,14664,6012.0,117752,70,1,1,1.0,1000,8,5,false,22
725,752,2997,1000,14668,6020.0,117772,70,1,1,1.0,1000,8,5,false,22
725,753,3001,1000,14672,6028.0,117796,70,1,1,1.0,1000,8,5,false,22
725,754,3005,1000,14676,6036.0,117807,70,1,1,1.0,1000,8,5,false,22
725,755,3009,1000,14680,6044.0,117822,70,1,1,1.0,1000,8,5,false,22
725,756,3013,1000,14684,6052.0,117842,70,1,1,1.0,1000,8,5,false,22
725,757,3017,1000,14688,6060.0,117863,70,1,1,1.0,1000,8,5,false,22
725,758,3021,1000,14692,6068.0,117877,70,1,1,1.0,1000,8,5,false,22
725,759,3025,1000,14696,6076.0,117900,70,1,1,1.0,1000,8,5,false,22
725,760,3029,1000,14700,6084.0,117915,70,1,1,1.0,1000,8,5,false,22
725,761,3033,1000,14704,6092.0,117936,70,1,1,1.0,1000,8,5,false,22
725,762,3037,1000,14708,6100.0,117957,70,1,1,1.0,1000,8,5,false,22
725,763,3041,1000,14712,6108.0,117980,70,1,1,1.0,1000,8,5,false,22
725,764,3045,1000,14716,6116.0,117995,70,1,1,1.0,1000,8,5,false,22
725,765,3049,1000,14720,6124.0,118010,70,1,1,1.0,1000,8,5,false,22
725,766,3053,1000,14724,6132.0,118023,70,1,1,1.0,1000,8,5,false,22
725,767,3057,1000,14728,6140.0,118042,70,1,1,1.0,1000,8,5,false,22
725,768,3061,1000,14732,6148.0,118061,70,1,1,1.0,1000,8,5,false,22
725,769,3065,1000,14736,6156.0,118085,70,1,1,1.0,1000,8,5,false,22
725,770,3069,1000,14740,6164.0,118095,70,1,1,1.0,1000,8,5,false,22
725,771,3073,1000,14744,6172.0,118120,70,1,1,1.0,1000,8,5,false,22
725,772,3077,1000,14748,6180.0,118139,70,1,1,1.0,1000,8,5,false,22
725,773,3081,1000,14752,6188.0,118152,70,1,1,1.0,1000,8,5,false,22
725,774,3085,1000,14756,6196.0,118167,70,1,1,1.0,1000,8,5,false,22
725,775,3089,1000,14760,6204.0,118183,70,1,1,1.0,1000,8,5,false,22
725,776,3093,1000,14764,6212.0,118206,70,1,1,1.0,1000,8,5,false,22
725,777,3097,1000,14768,6220.0,118223,70,1,1,1.0,1000,8,5,false,22
725,778,3101,1000,14772,6228.0,118230,70,1,1,1.0,1000,8,5,false,22
725,779,3105,1000,14776,6236.0,118245,70,1,1,1.0,1000,8,5,false,22
725,780,3109,1000,15520,6246.0,122472,70,1,1,1.0,1000,8,5,false,22
725,781,3113,1000,15524,6254.0,122488,70,1,1,1.0,1000,8,5,false,22
725,782,3117,1000,15528,6262.0,122500,70,1,1,1.0,1000,8,5,false,22
725,783,3121,1000,15532,6270.0,122517,70,1,1,1.0,1000,8,5,false,22
725,784,3125,1000,15536,6278.0,122533,70,1,1,1.0,1000,8,5,false,22
725,785,3129,1000,15540,6286.0,122546,70,1,1,1.0,1000,8,5,false,22
725,786,3133,1000,15544,6294.0,122562,70,1,1,1.0,1000,8,5,false,22
725,787,3137,1000,15548,6302.0,122581,70,1,1,1.0,1000,8,5,false,22
725,788,3141,1000,15552,6310.0,122600,70,1,1,1.0,1000,8,5,false,22
725,789,3145,1000,15556,6318.0,122621,70,1,1,1.0,1000,8,5,false,22
725,790,3149,1000,15560,6326.0,122642,70,1,1,1.0,1000,8,5,false,22
725,791,3153,1000,15564,6334.0,122663,70,1,1,1.0,1000,8,5,false,22
725,792,3157,1000,15568,6342.0,122682,70,1,1,1.0,1000,8,5,false,22
725,793,3161,1000,15572,6350.0,122701,70,1,1,1.0,1000,8,5,false,22
725,794,3165,1000,15576,6358.0,122717,70,1,1,1.0,1000,8,5,false,22
725,795,3169,1000,15580,6366.0,122729,70,1,1,1.0,1000,8,5,false,22
725,796,3173,1000,15584,6374.0,122743,70,1,1,1.0,1000,8,5,false,22
725,797,3177,1000,15588,6382.0,122760,70,1,1,1.0,1000,8,5,false,22
725,798,3181,1000,15592,6390.0,122781,70,1,1,1.0,1000,8,5,false,22
725,799,3185,1000,15596,6398.0,122799,70,1,1,1.0,1000,8,5,false,22
725,800,3189,1000,15932,6406.0,127028,70,1,1,1.0,1000,8,5,false,22
725,801,3193,1000,15936,6414.0,127039,70,1,1,1.0,1000,8,5,false,22
725,802,3197,1000,15940,6422.0,127051,70,1,1,1.0,1000,8,5,false,22
725,803,3201,1000,15944,6430.0,127078,70,1,1,1.0,1000,8,5,false,22
725,804,3205,1000,15948,6438.0,127098,70,1,1,1.0,1000,8,5,false,22
725,805,3209,1000,15952,6446.0,127115,70,1,1,1.0,1000,8,5,false,22
725,806,3213,1000,15956,6454.0,127131,70,1,1,1.0,1000,8,5,false,22
725,807,3217,1000,16080,6464.0,131368,70,1,1,1.0,1000,8,5,false,22
725,808,3221,1000,16084,6472.0,131385,70,1,1,1.0,1000,8,5,false,22
725,809,3225,1000,16088,6480.0,131394,70,1,1,1.0,1000,8,5,false,22
725,810,3229,1000,16092,6488.0,131406,70,1,1,1.0,1000,8,5,false,22
725,811,3233,1000,16160,6498.0,135636,70,1,1,1.0,1000,8,5,false,22
725,812,3237,1000,16164,6506.0,135653,70,1,1,1.0,1000,8,5,false,22
725,813,3241,1000,16184,6516.0,139887,70,1,1,1.0,1000,8,5,false,22
725,814,3245,1000,16188,6524.0,139910,70,1,1,1.0,1000,8,5,false,22
725,815,3249,1000,16192,6532.0,139928,70,1,1,1.0,1000,8,5,false,22
725,816,3253,1000,16196,6540.0,139944,70,1,1,1.0,1000,8,5,false,22
725,817,3257,1000,16200,6548.0,139961,70,1,1,1.0,1000,8,5,false,22
725,818,3261,1000,16204,6556.0,139981,70,1,1,1.0,1000,8,5,false,22
725,819,3265,1000,16208,6564.0,139997,70,1,1,1.0,1000,8,5,false,22
725,820,3268,1000,16211,6570.0,140011,70,1,1,1.0,1000,8,5,false,22
725,821,3273,1000,16216,6580.0,140027,70,1,1,1.0,1000,8,5,false,22
725,822,3277,1000,16220,6588.0,140042,70,1,1,1.0,1000,8,5,false,22
725,823,3281,1000,16224,6596.0,140062,70,1,1,1.0,1000,8,5,false,22
725,824,3285,1000,16420,6606.0,144299,70,1,1,1.0,1000,8,5,false,22
725,825,3289,1000,16424,6614.0,144312,70,1,1,1.0,1000,8,5,false,22
725,826,3293,1000,16428,6622.0,144321,70,1,1,1.0,1000,8,5,false,22
725,827,3297,1000,16432,6630.0,144339,70,1,1,1.0,1000,8,5,false,22
725,828,3301,1000,16436,6638.0,144355,70,1,1,1.0,1000,8,5,false,22
725,829,3305,1000,16440,6646.0,144370,70,1,1,1.0,1000,8,5,false,22
725,830,3309,1000,16444,6654.0,144383,70,1,1,1.0,1000,8,5,false,22
725,831,3313,1000,16448,6662.0,144400,70,1,1,1.0,1000,8,5,false,22
725,832,3317,1000,16452,6670.0,144417,70,1,1,1.0,1000,8,5,false,22
725,833,3321,1000,16456,6678.0,144443,70,1,1,1.0,1000,8,5,false,22
725,834,3325,1000,16460,6686.0,144460,70,1,1,1.0,1000,8,5,false,22
725,835,3329,1000,16464,6694.0,144478,70,1,1,1.0,1000,8,5,false,22
725,836,3333,1000,16468,6702.0,144492,70,1,1,1.0,1000,8,5,false,22
725,837,3338,1000,16473,6712.0,144513,70,1,1,1.0,1000,8,5,false,22
725,838,3342,1000,16477,6720.0,144525,70,1,1,1.0,1000,8,5,false,22
725,839,3347,1000,16482,6730.0,144543,70,1,1,1.0,1000,8,5,false,22
725,840,3351,1000,16486,6738.0,144565,70,1,1,1.0,1000,8,5,false,22
725,841,3355,1000,16490,6746.0,144579,70,1,1,1.0,1000,8,5,false,22
725,842,3358,1000,16493,6752.0,144588,70,1,1,1.0,1000,8,5,false,22
725,843,3363,1000,16498,6762.0,144613,70,1,1,1.0,1000,8,5,false,22
725,844,3367,1000,16502,6770.0,144627,70,1,1,1.0,1000,8,5,false,22
725,845,3371,1000,16506,6778.0,144640,70,1,1,1.0,1000,8,5,false,22
725,846,3375,1000,16510,6786.0,144656,70,1,1,1.0,1000,8,5,false,22
725,847,3379,1000,16514,6794.0,144669,70,1,1,1.0,1000,8,5,false,22
725,848,3383,1000,16518,6802.0,144678,70,1,1,1.0,1000,8,5,false,22
725,849,3387,1000,16522,6810.0,144695,70,1,1,1.0,1000,8,5,false,22
725,850,3391,1000,16526,6818.0,144712,70,1,1,1.0,1000,8,5,false,22
725,851,3395,1000,16530,6826.0,144727,70,1,1,1.0,1000,8,5,false,22
725,852,3399,1000,16534,6834.0,144745,70,1,1,1.0,1000,8,5,false,22
725,853,3403,1000,16538,6842.0,144763,70,1,1,1.0,1000,8,5,false,22
725,854,3407,1000,16542,6850.0,144778,70,1,1,1.0,1000,8,5,false,22
725,855,3411,1000,16546,6858.0,144798,70,1,1,1.0,1000,8,5,false,22
725,856,3415,1000,16550,6866.0,144814,70,1,1,1.0,1000,8,5,false,22
725,857,3419,1000,16554,6874.0,144827,70,1,1,1.0,1000,8,5,false,22
725,858,3423,1000,16558,6882.0,144847,70,1,1,1.0,1000,8,5,false,22
725,859,3427,1000,16562,6890.0,144873,70,1,1,1.0,1000,8,5,false,22
725,860,3431,1000,16566,6898.0,144888,70,1,1,1.0,1000,8,5,false,22
725,861,3435,1000,16570,6906.0,144904,70,1,1,1.0,1000,8,5,false,22
725,862,3439,1000,16574,6914.0,144920,70,1,1,1.0,1000,8,5,false,22
725,863,3443,1000,16578,6922.0,144942,70,1,1,1.0,1000,8,5,false,22
725,864,3447,1000,16582,6930.0,144955,70,1,1,1.0,1000,8,5,false,22
725,865,3451,1000,16586,6938.0,144972,70,1,1,1.0,1000,8,5,false,22
725,866,3455,1000,16590,6946.0,144988,70,1,1,1.0,1000,8,5,false,22
725,867,3459,1000,17274,6956.0,149219,70,1,1,1.0,1000,8,5,false,22
725,868,3463,1000,17278,6964.0,149233,70,1,1,1.0,1000,8,5,false,22
725,869,3467,1000,17282,6972.0,149246,70,1,1,1.0,1000,8,5,false,22
725,870,3471,1000,17286,6980.0,149261,70,1,1,1.0,1000,8,5,false,22
725,871,3475,1000,17290,6988.0,149274,70,1,1,1.0,1000,8,5,false,22
725,872,3479,1000,17294,6996.0,149290,70,1,1,1.0,1000,8,5,false,22
725,873,3483,1000,17357,7004.0,153518,70,1,1,1.0,1000,8,5,false,22
725,874,3487,1000,17361,7012.0,153533,70,1,1,1.0,1000,8,5,false,22
725,875,3491,1000,17365,7020.0,153548,70,1,1,1.0,1000,8,5,false,22
725,876,3495,1000,17369,7028.0,153561,70,1,1,1.0,1000,8,5,false,22
725,877,3499,1000,17373,7036.0,153580,70,1,1,1.0,1000,8,5,false,22
725,878,3503,1000,17377,7044.0,153605,70,1,1,1.0,1000,8,5,false,22
725,879,3507,1000,17381,7052.0,153623,70,1,1,1.0,1000,8,5,false,22
725,880,3511,1000,17385,7060.0,153640,70,1,1,1.0,1000,8,5,false,22
725,881,3515,1000,17389,7068.0,153656,70,1,1,1.0,1000,8,5,false,22
725,882,3519,1000,17393,7076.0,153669,70,1,1,1.0,1000,8,5,false,22
725,883,3523,1000,17397,7084.0,153685,70,1,1,1.0,1000,8,5,false,22
725,884,3527,1000,17401,7092.0,153696,70,1,1,1.0,1000,8,5,false,22
725,885,3531,1000,17405,7100.0,153719,70,1,1,1.0,1000,8,5,false,22
725,886,3535,1000,17409,7108.0,153734,70,1,1,1.0,1000,8,5,false,22
725,887,3539,1000,17413,7116.0,153752,70,1,1,1.0,1000,8,5,false,22
725,888,3543,1000,17417,7124.0,153766,70,1,1,1.0,1000,8,5,false,22
725,889,3547,1000,17421,7132.0,153782,70,1,1,1.0,1000,8,5,false,22
725,890,3551,1000,17689,7142.0,158013,70,1,1,1.0,1000,8,5,false,22
725,891,3555,1000,17693,7150.0,158032,70,1,1,1.0,1000,8,5,false,22
725,892,3559,1000,17697,7158.0,158051,70,1,1,1.0,1000,8,5,false,22
725,893,3563,1000,17701,7166.0,158066,70,1,1,1.0,1000,8,5,false,22
725,894,3567,1000,17705,7174.0,158080,70,1,1,1.0,1000,8,5,false,22
725,895,3571,1000,17709,7182.0,158104,70,1,1,1.0,1000,8,5,false,22
725,896,3575,1000,17713,7190.0,158123,70,1,1,1.0,1000,8,5,false,22
725,897,3579,1000,17717,7198.0,158142,70,1,1,1.0,1000,8,5,false,22
725,898,3583,1000,17721,7206.0,158157,70,1,1,1.0,1000,8,5,false,22
725,899,3587,1000,17725,7214.0,158178,70,1,1,1.0,1000,8,5,false,22
725,900,3591,1000,17729,7222.0,158196,70,1,1,1.0,1000,8,5,false,22
725,901,3595,1000,17733,7230.0,158210,70,1,1,1.0,1000,8,5,false,22
725,902,3599,1000,17737,7238.0,158225,70,1,1,1.0,1000,8,5,false,22
725,903,3603,1000,17741,7246.0,158234,70,1,1,1.0,1000,8,5,false,22
725,904,3607,1000,17745,7254.0,158248,70,1,1,1.0,1000,8,5,false,22
725,905,3611,1000,17749,7262.0,158270,70,1,1,1.0,1000,8,5,false,22
725,906,3615,1000,17753,7270.0,158284,70,1,1,1.0,1000,8,5,false,22
725,907,3619,1000,17757,7278.0,158294,70,1,1,1.0,1000,8,5,false,22
725,908,3623,1000,17761,7286.0,158305,70,1,1,1.0,1000,8,5,false,22
725,909,3627,1000,17765,7294.0,158316,70,1,1,1.0,1000,8,5,false,22
725,910,3631,1000,17769,7302.0,158331,70,1,1,1.0,1000,8,5,false,22
725,911,3635,1000,17773,7310.0,158346,70,1,1,1.0,1000,8,5,false,22
725,912,3639,1000,17777,7318.0,158360,70,1,1,1.0,1000,8,5,false,22
725,914,3647,1000,18169,7336.0,162614,70,1,1,1.0,1000,8,5,false,22
725,914,3647,1000,18169,7336.0,162614,70,1,1,1.0,1000,8,5,false,22
725,915,3651,1000,18173,7344.0,162629,70,1,1,1.0,1000,8,5,false,22
725,916,3655,1000,18177,7352.0,162643,70,1,1,1.0,1000,8,5,false,22
725,917,3659,1000,18181,7360.0,162668,70,1,1,1.0,1000,8,5,false,22
725,918,3663,1000,18185,7368.0,162683,70,1,1,1.0,1000,8,5,false,22
725,919,3667,1000,18189,7376.0,162700,70,1,1,1.0,1000,8,5,false,22
725,920,3671,1000,18193,7384.0,162722,70,1,1,1.0,1000,8,5,false,22
725,921,3675,1000,18197,7392.0,162738,70,1,1,1.0,1000,8,5,false,22
725,922,3679,1000,18201,7400.0,162759,70,1,1,1.0,1000,8,5,false,22
725,923,3683,1000,18205,7408.0,162778,70,1,1,1.0,1000,8,5,false,22
725,924,3687,1000,18209,7416.0,162798,70,1,1,1.0,1000,8,5,false,22
725,925,3691,1000,18213,7424.0,162820,70,1,1,1.0,1000,8,5,false,22
725,926,3695,1000,18217,7432.0,162838,70,1,1,1.0,1000,8,5,false,22
725,927,3699,1000,18221,7440.0,162857,70,1,1,1.0,1000,8,5,false,22
725,928,3703,1000,18225,7448.0,162870,70,1,1,1.0,1000,8,5,false,22
725,929,3707,1000,18229,7456.0,162887,70,1,1,1.0,1000,8,5,false,22
725,930,3711,1000,18233,7464.0,162907,70,1,1,1.0,1000,8,5,false,22
725,931,3715,1000,18237,7472.0,162921,70,1,1,1.0,1000,8,5,false,22
725,932,3719,1000,18241,7480.0,162938,70,1,1,1.0,1000,8,5,false,22
725,933,3723,1000,18245,7488.0,162956,70,1,1,1.0,1000,8,5,false,22
725,934,3727,1000,18249,7496.0,162971,70,1,1,1.0,1000,8,5,false,22
725,935,3731,1000,18253,7504.0,162991,70,1,1,1.0,1000,8,5,false,22
725,936,3735,1000,18257,7512.0,163008,70,1,1,1.0,1000,8,5,false,22
725,937,3739,1000,18261,7520.0,163033,70,1,1,1.0,1000,8,5,false,22
725,938,3743,1000,18265,7528.0,163056,70,1,1,1.0,1000,8,5,false,22
725,939,3747,1000,18269,7536.0,163075,70,1,1,1.0,1000,8,5,false,22
725,940,3751,1000,18273,7544.0,163094,70,1,1,1.0,1000,8,5,false,22
725,941,3755,1000,18277,7552.0,163110,70,1,1,1.0,1000,8,5,false,22
725,942,3759,1000,18745,7562.0,167341,70,1,1,1.0,1000,8,5,false,22
725,943,3763,1000,18749,7570.0,167356,70,1,1,1.0,1000,8,5,false,22
725,944,3767,1000,18785,7580.0,171585,70,1,1,1.0,1000,8,5,false,22
725,945,3771,1000,18789,7588.0,171601,70,1,1,1.0,1000,8,5,false,22
725,946,3775,1000,18793,7596.0,171616,70,1,1,1.0,1000,8,5,false,22
725,947,3779,1000,18797,7604.0,171630,70,1,1,1.0,1000,8,5,false,22
725,948,3783,1000,18801,7612.0,171648,70,1,1,1.0,1000,8,5,false,22
725,949,3787,1000,18805,7620.0,171658,70,1,1,1.0,1000,8,5,false,22
725,950,3791,1000,18809,7628.0,171674,70,1,1,1.0,1000,8,5,false,22
725,951,3795,1000,18813,7636.0,171691,70,1,1,1.0,1000,8,5,false,22
725,952,3799,1000,18817,7644.0,171708,70,1,1,1.0,1000,8,5,false,22
725,953,3803,1000,18821,7652.0,171726,70,1,1,1.0,1000,8,5,false,22
725,954,3807,1000,18825,7660.0,171738,70,1,1,1.0,1000,8,5,false,22
725,955,3811,1000,18829,7668.0,171750,70,1,1,1.0,1000,8,5,false,22
725,956,3815,1000,18833,7676.0,171767,70,1,1,1.0,1000,8,5,false,22
725,957,3819,1000,18837,7684.0,171777,70,1,1,1.0,1000,8,5,false,22
725,958,3823,1000,18841,7692.0,171795,70,1,1,1.0,1000,8,5,false,22
725,959,3827,1000,18845,7700.0,171808,70,1,1,1.0,1000,8,5,false,22
725,960,3831,1000,18849,7708.0,171822,70,1,1,1.0,1000,8,5,false,22
725,961,3835,1000,18853,7716.0,171843,70,1,1,1.0,1000,8,5,false,22
725,962,3839,1000,18857,7724.0,171856,70,1,1,1.0,1000,8,5,false,22
725,963,3843,1000,18861,7732.0,171876,70,1,1,1.0,1000,8,5,false,22
725,964,3847,1000,18865,7740.0,171894,70,1,1,1.0,1000,8,5,false,22
725,965,3850,1000,18868,7746.0,171903,70,1,1,1.0,1000,8,5,false,22
725,966,3855,1000,18873,7756.0,171923,70,1,1,1.0,1000,8,5,false,22
725,967,3859,1000,18877,7764.0,171943,70,1,1,1.0,1000,8,5,false,22
725,968,3863,1000,18881,7772.0,171960,70,1,1,1.0,1000,8,5,false,22
725,969,3867,1000,18885,7780.0,171979,70,1,1,1.0,1000,8,5,false,22
725,970,3871,1000,18889,7788.0,171993,70,1,1,1.0,1000,8,5,false,22
725,971,3875,1000,18893,7796.0,172008,70,1,1,1.0,1000,8,5,false,22
725,972,3879,1000,18897,7804.0,172032,70,1,1,1.0,1000,8,5,false,22
725,973,3883,1000,18901,7812.0,172055,70,1,1,1.0,1000,8,5,false,22
725,974,3887,1000,19385,7822.0,176279,70,1,1,1.0,1000,8,5,false,22
725,975,3891,1000,19389,7830.0,176308,70,1,1,1.0,1000,8,5,false,22
725,976,3895,1000,19393,7838.0,176333,70,1,1,1.0,1000,8,5,false,22
725,977,3899,1000,19397,7846.0,176353,70,1,1,1.0,1000,8,5,false,22
725,978,3903,1000,19401,7854.0,176368,70,1,1,1.0,1000,8,5,false,22
725,979,3907,1000,19405,7862.0,176380,70,1,1,1.0,1000,8,5,false,22
725,980,3911,1000,19409,7870.0,176399,70,1,1,1.0,1000,8,5,false,22
725,981,3915,1000,19413,7878.0,176409,70,1,1,1.0,1000,8,5,false,22
725,982,3919,1000,19417,7886.0,176422,70,1,1,1.0,1000,8,5,false,22
725,983,3923,1000,19421,7894.0,176442,70,1,1,1.0,1000,8,5,false,22
725,984,3927,1000,19425,7902.0,176454,70,1,1,1.0,1000,8,5,false,22
725,985,3931,1000,19429,7910.0,176470,70,1,1,1.0,1000,8,5,false,22
725,986,3935,1000,19433,7918.0,176482,70,1,1,1.0,1000,8,5,false,22
725,987,3939,1000,19625,7926.0,180710,70,1,1,1.0,1000,8,5,false,22
725,988,3943,1000,19629,7934.0,180725,70,1,1,1.0,1000,8,5,false,22
725,989,3947,1000,19633,7942.0,180743,70,1,1,1.0,1000,8,5,false,22
725,990,3951,1000,19637,7950.0,180759,70,1,1,1.0,1000,8,5,false,22
725,991,3955,1000,19641,7958.0,180776,70,1,1,1.0,1000,8,5,false,22
725,992,3959,1000,19645,7966.0,180791,70,1,1,1.0,1000,8,5,false,22
725,993,3963,1000,19649,7974.0,180803,70,1,1,1.0,1000,8,5,false,22
725,994,3967,1000,19653,7982.0,180822,70,1,1,1.0,1000,8,5,false,22
725,995,3971,1000,19657,7990.0,180835,70,1,1,1.0,1000,8,5,false,22
725,996,3975,1000,19661,7998.0,180851,70,1,1,1.0,1000,8,5,false,22
725,997,3979,1000,19665,8006.0,180867,70,1,1,1.0,1000,8,5,false,22
725,998,3983,1000,19669,8014.0,180882,70,1,1,1.0,1000,8,5,false,22
725,999,3987,1000,19673,8022.0,180894,70,1,1,1.0,1000,8,5,false,22
725,1000,3991,1000,19677,8030.0,180911,70,1,1,1.0,1000,8,5,false,22
725,1001,3995,1000,19681,8038.0,180924,70,1,1,1.0,1000,8,5,false,22
725,1002,3999,1000,19685,8046.0,180937,70,1,1,1.0,1000,8,5,false,22
725,1003,4003,1000,19689,8054.0,180953,70,1,1,1.0,1000,8,5,false,22
725,1004,4007,1000,19966,8062.0,185186,70,1,1,1.0,1000,8,5,false,22
725,1005,4011,1000,19970,8070.0,185207,70,1,1,1.0,1000,8,5,false,22
725,1006,4015,1000,19974,8078.0,185223,70,1,1,1.0,1000,8,5,false,22
725,1007,4019,1000,19978,8086.0,185237,70,1,1,1.0,1000,8,5,false,22
725,1008,4023,1000,19982,8094.0,185251,70,1,1,1.0,1000,8,5,false,22
725,1009,4027,1000,19986,8102.0,185274,70,1,1,1.0,1000,8,5,false,22
725,1010,4031,1000,19990,8110.0,185290,70,1,1,1.0,1000,8,5,false,22
725,1011,4035,1000,19994,8118.0,185306,70,1,1,1.0,1000,8,5,false,22
725,1012,4039,1000,19998,8126.0,185324,70,1,1,1.0,1000,8,5,false,22
725,1013,4043,1000,20002,8134.0,185340,70,1,1,1.0,1000,8,5,false,22
725,1014,4047,1000,20006,8142.0,185364,70,1,1,1.0,1000,8,5,false,22
725,1015,4051,1000,20010,8150.0,185378,70,1,1,1.0,1000,8,5,false,22
725,1016,4055,1000,20014,8158.0,185406,70,1,1,1.0,1000,8,5,false,22
725,1017,4059,1000,20018,8166.0,185422,70,1,1,1.0,1000,8,5,false,22
725,1018,4063,1000,20022,8174.0,185432,70,1,1,1.0,1000,8,5,false,22
725,1019,4067,1000,20026,8182.0,185450,70,1,1,1.0,1000,8,5,false,22
725,1020,4071,1000,20030,8190.0,185464,70,1,1,1.0,1000,8,5,false,22
725,1021,4075,1000,20034,8198.0,185479,70,1,1,1.0,1000,8,5,false,22
725,1022,4079,1000,20038,8206.0,185494,70,1,1,1.0,1000,8,5,false,22
725,1023,4083,1000,20042,8214.0,185507,70,1,1,1.0,1000,8,5,false,22
725,1024,4087,1000,20046,8222.0,185529,70,1,1,1.0,1000,8,5,false,22
725,1025,4091,1000,20050,8230.0,185546,70,1,1,1.0,1000,8,5,false,22
725,1026,4095,1000,20054,8238.0,185567,70,1,1,1.0,1000,8,5,false,22
725,1027,4099,1000,20058,8246.0,185588,70,1,1,1.0,1000,8,5,false,22
725,1028,4103,1000,20062,8254.0,185604,70,1,1,1.0,1000,8,5,false,22
725,1029,4107,1000,20066,8262.0,185619,70,1,1,1.0,1000,8,5,false,22
725,1030,4111,1000,20070,8270.0,185640,70,1,1,1.0,1000,8,5,false,22
725,1031,4115,1000,20074,8278.0,185653,70,1,1,1.0,1000,8,5,false,22
725,1032,4119,1000,20078,8286.0,185668,70,1,1,1.0,1000,8,5,false,22
725,1033,4123,1000,20082,8294.0,185689,70,1,1,1.0,1000,8,5,false,22
725,1034,4127,1000,20086,8302.0,185712,70,1,1,1.0,1000,8,5,false,22
725,1035,4131,1000,20090,8310.0,185729,70,1,1,1.0,1000,8,5,false,22
725,1036,4135,1000,20094,8318.0,185742,70,1,1,1.0,1000,8,5,false,22
725,1037,4139,1000,20098,8326.0,185756,70,1,1,1.0,1000,8,5,false,22
725,1038,4143,1000,20102,8334.0,185777,70,1,1,1.0,1000,8,5,false,22
725,1039,4147,1000,20106,8342.0,185796,70,1,1,1.0,1000,8,5,false,22
725,1040,4151,1000,20110,8350.0,185813,70,1,1,1.0,1000,8,5,false,22
725,1041,4155,1000,20114,8358.0,185832,70,1,1,1.0,1000,8,5,false,22
725,1042,4159,1000,20118,8366.0,185850,70,1,1,1.0,1000,8,5,false,22
725,1043,4163,1000,20122,8374.0,185862,70,1,1,1.0,1000,8,5,false,22
725,1044,4167,1000,20126,8382.0,185881,70,1,1,1.0,1000,8,5,false,22
725,1045,4171,1000,20790,8392.0,190110,70,1,1,1.0,1000,8,5,false,22
