726,1,3,4,3,6.0,0,70,0,1,0.0,1000,6,5,true,17
726,2,6,7,6,12.0,0,70,0,1,0.0,1000,6,5,true,17
726,4,12,13,12,24.0,0,70,0,1,0.0,1000,6,5,true,17
726,4,12,13,12,24.0,0,70,0,1,0.0,1000,6,5,true,17
726,5,15,16,15,30.0,0,70,0,1,0.0,1000,6,5,true,17
726,6,18,19,18,36.0,0,70,0,1,0.0,1000,6,5,true,17
726,7,21,22,21,42.0,0,70,0,1,0.0,1000,6,5,true,17
726,8,25,26,25,50.0,0,70,0,1,0.0,1000,7,5,true,17
726,9,28,29,28,56.0,0,70,0,1,0.0,1000,6,5,true,17
726,10,31,32,31,62.0,0,70,0,1,0.0,1000,6,5,true,17
726,11,34,35,34,68.0,0,70,0,1,0.0,1000,6,5,true,17
726,12,37,38,37,74.0,0,70,0,1,0.0,1000,6,5,true,17
726,13,40,41,40,80.0,0,70,0,1,0.0,1000,6,5,true,17
726,14,43,44,43,86.0,0,70,0,1,0.0,1000,6,5,true,17
726,15,46,47,46,92.0,0,70,0,1,0.0,1000,6,5,true,17
726,16,49,50,49,98.0,0,70,0,1,0.0,1000,6,5,true,17
726,17,52,52,52,102.0,0,70,0,1,0.0,1000,6,5,true,17
726,18,55,55,55,108.0,0,70,0,1,0.0,1000,6,5,true,17
726,19,58,57,58,112.0,0,70,0,1,0.0,1000,6,5,true,17
726,20,61,60,61,118.0,0,70,0,1,0.0,1000,6,5,true,17
726,21,64,62,64,122.0,0,70,0,1,0.0,1000,6,5,true,17
726,22,67,65,67,128.0,0,70,0,1,0.0,1000,6,5,true,17
726,23,70,68,70,134.0,0,70,0,1,0.0,1000,7,5,true,17
726,24,73,71,73,140.0,0,70,0,1,0.0,1000,6,5,true,17
726,25,76,142,151,149.0,1,70,0,1,0.0,1000,6,5,true,17
726,26,79,143,154,151.0,1,70,0,1,0.0,1000,6,5,true,17
726,27,82,146,157,157.0,1,70,0,1,0.0,1000,6,5,true,17
726,28,85,148,160,161.0,1,70,0,1,0.0,1000,6,5,true,17
726,29,88,149,163,163.0,1,70,0,1,0.0,1000,6,5,true,17
726,30,91,151,166,167.0,1,70,0,1,0.0,1000,6,5,true,17
726,31,94,153,169,171.0,1,70,0,1,0.0,1000,6,5,true,17
726,32,97,155,172,175.0,1,70,0,1,0.0,1000,6,5,true,17
726,33,100,158,175,181.0,1,70,0,1,0.0,1000,6,5,true,17
726,34,103,161,178,187.0,1,70,0,1,0.0,1000,6,5,true,17
726,35,106,163,181,191.0,1,70,0,1,0.0,1000,6,5,true,17
726,36,109,166,184,197.0,1,70,0,1,0.0,1000,6,5,true,17
726,37,112,169,187,203.0,1,70,0,1,0.0,1000,6,5,true,17
726,38,115,171,190,207.0,1,70,0,1,0.0,1000,6,5,true,17
726,39,118,173,193,211.0,1,70,0,1,0.0,1000,6,5,true,17
726,40,121,176,196,217.0,1,70,0,1,0.0,1000,6,5,true,17
726,41,124,177,199,219.0,1,70,0,1,0.0,1000,6,5,true,17
726,42,127,179,202,223.0,1,70,0,1,0.0,1000,6,5,true,17
726,43,130,182,205,229.0,2,70,1,1,1.0,1000,6,5,true,17
726,44,133,185,208,235.0,2,70,1,1,1.0,1000,6,5,true,17
726,45,136,187,211,239.0,2,70,1,1,1.0,1000,6,5,true,17
726,46,139,190,214,245.0,2,70,1,1,1.0,1000,6,5,true,17
726,47,142,193,217,251.0,2,70,1,1,1.0,1000,6,5,true,17
726,48,145,194,220,253.0,2,70,1,1,1.0,1000,6,5,true,17
726,49,148,196,223,257.0,2,70,1,1,1.0,1000,6,5,true,17
726,50,151,199,226,263.0,2,70,1,1,1.0,1000,6,5,true,17
726,51,154,202,229,269.0,2,70,1,1,1.0,1000,6,5,true,17
726,52,157,204,232,273.0,2,70,1,1,1.0,1000,6,5,true,17
726,53,160,206,235,277.0,2,70,1,1,1.0,1000,6,5,true,17
726,54,163,207,238,279.0,2,70,1,1,1.0,1000,6,5,true,17
726,55,166,210,241,285.0,2,70,1,1,1.0,1000,6,5,true,17
726,56,169,212,244,289.0,2,70,1,1,1.0,1000,6,5,true,17
726,57,172,214,247,293.0,2,70,1,1,1.0,1000,6,5,true,17
726,58,175,216,250,297.0,2,70,1,1,1.0,1000,6,5,true,17
726,59,178,217,253,299.0,2,70,1,1,1.0,1000,6,5,true,17
726,60,181,220,256,305.0,2,70,1,1,1.0,1000,6,5,true,17
726,61,184,222,259,309.0,2,70,1,1,1.0,1000,6,5,true,17
726,62,187,225,262,315.0,2,70,1,1,1.0,1000,6,5,true,17
726,63,190,227,265,319.0,2,70,1,1,1.0,1000,6,5,true,17
726,64,193,229,268,323.0,2,70,1,1,1.0,1000,6,5,true,17
726,65,196,232,271,329.0,2,70,1,1,1.0,1000,6,5,true,17
726,66,199,233,274,331.0,2,70,1,1,1.0,1000,6,5,true,17
726,67,203,236,278,337.0,2,70,1,1,1.0,1000,7,5,true,17
726,68,206,427,594,342.0,2,70,1,1,1.0,1000,6,5,true,17
726,69,209,427,597,342.0,2,70,1,1,1.0,1000,6,5,true,17
726,70,212,429,600,346.0,2,70,1,1,1.0,1000,6,5,true,17
726,71,215,429,603,346.0,2,70,1,1,1.0,1000,6,5,true,17
726,72,218,430,606,348.0,2,70,1,1,1.0,1000,6,5,true,17
726,73,221,432,609,352.0,2,70,1,1,1.0,1000,6,5,true,17
726,74,224,434,612,356.0,2,70,1,1,1.0,1000,6,5,true,17
726,75,227,436,615,360.0,2,70,1,1,1.0,1000,6,5,true,17
726,76,230,438,618,364.0,2,70,1,1,1.0,1000,6,5,true,17
726,77,233,438,621,364.0,2,70,1,1,1.0,1000,6,5,true,17
726,78,236,441,624,370.0,2,70,1,1,1.0,1000,6,5,true,17
726,79,239,442,627,372.0,2,70,1,1,1.0,1000,6,5,true,17
726,80,242,445,630,378.0,2,70,1,1,1.0,1000,6,5,true,17
726,81,245,447,633,382.0,2,70,1,1,1.0,1000,6,5,true,17
726,82,248,448,636,384.0,2,70,1,1,1.0,1000,6,5,true,17
726,83,251,450,639,388.0,2,70,1,1,1.0,1000,6,5,true,17
726,84,254,452,642,392.0,2,70,1,1,1.0,1000,6,5,true,17
726,85,257,453,645,394.0,2,70,1,1,1.0,1000,6,5,true,17
726,86,260,456,648,400.0,2,70,1,1,1.0,1000,6,5,true,17
726,87,263,458,651,404.0,2,70,1,1,1.0,1000,6,5,true,17
726,88,266,460,654,408.0,2,70,1,1,1.0,1000,6,5,true,17
726,89,269,461,657,410.0,2,70,1,1,1.0,1000,6,5,true,17
726,90,273,463,661,414.0,2,70,1,1,1.0,1000,6,5,true,17
726,91,276,464,664,416.0,2,70,1,1,1.0,1000,6,5,true,17
726,92,279,466,667,420.0,2,70,1,1,1.0,1000,6,5,true,17
726,93,282,468,670,424.0,2,70,1,1,1.0,1000,6,5,true,17
726,94,285,470,673,428.0,2,70,1,1,1.0,1000,6,5,true,17
726,95,288,473,676,434.0,2,70,1,1,1.0,1000,6,5,true,17
726,96,291,475,679,438.0,2,70,1,1,1.0,1000,6,5,true,17
726,97,294,477,682,442.0,2,70,1,1,1.0,1000,6,5,true,17
726,98,297,479,685,446.0,2,70,1,1,1.0,1000,6,5,true,17
726,99,300,480,688,448.0,2,70,1,1,1.0,1000,6,5,true,17
726,100,303,483,691,454.0,2,70,1,1,1.0,1000,6,5,true,17
726,101,306,485,694,458.0,2,70,1,1,1.0,1000,6,5,true,17
726,102,309,487,697,462.0,2,70,1,1,1.0,1000,6,5,true,17
726,103,312,488,700,464.0,2,70,1,1,1.0,1000,6,5,true,17
726,104,315,490,703,468.0,2,70,1,1,1.0,1000,6,5,true,17
726,105,318,492,706,472.0,2,70,1,1,1.0,1000,6,5,true,17
726,106,321,494,709,476.0,2,70,1,1,1.0,1000,6,5,true,17
726,107,324,496,712,480.0,2,70,1,1,1.0,1000,6,5,true,17
726,108,327,497,715,482.0,2,70,1,1,1.0,1000,6,5,true,17
726,109,330,499,718,486.0,2,70,1,1,1.0,1000,6,5,true,17
726,110,333,500,721,488.0,2,70,1,1,1.0,1000,6,5,true,17
726,111,336,500,724,488.0,2,70,1,1,1.0,1000,6,5,true,17
726,112,339,502,727,492.0,2,70,1,1,1.0,1000,6,5,true,17
726,113,342,504,730,496.0,2,70,1,1,1.0,1000,6,5,true,17
726,114,345,504,733,496.0,2,70,1,1,1.0,1000,6,5,true,17
726,115,348,507,736,502.0,2,70,1,1,1.0,1000,6,5,true,17
726,116,351,507,739,502.0,2,70,1,1,1.0,1000,6,5,true,17
726,117,354,509,742,506.0,2,70,1,1,1.0,1000,6,5,true,17
726,118,357,510,745,508.0,2,70,1,1,1.0,1000,6,5,true,17
726,119,360,511,748,510.0,2,70,1,1,1.0,1000,6,5,true,17
726,120,363,514,751,516.0,2,70,1,1,1.0,1000,6,5,true,17
726,121,366,514,754,516.0,2,70,1,1,1.0,1000,6,5,true,17
726,122,369,515,757,518.0,2,70,1,1,1.0,1000,6,5,true,17
726,123,372,516,760,520.0,2,70,1,1,1.0,1000,6,5,true,17
726,124,375,517,763,522.0,2,70,1,1,1.0,1000,6,5,true,17
726,125,378,518,766,524.0,2,70,1,1,1.0,1000,6,5,true,17
726,126,381,519,769,526.0,2,70,1,1,1.0,1000,6,5,true,17
726,127,384,520,772,528.0,2,70,1,1,1.0,1000,6,5,true,17
726,128,387,522,775,532.0,2,70,1,1,1.0,1000,6,5,true,17
726,129,390,523,778,534.0,2,70,1,1,1.0,1000,6,5,true,17
726,130,393,526,781,540.0,2,70,1,1,1.0,1000,6,5,true,17
726,131,396,527,784,542.0,2,70,1,1,1.0,1000,6,5,true,17
726,132,399,530,787,548.0,2,70,1,1,1.0,1000,6,5,true,17
726,133,402,531,790,550.0,2,70,1,1,1.0,1000,6,5,true,17
726,134,405,533,793,554.0,2,70,1,1,1.0,1000,6,5,true,17
726,135,408,535,796,558.0,2,70,1,1,1.0,1000,6,5,true,17
726,136,411,537,799,562.0,2,70,1,1,1.0,1000,6,5,true,17
726,137,414,539,802,566.0,2,70,1,1,1.0,1000,6,5,true,17
726,138,417,540,805,568.0,2,70,1,1,1.0,1000,6,5,true,17
726,139,420,540,808,568.0,2,70,1,1,1.0,1000,6,5,true,17
726,140,423,827,1776,572.0,2,70,1,1,1.0,1000,6,5,true,17
726,141,426,828,1779,574.0,2,70,1,1,1.0,1000,6,5,true,17
726,142,429,828,1782,574.0,2,70,1,1,1.0,1000,6,5,true,17
726,143,432,828,1785,574.0,2,70,1,1,1.0,1000,6,5,true,17
726,144,435,828,1788,574.0,2,70,1,1,1.0,1000,6,5,true,17
726,145,438,830,1791,578.0,2,70,1,1,1.0,1000,6,5,true,17
726,146,441,831,1794,580.0,2,70,1,1,1.0,1000,6,5,true,17
726,147,444,832,1797,582.0,2,70,1,1,1.0,1000,6,5,true,17
726,148,447,833,1800,584.0,2,70,1,1,1.0,1000,6,5,true,17
726,149,450,858,1969,586.0,2,70,1,1,1.0,1000,6,5,true,17
726,150,453,858,1972,586.0,2,70,1,1,1.0,1000,6,5,true,17
726,151,456,858,1975,586.0,2,70,1,1,1.0,1000,6,5,true,17
726,152,459,858,1978,586.0,2,70,1,1,1.0,1000,6,5,true,17
726,153,462,858,1981,586.0,2,70,1,1,1.0,1000,6,5,true,17
726,154,465,859,1984,588.0,2,70,1,1,1.0,1000,6,5,true,17
726,155,468,859,1987,588.0,2,70,1,1,1.0,1000,6,5,true,17
726,156,471,859,1990,588.0,2,70,1,1,1.0,1000,6,5,true,17
726,157,474,859,1993,588.0,2,70,1,1,1.0,1000,6,5,true,17
726,158,477,860,1996,590.0,2,70,1,1,1.0,1000,6,5,true,17
726,159,480,860,1999,590.0,2,70,1,1,1.0,1000,6,5,true,17
726,160,483,861,2002,592.0,2,70,1,1,1.0,1000,6,5,true,17
726,161,486,862,2005,594.0,2,70,1,1,1.0,1000,6,5,true,17
726,162,489,863,2008,596.0,2,70,1,1,1.0,1000,6,5,true,17
726,163,492,863,2011,596.0,2,70,1,1,1.0,1000,6,5,true,17
726,164,495,864,2014,598.0,2,70,1,1,1.0,1000,6,5,true,17
726,165,498,864,2017,598.0,2,70,1,1,1.0,1000,6,5,true,17
726,166,501,864,2020,598.0,2,70,1,1,1.0,1000,6,5,true,17
726,167,504,865,2023,600.0,2,70,1,1,1.0,1000,6,5,true,17
726,168,507,865,2026,600.0,2,70,1,1,1.0,1000,6,5,true,17
726,169,511,865,2030,600.0,2,70,1,1,1.0,1000,7,5,true,17
726,170,514,865,2033,600.0,2,70,1,1,1.0,1000,6,5,true,17
726,171,517,865,2036,600.0,2,70,1,1,1.0,1000,6,5,true,17
726,172,520,865,2039,600.0,2,70,1,1,1.0,1000,6,5,true,17
726,173,523,866,2042,602.0,2,70,1,1,1.0,1000,6,5,true,17
726,174,526,866,2045,602.0,2,70,1,1,1.0,1000,6,5,true,17
726,175,529,888,2193,604.0,2,70,1,1,1.0,1000,6,5,true,17
726,176,532,889,2196,606.0,2,70,1,1,1.0,1000,6,5,true,17
726,177,535,889,2199,606.0,2,70,1,1,1.0,1000,6,5,true,17
726,178,538,890,2202,608.0,2,70,1,1,1.0,1000,6,5,true,17
726,179,541,890,2205,608.0,2,70,1,1,1.0,1000,6,5,true,17
726,180,544,890,2208,608.0,2,70,1,1,1.0,1000,6,5,true,17
726,181,547,890,2211,608.0,2,70,1,1,1.0,1000,6,5,true,17
726,182,550,890,2214,608.0,2,70,1,1,1.0,1000,6,5,true,17
726,183,553,892,2217,612.0,2,70,1,1,1.0,1000,6,5,true,17
726,184,556,893,2220,614.0,2,70,1,1,1.0,1000,6,5,true,17
726,185,559,893,2223,614.0,2,70,1,1,1.0,1000,6,5,true,17
726,186,562,893,2226,614.0,2,70,1,1,1.0,1000,6,5,true,17
726,187,565,894,2229,616.0,2,70,1,1,1.0,1000,6,5,true,17
726,188,568,896,2232,620.0,2,70,1,1,1.0,1000,6,5,true,17
726,189,571,897,2235,622.0,2,70,1,1,1.0,1000,6,5,true,17
726,190,574,897,2238,622.0,2,70,1,1,1.0,1000,6,5,true,17
726,191,577,897,2241,622.0,2,70,1,1,1.0,1000,6,5,true,17
726,192,580,910,2378,624.0,2,70,1,1,1.0,1000,6,5,true,17
726,193,583,910,2381,624.0,2,70,1,1,1.0,1000,6,5,true,17
726,194,586,910,2384,624.0,2,70,1,1,1.0,1000,6,5,true,17
726,195,589,910,2387,624.0,2,70,1,1,1.0,1000,6,5,true,17
726,196,592,910,2390,624.0,2,70,1,1,1.0,1000,6,5,true,17
726,197,595,910,2393,624.0,2,70,1,1,1.0,1000,6,5,true,17
726,198,598,910,2396,624.0,2,70,1,1,1.0,1000,6,5,true,17
726,199,601,911,2399,626.0,2,70,1,1,1.0,1000,6,5,true,17
726,200,604,911,2402,626.0,2,70,1,1,1.0,1000,6,5,true,17
726,201,607,911,2405,626.0,2,70,1,1,1.0,1000,6,5,true,17
726,202,610,912,2408,628.0,2,70,1,1,1.0,1000,6,5,true,17
726,203,613,912,2411,628.0,2,70,1,1,1.0,1000,6,5,true,17
726,204,616,913,2414,630.0,2,70,1,1,1.0,1000,6,5,true,17
726,205,619,913,2417,630.0,2,70,1,1,1.0,1000,6,5,true,17
726,206,622,913,2420,630.0,2,70,1,1,1.0,1000,6,5,true,17
726,207,625,914,2423,632.0,2,70,1,1,1.0,1000,6,5,true,17
726,208,628,914,2426,632.0,2,70,1,1,1.0,1000,6,5,true,17
726,209,631,914,2429,632.0,2,70,1,1,1.0,1000,6,5,true,17
726,210,634,914,2432,632.0,2,70,1,1,1.0,1000,6,5,true,17
726,211,637,914,2435,632.0,2,70,1,1,1.0,1000,6,5,true,17
726,212,640,914,2438,632.0,2,70,1,1,1.0,1000,6,5,true,17
726,213,643,914,2441,632.0,2,70,1,1,1.0,1000,6,5,true,17
726,214,646,914,2444,632.0,2,70,1,1,1.0,1000,6,5,true,17
726,215,649,914,2447,632.0,2,70,1,1,1.0,1000,6,5,true,17
726,216,652,914,2450,632.0,2,70,1,1,1.0,1000,6,5,true,17
726,217,655,914,2453,632.0,2,70,1,1,1.0,1000,6,5,true,17
726,218,658,915,2456,634.0,2,70,1,1,1.0,1000,6,5,true,17
726,220,664,917,2462,638.0,2,70,1,1,1.0,1000,6,5,true,17
726,220,664,917,2462,638.0,2,70,1,1,1.0,1000,6,5,true,17
726,221,667,917,2465,638.0,2,70,1,1,1.0,1000,6,5,true,17
726,222,670,917,2468,638.0,2,70,1,1,1.0,1000,6,5,true,17
726,223,673,917,2471,638.0,2,70,1,1,1.0,1000,6,5,true,17
726,224,676,917,2474,638.0,2,70,1,1,1.0,1000,6,5,true,17
726,225,679,918,2477,640.0,2,70,1,1,1.0,1000,6,5,true,17
726,226,682,919,2480,642.0,2,70,1,1,1.0,1000,6,5,true,17
726,227,685,920,2483,644.0,2,70,1,1,1.0,1000,6,5,true,17
726,228,688,921,2486,646.0,2,70,1,1,1.0,1000,6,5,true,17
726,229,691,921,2489,646.0,2,70,1,1,1.0,1000,6,5,true,17
726,230,694,921,2492,646.0,2,70,1,1,1.0,1000,6,5,true,17
726,231,697,922,2495,648.0,2,70,1,1,1.0,1000,6,5,true,17
726,232,700,922,2498,648.0,2,70,1,1,1.0,1000,6,5,true,17
726,233,703,922,2501,648.0,2,70,1,1,1.0,1000,6,5,true,17
726,234,706,922,2504,648.0,2,70,1,1,1.0,1000,6,5,true,17
726,235,709,923,2507,650.0,2,70,1,1,1.0,1000,6,5,true,17
726,236,712,923,2510,650.0,2,70,1,1,1.0,1000,6,5,true,17
726,237,715,924,2513,652.0,2,70,1,1,1.0,1000,6,5,true,17
726,238,718,924,2516,652.0,2,70,1,1,1.0,1000,6,5,true,17
726,239,721,924,2519,652.0,2,70,1,1,1.0,1000,6,5,true,17
726,240,724,924,2522,652.0,2,70,1,1,1.0,1000,6,5,true,17
726,241,727,925,2525,654.0,2,70,1,1,1.0,1000,6,5,true,17
726,242,730,926,2528,656.0,2,70,1,1,1.0,1000,6,5,true,17
726,243,733,926,2531,656.0,2,70,1,1,1.0,1000,6,5,true,17
726,244,736,926,2534,656.0,2,70,1,1,1.0,1000,6,5,true,17
726,245,739,926,2537,656.0,2,70,1,1,1.0,1000,6,5,true,17
726,246,742,926,2540,656.0,2,70,1,1,1.0,1000,6,5,true,17
726,247,745,926,2543,656.0,2,70,1,1,1.0,1000,6,5,true,17
726,248,748,927,2546,658.0,2,70,1,1,1.0,1000,6,5,true,17
726,249,751,953,3034,660.0,2,70,1,1,1.0,1000,6,5,true,17
726,250,754,953,3037,660.0,2,70,1,1,1.0,1000,6,5,true,17
726,251,757,953,3040,660.0,2,70,1,1,1.0,1000,6,5,true,17
726,252,760,953,3043,660.0,2,70,1,1,1.0,1000,6,5,true,17
726,253,763,953,3046,660.0,2,70,1,1,1.0,1000,6,5,true,17
726,254,766,953,3049,660.0,2,70,1,1,1.0,1000,6,5,true,17
726,255,769,954,3052,662.0,2,70,1,1,1.0,1000,6,5,true,17
726,256,772,954,3055,662.0,2,70,1,1,1.0,1000,6,5,true,17
726,257,775,954,3058,662.0,2,70,1,1,1.0,1000,6,5,true,17
726,258,778,955,3061,664.0,2,70,1,1,1.0,1000,6,5,true,17
726,259,781,956,3064,666.0,2,70,1,1,1.0,1000,6,5,true,17
726,260,784,956,3067,666.0,2,70,1,1,1.0,1000,6,5,true,17
726,261,787,956,3070,666.0,2,70,1,1,1.0,1000,6,5,true,17
726,262,790,956,3073,666.0,2,70,1,1,1.0,1000,6,5,true,17
726,263,793,956,3076,666.0,2,70,1,1,1.0,1000,6,5,true,17
726,264,796,956,3079,666.0,2,70,1,1,1.0,1000,6,5,true,17
726,265,799,956,3082,666.0,2,70,1,1,1.0,1000,6,5,true,17
726,266,802,956,3085,666.0,2,70,1,1,1.0,1000,6,5,true,17
726,267,805,956,3088,666.0,2,70,1,1,1.0,1000,6,5,true,17
726,269,811,956,3094,666.0,2,70,1,1,1.0,1000,6,5,true,17
726,269,811,956,3094,666.0,2,70,1,1,1.0,1000,6,5,true,17
726,270,814,956,3097,666.0,2,70,1,1,1.0,1000,6,5,true,17
726,271,817,956,3100,666.0,2,70,1,1,1.0,1000,6,5,true,17
726,272,820,956,3103,666.0,2,70,1,1,1.0,1000,6,5,true,17
726,273,823,956,3106,666.0,2,70,1,1,1.0,1000,6,5,true,17
726,274,826,956,3109,666.0,2,70,1,1,1.0,1000,6,5,true,17
726,275,829,956,3112,666.0,2,70,1,1,1.0,1000,6,5,true,17
726,276,832,957,3115,668.0,2,70,1,1,1.0,1000,6,5,true,17
726,277,835,957,3118,668.0,2,70,1,1,1.0,1000,6,5,true,17
726,278,838,957,3121,668.0,2,70,1,1,1.0,1000,6,5,true,17
726,279,841,957,3124,668.0,2,70,1,1,1.0,1000,6,5,true,17
726,280,844,957,3127,668.0,2,70,1,1,1.0,1000,6,5,true,17
726,281,847,957,3130,668.0,2,70,1,1,1.0,1000,6,5,true,17
726,282,850,957,3133,668.0,2,70,1,1,1.0,1000,6,5,true,17
726,283,853,958,3136,670.0,2,70,1,1,1.0,1000,6,5,true,17
726,284,856,960,3139,674.0,2,70,1,1,1.0,1000,6,5,true,17
726,285,859,973,3578,676.0,2,70,1,1,1.0,1000,6,5,true,17
726,286,863,973,3582,676.0,2,70,1,1,1.0,1000,7,5,true,17
726,287,866,973,3585,676.0,2,70,1,1,1.0,1000,6,5,true,17
726,288,869,973,3588,676.0,2,70,1,1,1.0,1000,6,5,true,17
726,289,872,973,3591,676.0,2,70,1,1,1.0,1000,6,5,true,17
726,290,875,973,3594,676.0,2,70,1,1,1.0,1000,6,5,true,17
726,291,878,974,3597,678.0,2,70,1,1,1.0,1000,6,5,true,17
726,292,881,974,3600,678.0,2,70,1,1,1.0,1000,6,5,true,17
726,293,884,974,3603,678.0,2,70,1,1,1.0,1000,6,5,true,17
726,295,890,974,3609,678.0,2,70,1,1,1.0,1000,6,5,true,17
726,295,890,974,3609,678.0,2,70,1,1,1.0,1000,6,5,true,17
726,296,893,974,3612,678.0,2,70,1,1,1.0,1000,6,5,true,17
726,297,896,974,3615,678.0,2,70,1,1,1.0,1000,6,5,true,17
726,298,899,974,3618,678.0,2,70,1,1,1.0,1000,6,5,true,17
726,299,902,974,3621,678.0,2,70,1,1,1.0,1000,6,5,true,17
726,300,905,974,3624,678.0,2,70,1,1,1.0,1000,6,5,true,17
726,301,908,974,3627,678.0,2,70,1,1,1.0,1000,6,5,true,17
726,302,911,974,3630,678.0,2,70,1,1,1.0,1000,6,5,true,17
726,303,914,974,3633,678.0,2,70,1,1,1.0,1000,6,5,true,17
726,304,917,975,3636,680.0,2,70,1,1,1.0,1000,6,5,true,17
726,305,920,975,3639,680.0,2,70,1,1,1.0,1000,6,5,true,17
726,306,923,975,3642,680.0,2,70,1,1,1.0,1000,6,5,true,17
726,307,926,975,3645,680.0,2,70,1,1,1.0,1000,6,5,true,17
726,308,929,975,3648,680.0,2,70,1,1,1.0,1000,6,5,true,17
726,309,932,987,4230,682.0,2,70,1,1,1.0,1000,6,5,true,17
726,310,935,987,4233,682.0,2,70,1,1,1.0,1000,6,5,true,17
726,311,938,987,4236,682.0,2,70,1,1,1.0,1000,6,5,true,17
726,312,941,987,4239,682.0,2,70,1,1,1.0,1000,6,5,true,17
726,313,944,987,4242,682.0,2,70,1,1,1.0,1000,6,5,true,17
726,314,947,987,4245,682.0,2,70,1,1,1.0,1000,6,5,true,17
726,315,950,987,4248,682.0,2,70,1,1,1.0,1000,6,5,true,17
726,316,953,987,4251,682.0,2,70,1,1,1.0,1000,6,5,true,17
726,317,956,987,4254,682.0,2,70,1,1,1.0,1000,6,5,true,17
726,318,959,987,4257,682.0,2,70,1,1,1.0,1000,6,5,true,17
726,319,962,987,4260,682.0,2,70,1,1,1.0,1000,6,5,true,17
726,320,965,987,4263,682.0,2,70,1,1,1.0,1000,6,5,true,17
726,321,968,987,4266,682.0,2,70,1,1,1.0,1000,6,5,true,17
726,322,971,987,4269,682.0,2,70,1,1,1.0,1000,6,5,true,17
726,323,974,987,4272,682.0,2,70,1,1,1.0,1000,6,5,true,17
726,324,977,987,4275,682.0,2,70,1,1,1.0,1000,6,5,true,17
726,325,979,987,4277,682.0,2,70,1,1,1.0,1000,6,5,true,17
726,326,982,987,4280,682.0,2,70,1,1,1.0,1000,6,5,true,17
726,327,986,987,4284,682.0,2,70,1,1,1.0,1000,7,5,true,17
726,328,989,987,4287,682.0,2,70,1,1,1.0,1000,6,5,true,17
726,329,992,987,4290,682.0,2,70,1,1,1.0,1000,6,5,true,17
726,330,995,987,4293,682.0,2,70,1,1,1.0,1000,6,5,true,17
726,331,998,987,4296,682.0,2,70,1,1,1.0,1000,6,5,true,17
726,332,1001,987,4299,682.0,2,70,1,1,1.0,1000,6,5,true,17
726,333,1004,988,4302,684.0,2,70,1,1,1.0,1000,6,5,true,17
726,334,1007,988,4305,684.0,2,70,1,1,1.0,1000,6,5,true,17
726,335,1010,988,4308,684.0,2,70,1,1,1.0,1000,6,5,true,17
726,336,1013,988,4311,684.0,2,70,1,1,1.0,1000,6,5,true,17
726,337,1016,988,4314,684.0,2,70,1,1,1.0,1000,6,5,true,17
726,338,1019,988,4317,684.0,2,70,1,1,1.0,1000,6,5,true,17
726,339,1022,988,4320,684.0,2,70,1,1,1.0,1000,6,5,true,17
726,340,1025,988,4323,684.0,2,70,1,1,1.0,1000,6,5,true,17
726,341,1028,988,4326,684.0,2,70,1,1,1.0,1000,6,5,true,17
726,342,1031,988,4329,684.0,2,70,1,1,1.0,1000,6,5,true,17
726,343,1034,988,4332,684.0,2,70,1,1,1.0,1000,6,5,true,17
726,344,1037,988,4335,684.0,2,70,1,1,1.0,1000,6,5,true,17
726,345,1040,988,4338,684.0,2,70,1,1,1.0,1000,6,5,true,17
726,346,1043,988,4341,684.0,2,70,1,1,1.0,1000,6,5,true,17
726,347,1046,988,4344,684.0,2,70,1,1,1.0,1000,6,5,true,17
726,348,1049,988,4347,684.0,2,70,1,1,1.0,1000,6,5,true,17
726,350,1056,989,4354,686.0,2,70,1,1,1.0,1000,6,5,true,17
726,350,1056,989,4354,686.0,2,70,1,1,1.0,1000,6,5,true,17
726,351,1059,989,4357,686.0,2,70,1,1,1.0,1000,6,5,true,17
726,352,1062,989,4360,686.0,2,70,1,1,1.0,1000,6,5,true,17
726,353,1065,989,4363,686.0,2,70,1,1,1.0,1000,6,5,true,17
726,354,1068,989,4366,686.0,2,70,1,1,1.0,1000,6,5,true,17
726,355,1071,989,4369,686.0,2,70,1,1,1.0,1000,6,5,true,17
726,356,1074,989,4372,686.0,2,70,1,1,1.0,1000,6,5,true,17
726,357,1077,989,4375,686.0,2,70,1,1,1.0,1000,6,5,true,17
726,358,1080,989,4378,686.0,2,70,1,1,1.0,1000,6,5,true,17
726,359,1083,989,4381,686.0,2,70,1,1,1.0,1000,6,5,true,17
726,360,1086,989,4384,686.0,2,70,1,1,1.0,1000,6,5,true,17
726,361,1089,989,4387,686.0,2,70,1,1,1.0,1000,6,5,true,17
726,362,1091,989,4389,686.0,2,70,1,1,1.0,1000,6,5,true,17
726,363,1094,989,4392,686.0,2,70,1,1,1.0,1000,6,5,true,17
726,364,1097,989,4395,686.0,2,70,1,1,1.0,1000,6,5,true,17
726,365,1100,989,4398,686.0,2,70,1,1,1.0,1000,6,5,true,17
726,366,1103,989,4401,686.0,2,70,1,1,1.0,1000,6,5,true,17
726,367,1106,989,4404,686.0,2,70,1,1,1.0,1000,6,5,true,17
726,368,1109,989,4407,686.0,2,70,1,1,1.0,1000,6,5,true,17
726,369,1112,989,4410,686.0,2,70,1,1,1.0,1000,6,5,true,17
726,370,1115,989,4413,686.0,2,70,1,1,1.0,1000,6,5,true,17
726,371,1118,989,4416,686.0,2,70,1,1,1.0,1000,6,5,true,17
726,372,1121,989,4419,686.0,2,70,1,1,1.0,1000,6,5,true,17
726,373,1124,989,4422,686.0,2,70,1,1,1.0,1000,6,5,true,17
726,374,1127,989,4425,686.0,2,70,1,1,1.0,1000,6,5,true,17
726,375,1130,990,4428,688.0,2,70,1,1,1.0,1000,6,5,true,17
726,376,1133,990,4431,688.0,2,70,1,1,1.0,1000,6,5,true,17
726,377,1136,990,4434,688.0,2,70,1,1,1.0,1000,6,5,true,17
726,378,1139,990,4437,688.0,2,70,1,1,1.0,1000,6,5,true,17
726,379,1142,990,4440,688.0,2,70,1,1,1.0,1000,6,5,true,17
726,380,1145,990,4443,688.0,2,70,1,1,1.0,1000,6,5,true,17
726,381,1148,990,4446,688.0,2,70,1,1,1.0,1000,6,5,true,17
726,382,1151,990,4449,688.0,2,70,1,1,1.0,1000,6,5,true,17
726,383,1154,990,4452,688.0,2,70,1,1,1.0,1000,6,5,true,17
726,384,1157,990,4455,688.0,2,70,1,1,1.0,1000,6,5,true,17
726,385,1160,990,4458,688.0,2,70,1,1,1.0,1000,6,5,true,17
726,386,1163,991,4461,690.0,2,70,1,1,1.0,1000,6,5,true,17
726,387,1167,991,4465,690.0,2,70,1,1,1.0,1000,6,5,true,17
726,388,1170,991,4468,690.0,2,70,1,1,1.0,1000,6,5,true,17
726,389,1173,991,4471,690.0,2,70,1,1,1.0,1000,6,5,true,17
726,390,1176,991,4474,690.0,2,70,1,1,1.0,1000,6,5,true,17
726,391,1179,991,4477,690.0,2,70,1,1,1.0,1000,6,5,true,17
726,392,1182,991,4480,690.0,2,70,1,1,1.0,1000,6,5,true,17
726,393,1185,991,4483,690.0,2,70,1,1,1.0,1000,6,5,true,17
726,394,1189,991,4487,690.0,2,70,1,1,1.0,1000,7,5,true,17
726,395,1192,991,4490,690.0,2,70,1,1,1.0,1000,6,5,true,17
726,396,1195,992,4493,692.0,2,70,1,1,1.0,1000,6,5,true,17
726,397,1198,992,4496,692.0,2,70,1,1,1.0,1000,6,5,true,17
726,398,1201,992,4499,692.0,2,70,1,1,1.0,1000,6,5,true,17
726,399,1204,992,4502,692.0,2,70,1,1,1.0,1000,6,5,true,17
726,400,1207,995,5221,694.0,2,70,1,1,1.0,1000,6,5,true,17
726,401,1210,995,5224,694.0,2,70,1,1,1.0,1000,6,5,true,17
726,402,1213,995,5227,694.0,2,70,1,1,1.0,1000,6,5,true,17
726,403,1216,995,5230,694.0,2,70,1,1,1.0,1000,6,5,true,17
726,404,1219,995,5233,694.0,2,70,1,1,1.0,1000,6,5,true,17
726,405,1222,995,5236,694.0,2,70,1,1,1.0,1000,6,5,true,17
726,406,1225,995,5239,694.0,2,70,1,1,1.0,1000,6,5,true,17
726,407,1228,995,5242,694.0,2,70,1,1,1.0,1000,6,5,true,17
726,408,1231,995,5245,694.0,2,70,1,1,1.0,1000,6,5,true,17
726,409,1234,995,5248,694.0,2,70,1,1,1.0,1000,6,5,true,17
726,410,1238,995,5252,694.0,2,70,1,1,1.0,1000,6,5,true,17
726,411,1241,995,5255,694.0,2,70,1,1,1.0,1000,6,5,true,17
726,412,1244,995,5258,694.0,2,70,1,1,1.0,1000,6,5,true,17
726,413,1247,995,5261,694.0,2,70,1,1,1.0,1000,6,5,true,17
726,414,1250,995,5264,694.0,2,70,1,1,1.0,1000,6,5,true,17
726,415,1253,995,5267,694.0,2,70,1,1,1.0,1000,6,5,true,17
726,416,1256,995,5270,694.0,2,70,1,1,1.0,1000,6,5,true,17
726,417,1259,995,5273,694.0,2,70,1,1,1.0,1000,6,5,true,17
726,418,1262,995,5276,694.0,2,70,1,1,1.0,1000,6,5,true,17
726,419,1265,995,5279,694.0,2,70,1,1,1.0,1000,6,5,true,17
726,420,1268,995,5282,694.0,2,70,1,1,1.0,1000,6,5,true,17
726,421,1271,995,5285,694.0,2,70,1,1,1.0,1000,6,5,true,17
726,422,1274,995,5288,694.0,2,70,1,1,1.0,1000,6,5,true,17
726,423,1277,995,5291,694.0,2,70,1,1,1.0,1000,7,5,true,17
726,424,1280,995,5294,694.0,2,70,1,1,1.0,1000,6,5,true,17
726,425,1283,995,5297,694.0,2,70,1,1,1.0,1000,6,5,true,17
726,426,1286,995,5300,694.0,2,70,1,1,1.0,1000,6,5,true,17
726,427,1289,995,5303,694.0,2,70,1,1,1.0,1000,6,5,true,17
726,428,1292,1000,6166,696.0,2,70,1,1,1.0,1000,6,5,true,17
726,429,1294,1000,6168,696.0,2,70,1,1,1.0,1000,6,5,true,17
726,430,1298,1000,6172,696.0,2,70,1,1,1.0,1000,6,5,true,17
726,432,1304,1000,6178,696.0,2,70,1,1,1.0,1000,6,5,true,17
726,432,1304,1000,6178,696.0,2,70,1,1,1.0,1000,6,5,true,17
726,433,1307,1000,6181,696.0,2,70,1,1,1.0,1000,6,5,true,17
726,434,1310,1000,6184,696.0,2,70,1,1,1.0,1000,6,5,true,17
726,435,1313,1000,6187,696.0,2,70,1,1,1.0,1000,6,5,true,17
726,436,1316,1000,6190,696.0,2,70,1,1,1.0,1000,6,5,true,17
726,437,1319,1000,6193,696.0,2,70,1,1,1.0,1000,6,5,true,17
726,439,1325,1000,6199,696.0,2,70,1,1,1.0,1000,6,5,true,17
726,439,1325,1000,6199,696.0,2,70,1,1,1.0,1000,6,5,true,17
726,440,1328,1000,6202,696.0,2,70,1,1,1.0,1000,6,5,true,17
726,441,1331,1000,6205,696.0,2,70,1,1,1.0,1000,6,5,true,17
726,442,1334,1000,6208,696.0,2,70,1,1,1.0,1000,6,5,true,17
726,443,1337,1000,6211,696.0,2,70,1,1,1.0,1000,6,5,true,17
726,444,1340,1000,6214,696.0,2,70,1,1,1.0,1000,6,5,true,17
726,445,1343,1000,6217,696.0,2,70,1,1,1.0,1000,6,5,true,17
726,446,1346,1000,6220,696.0,2,70,1,1,1.0,1000,6,5,true,17
726,447,1349,1000,6223,696.0,2,70,1,1,1.0,1000,6,5,true,17
726,448,1352,1000,6226,696.0,2,70,1,1,1.0,1000,6,5,true,17
726,449,1355,1000,6229,696.0,2,70,1,1,1.0,1000,6,5,true,17
726,450,1358,1000,6232,696.0,2,70,1,1,1.0,1000,6,5,true,17
726,451,1361,1000,6235,696.0,2,70,1,1,1.0,1000,6,5,true,17
726,452,1364,1000,6238,696.0,2,70,1,1,1.0,1000,6,5,true,17
726,453,1367,1000,6241,696.0,2,70,1,1,1.0,1000,6,5,true,17
726,454,1371,1000,6245,696.0,2,70,1,1,1.0,1000,7,5,true,17
726,455,1374,1000,6248,696.0,2,70,1,1,1.0,1000,6,5,true,17
726,456,1377,1000,6251,696.0,2,70,1,1,1.0,1000,6,5,true,17
726,457,1380,1000,6254,696.0,2,70,1,1,1.0,1000,6,5,true,17
726,458,1383,1000,6257,696.0,2,70,1,1,1.0,1000,6,5,true,17
726,459,1386,1000,6260,696.0,2,70,1,1,1.0,1000,6,5,true,17
726,460,1389,1000,6263,696.0,2,70,1,1,1.0,1000,6,5,true,17
726,461,1392,1000,6266,696.0,2,70,1,1,1.0,1000,6,5,true,17
726,462,1395,1000,6269,696.0,2,70,1,1,1.0,1000,6,5,true,17
726,463,1398,1000,6272,696.0,2,70,1,1,1.0,1000,6,5,true,17
726,464,1401,1000,6275,696.0,2,70,1,1,1.0,1000,6,5,true,17
726,465,1405,1000,6279,696.0,2,70,1,1,1.0,1000,6,5,true,17
726,466,1408,1000,6282,696.0,2,70,1,1,1.0,1000,6,5,true,17
726,467,1411,1000,6285,696.0,2,70,1,1,1.0,1000,6,5,true,17
726,468,1414,1000,6288,696.0,2,70,1,1,1.0,1000,6,5,true,17
726,469,1417,1000,6291,696.0,2,70,1,1,1.0,1000,6,5,true,17
726,470,1420,1000,6294,696.0,2,70,1,1,1.0,1000,6,5,true,17
726,471,1423,1000,6297,696.0,2,70,1,1,1.0,1000,6,5,true,17
726,472,1426,1000,6300,696.0,2,70,1,1,1.0,1000,6,5,true,17
726,473,1429,1000,6303,696.0,2,70,1,1,1.0,1000,6,5,true,17
726,474,1432,1000,6306,696.0,2,70,1,1,1.0,1000,6,5,true,17
726,475,1435,1000,6309,696.0,2,70,1,1,1.0,1000,6,5,true,17
726,476,1438,1000,6312,696.0,2,70,1,1,1.0,1000,6,5,true,17
726,477,1441,1000,6315,696.0,2,70,1,1,1.0,1000,6,5,true,17
726,478,1444,1000,6318,696.0,2,70,1,1,1.0,1000,6,5,true,17
726,479,1447,1000,6321,696.0,2,70,1,1,1.0,1000,6,5,true,17
726,480,1450,1000,6324,696.0,2,70,1,1,1.0,1000,6,5,true,17
726,481,1453,1000,6327,696.0,2,70,1,1,1.0,1000,6,5,true,17
726,482,1456,1000,6330,696.0,2,70,1,1,1.0,1000,6,5,true,17
726,483,1459,1000,6333,696.0,2,70,1,1,1.0,1000,6,5,true,17
726,484,1462,1000,6336,696.0,2,70,1,1,1.0,1000,6,5,true,17
726,485,1465,1000,6339,696.0,2,70,1,1,1.0,1000,6,5,true,17
726,486,1468,1000,6342,696.0,2,70,1,1,1.0,1000,6,5,true,17
726,487,1471,1000,6345,696.0,2,70,1,1,1.0,1000,6,5,true,17
726,488,1474,1000,6348,696.0,2,70,1,1,1.0,1000,6,5,true,17
726,489,1477,1000,6351,696.0,2,70,1,1,1.0,1000,6,5,true,17
726,490,1480,1000,6354,696.0,2,70,1,1,1.0,1000,6,5,true,17
726,491,1483,1000,6357,696.0,2,70,1,1,1.0,1000,6,5,true,17
726,492,1486,1000,6360,696.0,2,70,1,1,1.0,1000,6,5,true,17
726,493,1489,1000,6363,696.0,2,70,1,1,1.0,1000,6,5,true,17
726,494,1492,1000,6366,696.0,2,70,1,1,1.0,1000,7,5,true,17
726,495,1495,1000,6369,696.0,2,70,1,1,1.0,1000,6,5,true,17
726,496,1498,1000,6372,696.0,2,70,1,1,1.0,1000,6,5,true,17
726,497,1501,1000,6909,698.0,2,70,1,1,1.0,1000,6,5,true,17
726,498,1504,1000,6912,698.0,2,70,1,1,1.0,1000,6,5,true,17
726,499,1507,1000,6915,698.0,2,70,1,1,1.0,1000,6,5,true,17
726,500,1510,1000,6918,698.0,2,70,1,1,1.0,1000,6,5,true,17
726,501,1513,1000,6921,698.0,2,70,1,1,1.0,1000,6,5,true,17
726,502,1516,1000,6924,698.0,2,70,1,1,1.0,1000,6,5,true,17
726,503,1519,1000,6927,698.0,2,70,1,1,1.0,1000,6,5,true,17
726,504,1522,1000,6930,698.0,2,70,1,1,1.0,1000,6,5,true,17
726,505,1525,1000,6933,698.0,2,70,1,1,1.0,1000,6,5,true,17
726,506,1528,1000,6936,698.0,2,70,1,1,1.0,1000,6,5,true,17
726,507,1531,1000,6939,698.0,2,70,1,1,1.0,1000,6,5,true,17
726,508,1534,1000,6942,698.0,2,70,1,1,1.0,1000,6,5,true,17
726,509,1537,1000,6945,698.0,2,70,1,1,1.0,1000,6,5,true,17
726,510,1540,1000,6948,698.0,2,70,1,1,1.0,1000,6,5,true,17
726,511,1543,1000,6951,698.0,2,70,1,1,1.0,1000,6,5,true,17
726,512,1546,1000,6954,698.0,2,70,1,1,1.0,1000,6,5,true,17
726,513,1549,1000,6957,698.0,2,70,1,1,1.0,1000,6,5,true,17
726,514,1552,1000,6960,698.0,2,70,1,1,1.0,1000,6,5,true,17
726,515,1555,1000,6963,698.0,2,70,1,1,1.0,1000,6,5,true,17
726,516,1558,1000,6966,698.0,2,70,1,1,1.0,1000,6,5,true,17
726,517,1561,1000,6969,698.0,2,70,1,1,1.0,1000,6,5,true,17
726,518,1564,1000,6972,698.0,2,70,1,1,1.0,1000,6,5,true,17
726,519,1567,1000,6975,698.0,2,70,1,1,1.0,1000,6,5,true,17
726,520,1570,1000,6978,698.0,2,70,1,1,1.0,1000,6,5,true,17
726,521,1573,1000,6981,698.0,2,70,1,1,1.0,1000,6,5,true,17
726,522,1576,1000,6984,698.0,2,70,1,1,1.0,1000,6,5,true,17
726,523,1579,1000,6987,698.0,2,70,1,1,1.0,1000,6,5,true,17
726,524,1582,1000,6990,698.0,2,70,1,1,1.0,1000,6,5,true,17
726,525,1586,1000,6994,698.0,2,70,1,1,1.0,1000,6,5,true,17
726,526,1589,1000,6997,698.0,2,70,1,1,1.0,1000,6,5,true,17
726,527,1592,1000,7000,698.0,2,70,1,1,1.0,1000,6,5,true,17
726,528,1595,1000,7003,698.0,2,70,1,1,1.0,1000,6,5,true,17
726,529,1598,1000,7006,698.0,2,70,1,1,1.0,1000,6,5,true,17
726,530,1601,1000,7009,698.0,2,70,1,1,1.0,1000,6,5,true,17
726,531,1604,1000,7012,698.0,2,70,1,1,1.0,1000,6,5,true,17
726,532,1607,1000,7015,698.0,2,70,1,1,1.0,1000,6,5,true,17
726,533,1611,1000,7586,700.0,2,70,1,1,1.0,1000,6,5,true,17
726,534,1614,1000,7589,700.0,2,70,1,1,1.0,1000,6,5,true,17
726,535,1617,1000,7592,700.0,2,70,1,1,1.0,1000,6,5,true,17
726,536,1620,1000,7595,700.0,2,70,1,1,1.0,1000,6,5,true,17
726,537,1623,1000,7598,700.0,2,70,1,1,1.0,1000,6,5,true,17
726,538,1626,1000,7601,700.0,2,70,1,1,1.0,1000,6,5,true,17
726,539,1629,1000,7604,700.0,2,70,1,1,1.0,1000,6,5,true,17
726,540,1632,1000,7607,700.0,2,70,1,1,1.0,1000,6,5,true,17
726,541,1634,1000,7609,700.0,2,70,1,1,1.0,1000,6,5,true,17
726,542,1637,1000,7612,700.0,2,70,1,1,1.0,1000,6,5,true,17
726,543,1640,1000,7615,700.0,2,70,1,1,1.0,1000,6,5,true,17
726,544,1643,1000,7618,700.0,2,70,1,1,1.0,1000,6,5,true,17
726,545,1646,1000,7621,700.0,2,70,1,1,1.0,1000,6,5,true,17
726,546,1649,1000,7624,700.0,2,70,1,1,1.0,1000,6,5,true,17
726,547,1652,1000,7627,700.0,2,70,1,1,1.0,1000,6,5,true,17
726,548,1655,1000,7630,700.0,2,70,1,1,1.0,1000,6,5,true,17
726,549,1658,1000,7633,700.0,2,70,1,1,1.0,1000,6,5,true,17
726,550,1661,1000,7636,700.0,2,70,1,1,1.0,1000,6,5,true,17
726,551,1664,1000,7639,700.0,2,70,1,1,1.0,1000,6,5,true,17
726,552,1667,1000,7642,700.0,2,70,1,1,1.0,1000,6,5,true,17
726,553,1670,1000,7645,700.0,2,70,1,1,1.0,1000,6,5,true,17
726,554,1673,1000,7648,700.0,2,70,1,1,1.0,1000,6,5,true,17
726,555,1676,1000,7651,700.0,2,70,1,1,1.0,1000,6,5,true,17
726,556,1679,1000,7654,700.0,2,70,1,1,1.0,1000,6,5,true,17
726,557,1682,1000,7657,700.0,2,70,1,1,1.0,1000,6,5,true,17
726,558,1685,1000,7660,700.0,2,70,1,1,1.0,1000,6,5,true,17
726,559,1688,1000,7663,700.0,2,70,1,1,1.0,1000,6,5,true,17
726,560,1691,1000,7666,700.0,2,70,1,1,1.0,1000,6,5,true,17
726,561,1694,1000,7669,700.0,2,70,1,1,1.0,1000,6,5,true,17
726,562,1697,1000,7672,700.0,2,70,1,1,1.0,1000,6,5,true,17
726,563,1700,1000,7675,700.0,2,70,1,1,1.0,1000,6,5,true,17
726,564,1703,1000,7678,700.0,2,70,1,1,1.0,1000,6,5,true,17
726,565,1706,1000,7681,700.0,2,70,1,1,1.0,1000,6,5,true,17
726,566,1709,1000,7684,700.0,2,70,1,1,1.0,1000,6,5,true,17
726,567,1712,1000,7687,700.0,2,70,1,1,1.0,1000,6,5,true,17
726,568,1715,1000,7690,700.0,2,70,1,1,1.0,1000,6,5,true,17
726,569,1718,1000,7693,700.0,2,70,1,1,1.0,1000,6,5,true,17
726,570,1721,1000,7696,700.0,2,70,1,1,1.0,1000,6,5,true,17
726,571,1724,1000,7699,700.0,2,70,1,1,1.0,1000,6,5,true,17
726,572,1727,1000,7702,700.0,2,70,1,1,1.0,1000,6,5,true,17
726,573,1730,1000,7705,700.0,2,70,1,1,1.0,1000,6,5,true,17
726,574,1733,1000,7708,700.0,2,70,1,1,1.0,1000,6,5,true,17
726,575,1736,1000,7711,700.0,2,70,1,1,1.0,1000,6,5,true,17
726,576,1739,1000,7714,700.0,2,70,1,1,1.0,1000,6,5,true,17
726,577,1742,1000,7717,700.0,2,70,1,1,1.0,1000,6,5,true,17
726,578,1745,1000,7720,700.0,2,70,1,1,1.0,1000,6,5,true,17
726,579,1748,1000,7723,700.0,2,70,1,1,1.0,1000,6,5,true,17
726,580,1751,1000,7726,700.0,2,70,1,1,1.0,1000,6,5,true,17
726,581,1754,1000,7729,700.0,2,70,1,1,1.0,1000,6,5,true,17
726,582,1757,1000,7732,700.0,2,70,1,1,1.0,1000,6,5,true,17
726,583,1760,1000,7735,700.0,2,70,1,1,1.0,1000,6,5,true,17
726,584,1763,1000,7738,700.0,2,70,1,1,1.0,1000,6,5,true,17
726,585,1766,1000,7741,700.0,2,70,1,1,1.0,1000,6,5,true,17
726,586,1769,1000,7744,700.0,2,70,1,1,1.0,1000,6,5,true,17
726,587,1772,1000,7747,700.0,2,70,1,1,1.0,1000,6,5,true,17
726,588,1775,1000,7750,700.0,2,70,1,1,1.0,1000,6,5,true,17
726,589,1778,1000,7753,700.0,2,70,1,1,1.0,1000,6,5,true,17
726,590,1781,1000,7756,700.0,2,70,1,1,1.0,1000,6,5,true,17
726,591,1784,1000,7759,700.0,2,70,1,1,1.0,1000,6,5,true,17
726,592,1787,1000,7762,700.0,2,70,1,1,1.0,1000,6,5,true,17
726,593,1790,1000,7765,700.0,2,70,1,1,1.0,1000,6,5,true,17
726,594,1793,1000,7768,700.0,2,70,1,1,1.0,1000,6,5,true,17
726,595,1796,1000,7771,700.0,2,70,1,1,1.0,1000,6,5,true,17
726,596,1799,1000,7774,700.0,2,70,1,1,1.0,1000,6,5,true,17
726,597,1802,1000,7777,700.0,2,70,1,1,1.0,1000,6,5,true,17
726,598,1805,1000,7780,700.0,2,70,1,1,1.0,1000,6,5,true,17
726,599,1808,1000,7783,700.0,2,70,1,1,1.0,1000,6,5,true,17
726,600,1811,1000,7786,700.0,2,70,1,1,1.0,1000,6,5,true,17
726,601,1814,1000,7789,700.0,2,70,1,1,1.0,1000,6,5,true,17
726,602,1817,1000,7792,700.0,2,70,1,1,1.0,1000,6,5,true,17
726,603,1820,1000,7795,700.0,2,70,1,1,1.0,1000,6,5,true,17
726,604,1823,1000,7798,700.0,2,70,1,1,1.0,1000,6,5,true,17
726,605,1826,1000,7801,700.0,2,70,1,1,1.0,1000,6,5,true,17
726,606,1829,1000,7804,700.0,2,70,1,1,1.0,1000,6,5,true,17
726,607,1832,1000,7807,700.0,2,70,1,1,1.0,1000,6,5,true,17
726,608,1835,1000,7810,700.0,2,70,1,1,1.0,1000,6,5,true,17
726,609,1838,1000,7813,700.0,2,70,1,1,1.0,1000,6,5,true,17
726,610,1841,1000,7816,700.0,2,70,1,1,1.0,1000,6,5,true,17
726,611,1844,1000,7819,700.0,2,70,1,1,1.0,1000,6,5,true,17
726,612,1847,1000,7822,700.0,2,70,1,1,1.0,1000,6,5,true,17
726,613,1850,1000,7825,700.0,2,70,1,1,1.0,1000,6,5,true,17
726,614,1853,1000,7828,700.0,2,70,1,1,1.0,1000,6,5,true,17
726,615,1856,1000,7831,700.0,2,70,1,1,1.0,1000,6,5,true,17
726,616,1859,1000,7834,700.0,2,70,1,1,1.0,1000,6,5,true,17
726,617,1862,1000,7837,700.0,2,70,1,1,1.0,1000,6,5,true,17
726,618,1865,1000,7840,700.0,2,70,1,1,1.0,1000,6,5,true,17
726,619,1868,1000,7843,700.0,2,70,1,1,1.0,1000,6,5,true,17
726,620,1871,1000,7846,700.0,2,70,1,1,1.0,1000,6,5,true,17
726,621,1874,1000,7849,700.0,2,70,1,1,1.0,1000,6,5,true,17
726,622,1877,1000,7852,700.0,2,70,1,1,1.0,1000,6,5,true,17
726,623,1880,1000,7855,700.0,2,70,1,1,1.0,1000,6,5,true,17
726,624,1883,1000,7858,700.0,2,70,1,1,1.0,1000,6,5,true,17
726,625,1886,1000,7861,700.0,2,70,1,1,1.0,1000,6,5,true,17
726,626,1889,1000,7864,700.0,2,70,1,1,1.0,1000,6,5,true,17
726,627,1892,1000,7867,700.0,2,70,1,1,1.0,1000,6,5,true,17
726,628,1895,1000,7870,700.0,2,70,1,1,1.0,1000,6,5,true,17
726,629,1898,1000,7873,700.0,2,70,1,1,1.0,1000,6,5,true,17
726,630,1901,1000,7876,700.0,2,70,1,1,1.0,1000,6,5,true,17
726,631,1904,1000,7879,700.0,2,70,1,1,1.0,1000,6,5,true,17
726,632,1907,1000,7882,700.0,2,70,1,1,1.0,1000,6,5,true,17
726,633,1910,1000,7885,700.0,2,70,1,1,1.0,1000,6,5,true,17
726,634,1913,1000,7888,700.0,2,70,1,1,1.0,1000,6,5,true,17
726,635,1916,1000,7891,700.0,2,70,1,1,1.0,1000,6,5,true,17
726,636,1919,1000,7894,700.0,2,70,1,1,1.0,1000,6,5,true,17
726,637,1922,1000,7897,700.0,2,70,1,1,1.0,1000,6,5,true,17
726,638,1925,1000,7900,700.0,2,70,1,1,1.0,1000,6,5,true,17
726,639,1928,1000,7903,700.0,2,70,1,1,1.0,1000,6,5,true,17
726,640,1931,1000,7906,700.0,2,70,1,1,1.0,1000,6,5,true,17
726,641,1934,1000,7909,700.0,2,70,1,1,1.0,1000,6,5,true,17
726,643,1940,1000,7915,700.0,2,70,1,1,1.0,1000,6,5,true,17
726,643,1940,1000,7915,700.0,2,70,1,1,1.0,1000,6,5,true,17
726,644,1943,1000,7918,700.0,2,70,1,1,1.0,1000,6,5,true,17
726,645,1946,1000,8658,702.0,2,70,1,1,1.0,1000,6,5,true,17
726,646,1949,1000,8661,702.0,2,70,1,1,1.0,1000,6,5,true,17
726,647,1952,1000,8664,702.0,2,70,1,1,1.0,1000,6,5,true,17
726,648,1955,1000,8667,702.0,2,70,1,1,1.0,1000,6,5,true,17
726,649,1958,1000,8670,702.0,2,70,1,1,1.0,1000,6,5,true,17
726,650,1961,1000,8673,702.0,2,70,1,1,1.0,1000,6,5,true,17
726,651,1964,1000,8676,702.0,2,70,1,1,1.0,1000,6,5,true,17
726,652,1967,1000,8679,702.0,2,70,1,1,1.0,1000,6,5,true,17
726,653,1970,1000,8682,702.0,2,70,1,1,1.0,1000,6,5,true,17
726,654,1974,1000,8686,702.0,2,70,1,1,1.0,1000,7,5,true,17
726,655,1977,1000,8689,702.0,2,70,1,1,1.0,1000,6,5,true,17
726,656,1980,1000,8692,702.0,2,70,1,1,1.0,1000,6,5,true,17
726,657,1983,1000,8695,702.0,2,70,1,1,1.0,1000,7,5,true,17
726,658,1986,1000,8698,702.0,2,70,1,1,1.0,1000,6,5,true,17
726,659,1989,1000,8701,702.0,2,70,1,1,1.0,1000,6,5,true,17
726,660,1991,1000,8703,702.0,2,70,1,1,1.0,1000,6,5,true,17
726,661,1994,1000,8706,702.0,2,70,1,1,1.0,1000,6,5,true,17
726,662,1997,1000,8709,702.0,2,70,1,1,1.0,1000,6,5,true,17
726,663,2000,1000,8712,702.0,2,70,1,1,1.0,1000,6,5,true,17
726,664,2003,1000,8715,702.0,2,70,1,1,1.0,1000,6,5,true,17
726,665,2006,1000,8718,702.0,2,70,1,1,1.0,1000,6,5,true,17
726,666,2009,1000,8721,702.0,2,70,1,1,1.0,1000,6,5,true,17
726,667,2012,1000,8724,702.0,2,70,1,1,1.0,1000,6,5,true,17
726,668,2015,1000,8727,702.0,2,70,1,1,1.0,1000,7,5,true,17
726,669,2018,1000,8730,702.0,2,70,1,1,1.0,1000,6,5,true,17
726,670,2021,1000,8733,702.0,2,70,1,1,1.0,1000,6,5,true,17
726,671,2024,1000,8736,702.0,2,70,1,1,1.0,1000,6,5,true,17
726,672,2027,1000,8739,702.0,2,70,1,1,1.0,1000,6,5,true,17
726,673,2030,1000,8742,702.0,2,70,1,1,1.0,1000,6,5,true,17
726,674,2033,1000,8745,702.0,2,70,1,1,1.0,1000,6,5,true,17
726,675,2036,1000,8748,702.0,2,70,1,1,1.0,1000,6,5,true,17
726,676,2038,1000,8750,702.0,2,70,1,1,1.0,1000,6,5,true,17
726,677,2041,1000,8753,702.0,2,70,1,1,1.0,1000,6,5,true,17
726,678,2044,1000,8756,702.0,2,70,1,1,1.0,1000,6,5,true,17
726,679,2047,1000,8759,702.0,2,70,1,1,1.0,1000,6,5,true,17
726,680,2051,1000,8763,702.0,2,70,1,1,1.0,1000,7,5,true,17
726,681,2054,1000,8766,702.0,2,70,1,1,1.0,1000,6,5,true,17
726,682,2057,1000,8769,702.0,2,70,1,1,1.0,1000,6,5,true,17
726,683,2060,1000,8772,702.0,2,70,1,1,1.0,1000,6,5,true,17
726,684,2063,1000,8775,702.0,2,70,1,1,1.0,1000,6,5,true,17
726,685,2066,1000,8778,702.0,2,70,1,1,1.0,1000,6,5,true,17
726,686,2069,1000,8781,702.0,2,70,1,1,1.0,1000,6,5,true,17
726,687,2072,1000,8784,702.0,2,70,1,1,1.0,1000,6,5,true,17
726,688,2075,1000,8787,702.0,2,70,1,1,1.0,1000,6,5,true,17
726,689,2078,1000,8790,702.0,2,70,1,1,1.0,1000,6,5,true,17
726,690,2081,1000,8793,702.0,2,70,1,1,1.0,1000,6,5,true,17
726,691,2084,1000,8796,702.0,2,70,1,1,1.0,1000,6,5,true,17
726,692,2087,1000,8799,702.0,2,70,1,1,1.0,1000,6,5,true,17
726,693,2090,1000,8802,702.0,2,70,1,1,1.0,1000,6,5,true,17
726,694,2093,1000,8805,702.0,2,70,1,1,1.0,1000,6,5,true,17
726,695,2096,1000,8808,702.0,2,70,1,1,1.0,1000,6,5,true,17
726,696,2099,1000,9417,704.0,2,70,1,1,1.0,1000,6,5,true,17
726,697,2102,1000,9420,704.0,2,70,1,1,1.0,1000,6,5,true,17
726,698,2105,1000,9423,704.0,2,70,1,1,1.0,1000,6,5,true,17
726,699,2108,1000,9426,704.0,2,70,1,1,1.0,1000,6,5,true,17
726,700,2111,1000,9429,704.0,2,70,1,1,1.0,1000,6,5,true,17
726,701,2114,1000,9432,704.0,2,70,1,1,1.0,1000,6,5,true,17
726,702,2117,1000,9435,704.0,2,70,1,1,1.0,1000,6,5,true,17
726,703,2120,1000,9438,704.0,2,70,1,1,1.0,1000,6,5,true,17
726,704,2123,1000,9441,704.0,2,70,1,1,1.0,1000,6,5,true,17
726,705,2126,1000,9444,704.0,2,70,1,1,1.0,1000,6,5,true,17
726,706,2129,1000,9447,704.0,2,70,1,1,1.0,1000,6,5,true,17
726,707,2132,1000,9450,704.0,2,70,1,1,1.0,1000,6,5,true,17
726,708,2135,1000,9453,704.0,2,70,1,1,1.0,1000,6,5,true,17
726,709,2138,1000,9456,704.0,2,70,1,1,1.0,1000,6,5,true,17
726,710,2141,1000,9459,704.0,2,70,1,1,1.0,1000,6,5,true,17
726,711,2144,1000,9462,704.0,2,70,1,1,1.0,1000,6,5,true,17
726,712,2147,1000,9465,704.0,2,70,1,1,1.0,1000,6,5,true,17
726,713,2150,1000,9468,704.0,2,70,1,1,1.0,1000,6,5,true,17
726,714,2153,1000,9471,704.0,2,70,1,1,1.0,1000,6,5,true,17
726,715,2156,1000,9474,704.0,2,70,1,1,1.0,1000,6,5,true,17
726,716,2159,1000,9477,704.0,2,70,1,1,1.0,1000,6,5,true,17
726,717,2162,1000,9480,704.0,2,70,1,1,1.0,1000,6,5,true,17
726,718,2165,1000,9483,704.0,2,70,1,1,1.0,1000,6,5,true,17
726,719,2168,1000,9486,704.0,2,70,1,1,1.0,1000,6,5,true,17
726,720,2171,1000,9489,704.0,2,70,1,1,1.0,1000,6,5,true,17
726,721,2174,1000,9492,704.0,2,70,1,1,1.0,1000,6,5,true,17
726,722,2177,1000,9495,704.0,2,70,1,1,1.0,1000,6,5,true,17
726,723,2180,1000,9498,704.0,2,70,1,1,1.0,1000,6,5,true,17
726,724,2183,1000,9501,704.0,2,70,1,1,1.0,1000,6,5,true,17
726,725,2186,1000,9504,704.0,2,70,1,1,1.0,1000,6,5,true,17
726,726,2189,1000,9507,704.0,2,70,1,1,1.0,1000,6,5,true,17
726,727,2192,1000,9510,704.0,2,70,1,1,1.0,1000,6,5,true,17
726,728,2195,1000,9513,704.0,2,70,1,1,1.0,1000,6,5,true,17
726,729,2198,1000,9516,704.0,2,70,1,1,1.0,1000,6,5,true,17
726,730,2201,1000,9519,704.0,2,70,1,1,1.0,1000,6,5,true,17
726,731,2204,1000,9522,704.0,2,70,1,1,1.0,1000,6,5,true,17
726,732,2207,1000,9525,704.0,2,70,1,1,1.0,1000,6,5,true,17
726,733,2210,1000,9528,704.0,2,70,1,1,1.0,1000,6,5,true,17
726,734,2213,1000,9531,704.0,2,70,1,1,1.0,1000,6,5,true,17
726,735,2216,1000,9534,704.0,2,70,1,1,1.0,1000,6,5,true,17
726,736,2219,1000,9537,704.0,2,70,1,1,1.0,1000,6,5,true,17
726,737,2222,1000,9540,704.0,2,70,1,1,1.0,1000,6,5,true,17
726,738,2225,1000,9543,704.0,2,70,1,1,1.0,1000,6,5,true,17
726,739,2228,1000,9546,704.0,2,70,1,1,1.0,1000,6,5,true,17
726,740,2231,1000,9549,704.0,2,70,1,1,1.0,1000,6,5,true,17
726,741,2234,1000,9552,704.0,2,70,1,1,1.0,1000,6,5,true,17
726,742,2237,1000,9555,704.0,2,70,1,1,1.0,1000,6,5,true,17
726,743,2240,1000,9558,704.0,2,70,1,1,1.0,1000,6,5,true,17
726,744,2243,1000,9561,704.0,2,70,1,1,1.0,1000,6,5,true,17
726,745,2246,1000,9564,704.0,2,70,1,1,1.0,1000,6,5,true,17
726,746,2249,1000,9567,704.0,2,70,1,1,1.0,1000,6,5,true,17
726,747,2252,1000,9570,704.0,2,70,1,1,1.0,1000,6,5,true,17
726,748,2255,1000,9573,704.0,2,70,1,1,1.0,1000,6,5,true,17
726,749,2258,1000,9576,704.0,2,70,1,1,1.0,1000,6,5,true,17
726,750,2261,1000,9579,704.0,2,70,1,1,1.0,1000,6,5,true,17
726,752,2267,1000,9585,704.0,2,70,1,1,1.0,1000,6,5,true,17
726,752,2267,1000,9585,704.0,2,70,1,1,1.0,1000,6,5,true,17
726,753,2270,1000,9588,704.0,2,70,1,1,1.0,1000,6,5,true,17
726,754,2273,1000,9591,704.0,2,70,1,1,1.0,1000,6,5,true,17
726,755,2277,1000,9595,704.0,2,70,1,1,1.0,1000,7,5,true,17
726,756,2280,1000,9598,704.0,2,70,1,1,1.0,1000,6,5,true,17
726,757,2283,1000,9601,704.0,2,70,1,1,1.0,1000,6,5,true,17
726,758,2286,1000,9604,704.0,2,70,1,1,1.0,1000,6,5,true,17
726,759,2290,1000,9608,704.0,2,70,1,1,1.0,1000,6,5,true,17
726,760,2293,1000,9611,704.0,2,70,1,1,1.0,1000,6,5,true,17
726,761,2296,1000,9614,704.0,2,70,1,1,1.0,1000,6,5,true,17
726,762,2299,1000,9617,704.0,2,70,1,1,1.0,1000,6,5,true,17
726,763,2302,1000,9620,704.0,2,70,1,1,1.0,1000,6,5,true,17
726,764,2305,1000,9623,704.0,2,70,1,1,1.0,1000,6,5,true,17
726,765,2308,1000,9626,704.0,2,70,1,1,1.0,1000,6,5,true,17
726,766,2311,1000,9629,704.0,2,70,1,1,1.0,1000,6,5,true,17
726,767,2314,1000,9632,704.0,2,70,1,1,1.0,1000,6,5,true,17
726,768,2317,1000,9635,704.0,2,70,1,1,1.0,1000,6,5,true,17
726,769,2320,1000,9638,704.0,2,70,1,1,1.0,1000,6,5,true,17
726,770,2323,1000,9641,704.0,2,70,1,1,1.0,1000,6,5,true,17
726,771,2326,1000,9644,704.0,2,70,1,1,1.0,1000,6,5,true,17
726,772,2329,1000,10608,706.0,2,70,1,1,1.0,1000,6,5,true,17
726,773,2332,1000,10611,706.0,2,70,1,1,1.0,1000,6,5,true,17
726,774,2335,1000,10614,706.0,2,70,1,1,1.0,1000,6,5,true,17
726,775,2338,1000,10617,706.0,2,70,1,1,1.0,1000,6,5,true,17
726,776,2341,1000,10620,706.0,2,70,1,1,1.0,1000,6,5,true,17
726,777,2344,1000,10623,706.0,2,70,1,1,1.0,1000,6,5,true,17
726,778,2347,1000,10626,706.0,2,70,1,1,1.0,1000,6,5,true,17
726,779,2350,1000,10629,706.0,2,70,1,1,1.0,1000,6,5,true,17
726,780,2353,1000,10871,708.0,2,70,1,1,1.0,1000,6,5,true,17
726,781,2356,1000,10874,708.0,2,70,1,1,1.0,1000,6,5,true,17
726,782,2359,1000,10877,708.0,2,70,1,1,1.0,1000,6,5,true,17
726,783,2362,1000,10880,708.0,2,70,1,1,1.0,1000,6,5,true,17
726,784,2365,1000,10883,708.0,2,70,1,1,1.0,1000,6,5,true,17
726,785,2368,1000,10886,708.0,2,70,1,1,1.0,1000,6,5,true,17
726,786,2371,1000,10889,708.0,2,70,1,1,1.0,1000,6,5,true,17
726,787,2374,1000,10892,708.0,2,70,1,1,1.0,1000,6,5,true,17
726,788,2377,1000,10895,708.0,2,70,1,1,1.0,1000,6,5,true,17
726,789,2380,1000,10898,708.0,2,70,1,1,1.0,1000,6,5,true,17
726,790,2383,1000,10901,708.0,2,70,1,1,1.0,1000,6,5,true,17
726,791,2386,1000,10904,708.0,2,70,1,1,1.0,1000,6,5,true,17
726,792,2389,1000,10907,708.0,2,70,1,1,1.0,1000,7,5,true,17
726,793,2392,1000,10910,708.0,2,70,1,1,1.0,1000,6,5,true,17
726,794,2395,1000,10913,708.0,2,70,1,1,1.0,1000,6,5,true,17
726,795,2398,1000,10916,708.0,2,70,1,1,1.0,1000,6,5,true,17
726,796,2401,1000,10919,708.0,2,70,1,1,1.0,1000,6,5,true,17
726,797,2404,1000,10922,708.0,2,70,1,1,1.0,1000,6,5,true,17
726,798,2407,1000,10925,708.0,2,70,1,1,1.0,1000,6,5,true,17
726,799,2410,1000,10928,708.0,2,70,1,1,1.0,1000,6,5,true,17
726,800,2413,1000,10931,708.0,2,70,1,1,1.0,1000,6,5,true,17
726,801,2416,1000,10934,708.0,2,70,1,1,1.0,1000,6,5,true,17
726,802,2419,1000,10937,708.0,2,70,1,1,1.0,1000,6,5,true,17
726,803,2422,1000,10940,708.0,2,70,1,1,1.0,1000,6,5,true,17
726,804,2425,1000,10943,708.0,2,70,1,1,1.0,1000,6,5,true,17
726,805,2428,1000,10946,708.0,2,70,1,1,1.0,1000,6,5,true,17
726,806,2431,1000,10949,708.0,2,70,1,1,1.0,1000,6,5,true,17
726,807,2434,1000,10952,708.0,2,70,1,1,1.0,1000,6,5,true,17
726,808,2437,1000,10955,708.0,2,70,1,1,1.0,1000,6,5,true,17
726,809,2440,1000,10958,708.0,2,70,1,1,1.0,1000,6,5,true,17
726,810,2443,1000,10961,708.0,2,70,1,1,1.0,1000,6,5,true,17
726,811,2446,1000,11082,710.0,2,70,1,1,1.0,1000,6,5,true,17
726,812,2449,1000,11085,710.0,2,70,1,1,1.0,1000,6,5,true,17
726,813,2452,1000,11088,710.0,2,70,1,1,1.0,1000,6,5,true,17
726,814,2455,1000,11091,710.0,2,70,1,1,1.0,1000,6,5,true,17
726,815,2458,1000,11094,710.0,2,70,1,1,1.0,1000,6,5,true,17
726,816,2461,1000,11989,712.0,2,70,1,1,1.0,1000,6,5,true,17
