727,1,3,4,3,6.0,0,70,0,1,0.0,1000,6,2,true,17
727,2,6,7,6,12.0,0,70,0,1,0.0,1000,6,2,true,17
727,3,9,10,9,18.0,0,70,0,1,0.0,1000,6,2,true,17
727,4,12,13,12,24.0,0,70,0,1,0.0,1000,6,2,true,17
727,5,15,16,15,30.0,0,70,0,1,0.0,1000,6,2,true,17
727,6,18,19,18,36.0,0,70,0,1,0.0,1000,6,2,true,17
727,7,21,22,21,42.0,0,70,0,1,0.0,1000,6,2,true,17
727,8,24,24,24,46.0,0,70,0,1,0.0,1000,6,2,true,17
727,9,28,28,28,54.0,0,70,0,1,0.0,1000,7,2,true,17
727,10,32,31,32,60.0,0,70,0,1,0.0,1000,7,2,true,17
727,11,35,34,35,66.0,0,70,0,1,0.0,1000,6,2,true,17
727,12,38,37,38,72.0,0,70,0,1,0.0,1000,6,2,true,17
727,13,41,40,41,78.0,0,70,0,1,0.0,1000,6,2,true,17
727,14,44,43,44,84.0,0,70,0,1,0.0,1000,6,2,true,17
727,15,48,47,48,92.0,0,70,0,1,0.0,1000,7,2,true,17
727,16,51,50,51,98.0,0,70,0,1,0.0,1000,6,2,true,17
727,17,55,54,55,106.0,0,70,0,1,0.0,1000,7,2,true,17
727,18,58,57,58,112.0,0,70,0,1,0.0,1000,6,2,true,17
727,19,61,60,61,118.0,0,70,0,1,0.0,1000,6,2,true,17
727,20,64,63,64,124.0,0,70,0,1,0.0,1000,6,2,true,17
727,21,67,66,67,130.0,0,70,0,1,0.0,1000,6,2,true,17
727,22,70,69,70,136.0,0,70,0,1,0.0,1000,6,2,true,17
727,23,74,72,74,142.0,0,70,0,1,0.0,1000,6,2,true,17
727,24,77,75,77,148.0,0,70,0,1,0.0,1000,6,2,true,17
727,25,80,78,80,154.0,0,70,0,1,0.0,1000,6,2,true,17
727,26,83,81,83,160.0,0,70,0,1,0.0,1000,6,2,true,17
727,27,86,84,86,166.0,0,70,0,1,0.0,1000,6,2,true,17
727,28,89,86,89,170.0,0,70,0,1,0.0,1000,6,2,true,17
727,29,92,89,92,176.0,0,70,0,1,0.0,1000,7,2,true,17
727,30,96,93,96,184.0,0,70,0,1,0.0,1000,7,2,true,17
727,31,100,97,100,192.0,0,70,0,1,0.0,1000,7,2,true,17
727,32,103,100,103,198.0,0,70,0,1,0.0,1000,6,2,true,17
727,33,106,102,106,202.0,0,70,0,1,0.0,1000,6,2,true,17
727,34,109,105,109,208.0,0,70,0,1,0.0,1000,6,2,true,17
727,35,112,108,112,214.0,0,70,0,1,0.0,1000,7,2,true,17
727,36,115,111,115,220.0,0,70,0,1,0.0,1000,6,2,true,17
727,37,118,114,118,226.0,0,70,0,1,0.0,1000,6,2,true,17
727,38,122,117,122,232.0,0,70,0,1,0.0,1000,7,2,true,17
727,39,125,120,125,238.0,0,70,0,1,0.0,1000,6,2,true,17
727,40,128,123,128,244.0,0,70,0,1,0.0,1000,6,2,true,17
727,41,131,126,131,250.0,0,70,0,1,0.0,1000,6,2,true,17
727,42,134,129,134,256.0,0,70,0,1,0.0,1000,7,2,true,17
727,43,137,131,137,260.0,0,70,0,1,0.0,1000,6,2,true,17
727,44,140,134,140,266.0,0,70,0,1,0.0,1000,6,2,true,17
727,45,143,137,143,272.0,0,70,0,1,0.0,1000,6,2,true,17
727,46,147,140,147,278.0,0,70,0,1,0.0,1000,7,2,true,17
727,47,150,142,150,282.0,0,70,0,1,0.0,1000,6,2,true,17
727,48,153,143,153,284.0,0,70,0,1,0.0,1000,6,2,true,17
727,49,156,146,156,290.0,0,70,0,1,0.0,1000,6,2,true,17
727,50,159,147,159,292.0,0,70,0,1,0.0,1000,6,2,true,17
727,51,162,149,162,296.0,0,70,0,1,0.0,1000,6,2,true,17
727,52,166,153,166,304.0,0,70,0,1,0.0,1000,6,2,true,17
727,53,169,156,169,310.0,0,70,0,1,0.0,1000,6,2,true,17
727,54,172,159,172,316.0,0,70,0,1,0.0,1000,6,2,true,17
727,55,175,160,175,318.0,0,70,0,1,0.0,1000,6,2,true,17
727,56,179,164,179,326.0,0,70,0,1,0.0,1000,7,2,true,17
727,57,182,167,182,332.0,0,70,0,1,0.0,1000,6,2,true,17
727,58,185,169,185,336.0,0,70,0,1,0.0,1000,6,2,true,17
727,59,188,170,188,338.0,0,70,0,1,0.0,1000,6,2,true,17
727,60,191,172,191,342.0,0,70,0,1,0.0,1000,6,2,true,17
727,61,195,176,195,350.0,0,70,0,1,0.0,1000,7,2,true,17
727,62,198,178,198,354.0,0,70,0,1,0.0,1000,6,2,true,17
727,63,201,180,201,358.0,0,70,0,1,0.0,1000,6,2,true,17
727,64,204,183,204,364.0,0,70,0,1,0.0,1000,6,2,true,17
727,65,207,185,207,368.0,0,70,0,1,0.0,1000,7,2,true,17
727,66,210,185,210,368.0,0,70,0,1,0.0,1000,6,2,true,17
727,67,213,188,213,374.0,0,70,0,1,0.0,1000,6,2,true,17
727,68,217,190,217,378.0,0,70,0,1,0.0,1000,7,2,true,17
727,69,220,192,220,382.0,0,70,0,1,0.0,1000,6,2,true,17
727,70,223,195,223,388.0,0,70,0,1,0.0,1000,6,2,true,17
727,71,227,198,227,394.0,0,70,0,1,0.0,1000,6,2,true,17
727,72,231,200,231,398.0,0,70,0,1,0.0,1000,6,2,true,17
727,73,234,203,234,404.0,0,70,0,1,0.0,1000,7,2,true,17
727,74,237,205,237,408.0,0,70,0,1,0.0,1000,6,2,true,17
727,75,240,208,240,414.0,0,70,0,1,0.0,1000,6,2,true,17
727,76,244,212,244,422.0,0,70,0,1,0.0,1000,7,2,true,17
727,77,247,215,247,428.0,0,70,0,1,0.0,1000,6,2,true,17
727,78,250,218,250,434.0,0,70,0,1,0.0,1000,6,2,true,17
727,79,254,222,254,442.0,0,70,0,1,0.0,1000,6,2,true,17
727,80,258,225,258,448.0,0,70,0,1,0.0,1000,7,2,true,17
727,81,261,226,261,450.0,0,70,0,1,0.0,1000,6,2,true,17
727,82,264,229,264,456.0,0,70,0,1,0.0,1000,6,2,true,17
727,83,267,230,267,458.0,0,70,0,1,0.0,1000,7,2,true,17
727,84,270,233,270,464.0,0,70,0,1,0.0,1000,6,2,true,17
727,85,273,234,273,466.0,0,70,0,1,0.0,1000,7,2,true,17
727,86,276,235,276,468.0,0,70,0,1,0.0,1000,6,2,true,17
727,87,280,238,280,474.0,0,70,0,1,0.0,1000,7,2,true,17
727,88,283,241,283,480.0,1,70,0,1,0.0,1000,6,2,true,17
727,89,286,243,286,484.0,1,70,0,1,0.0,1000,6,2,true,17
727,90,289,245,289,488.0,1,70,0,1,0.0,1000,6,2,true,17
727,91,292,248,292,494.0,1,70,0,1,0.0,1000,6,2,true,17
727,92,295,251,295,500.0,1,70,0,1,0.0,1000,6,2,true,17
727,93,299,255,299,508.0,1,70,0,1,0.0,1000,6,2,true,17
727,94,302,258,302,514.0,1,70,0,1,0.0,1000,6,2,true,17
727,95,305,260,305,518.0,1,70,0,1,0.0,1000,6,2,true,17
727,96,308,263,308,524.0,1,70,0,1,0.0,1000,6,2,true,17
727,97,311,266,311,530.0,1,70,0,1,0.0,1000,6,2,true,17
727,98,314,268,314,534.0,1,70,0,1,0.0,1000,6,2,true,17
727,99,317,271,317,540.0,1,70,0,1,0.0,1000,6,2,true,17
727,100,320,274,320,546.0,1,70,0,1,0.0,1000,6,2,true,17
727,101,323,276,323,550.0,1,70,0,1,0.0,1000,6,2,true,17
727,102,326,279,326,556.0,1,70,0,1,0.0,1000,6,2,true,17
727,103,329,281,329,560.0,1,70,0,1,0.0,1000,6,2,true,17
727,104,332,283,332,564.0,1,70,0,1,0.0,1000,6,2,true,17
727,105,335,285,335,568.0,1,70,0,1,0.0,1000,6,2,true,17
727,106,338,287,338,572.0,1,70,0,1,0.0,1000,6,2,true,17
727,107,341,289,341,576.0,1,70,0,1,0.0,1000,6,2,true,17
727,108,345,292,345,582.0,1,70,0,1,0.0,1000,7,2,true,17
727,109,348,293,348,584.0,1,70,0,1,0.0,1000,6,2,true,17
727,110,351,296,351,590.0,1,70,0,1,0.0,1000,6,2,true,17
727,111,354,299,354,596.0,1,70,0,1,0.0,1000,6,2,true,17
727,112,357,301,357,600.0,1,70,0,1,0.0,1000,6,2,true,17
727,113,360,302,360,602.0,1,70,0,1,0.0,1000,6,2,true,17
727,114,363,304,363,606.0,1,70,0,1,0.0,1000,6,2,true,17
727,115,366,307,366,612.0,1,70,0,1,0.0,1000,6,2,true,17
727,116,369,308,369,614.0,1,70,0,1,0.0,1000,6,2,true,17
727,117,372,310,372,618.0,1,70,0,1,0.0,1000,6,2,true,17
727,118,376,314,376,626.0,1,70,0,1,0.0,1000,7,2,true,17
727,119,380,316,380,630.0,1,70,0,1,0.0,1000,7,2,true,17
727,120,383,318,383,634.0,1,70,0,1,0.0,1000,6,2,true,17
727,121,386,321,386,640.0,1,70,0,1,0.0,1000,6,2,true,17
727,122,390,324,390,646.0,1,70,0,1,0.0,1000,7,2,true,17
727,123,394,328,394,654.0,1,70,0,1,0.0,1000,6,2,true,17
727,124,397,330,397,658.0,1,70,0,1,0.0,1000,6,2,true,17
727,125,400,332,400,662.0,1,70,0,1,0.0,1000,6,2,true,17
727,126,404,333,404,664.0,1,70,0,1,0.0,1000,7,2,true,17
727,127,408,335,408,668.0,1,70,0,1,0.0,1000,7,2,true,17
727,128,411,557,823,674.0,1,70,0,1,0.0,1000,6,2,true,17
727,129,414,558,826,676.0,1,70,0,1,0.0,1000,6,2,true,17
727,130,417,559,829,678.0,1,70,0,1,0.0,1000,6,2,true,17
727,131,420,559,832,678.0,1,70,0,1,0.0,1000,6,2,true,17
727,132,423,559,835,678.0,1,70,0,1,0.0,1000,6,2,true,17
727,133,426,561,838,682.0,1,70,0,1,0.0,1000,6,2,true,17
727,134,430,563,842,686.0,1,70,0,1,0.0,1000,7,2,true,17
727,135,433,563,845,686.0,1,70,0,1,0.0,1000,7,2,true,17
727,136,436,564,848,688.0,1,70,0,1,0.0,1000,6,2,true,17
727,137,439,564,851,688.0,1,70,0,1,0.0,1000,6,2,true,17
727,138,442,566,854,692.0,1,70,0,1,0.0,1000,6,2,true,17
727,139,446,579,891,694.0,1,70,0,1,0.0,1000,7,2,true,17
727,140,449,581,894,698.0,1,70,0,1,0.0,1000,6,2,true,17
727,141,453,584,898,704.0,1,70,0,1,0.0,1000,7,2,true,17
727,142,456,587,901,710.0,1,70,0,1,0.0,1000,6,2,true,17
727,143,459,588,904,712.0,1,70,0,1,0.0,1000,6,2,true,17
727,144,462,588,907,712.0,1,70,0,1,0.0,1000,6,2,true,17
727,145,464,589,909,714.0,1,70,0,1,0.0,1000,6,2,true,17
727,146,467,589,912,714.0,1,70,0,1,0.0,1000,6,2,true,17
727,147,471,590,916,716.0,1,70,0,1,0.0,1000,7,2,true,17
727,148,474,591,919,718.0,1,70,0,1,0.0,1000,6,2,true,17
727,149,477,591,922,718.0,1,70,0,1,0.0,1000,6,2,true,17
727,150,481,592,926,720.0,1,70,0,1,0.0,1000,7,2,true,17
727,151,484,594,929,724.0,1,70,0,1,0.0,1000,6,2,true,17
727,152,487,596,932,728.0,1,70,0,1,0.0,1000,6,2,true,17
727,153,491,597,936,730.0,1,70,0,1,0.0,1000,7,2,true,17
727,154,494,599,939,734.0,1,70,0,1,0.0,1000,6,2,true,17
727,155,497,601,942,738.0,1,70,0,1,0.0,1000,6,2,true,17
727,156,500,602,945,740.0,1,70,0,1,0.0,1000,6,2,true,17
727,157,503,602,948,740.0,1,70,0,1,0.0,1000,6,2,true,17
727,158,506,604,951,744.0,1,70,0,1,0.0,1000,6,2,true,17
727,159,509,606,954,748.0,1,70,0,1,0.0,1000,6,2,true,17
727,160,512,608,957,752.0,1,70,0,1,0.0,1000,6,2,true,17
727,161,515,611,960,758.0,1,70,0,1,0.0,1000,6,2,true,17
727,162,518,612,963,760.0,1,70,0,1,0.0,1000,7,2,true,17
727,163,521,613,966,762.0,1,70,0,1,0.0,1000,6,2,true,17
727,164,524,615,969,766.0,1,70,0,1,0.0,1000,7,2,true,17
727,165,527,616,972,768.0,1,70,0,1,0.0,1000,6,2,true,17
727,166,530,618,975,772.0,1,70,0,1,0.0,1000,6,2,true,17
727,167,533,618,978,772.0,1,70,0,1,0.0,1000,6,2,true,17
727,168,536,620,981,776.0,1,70,0,1,0.0,1000,6,2,true,17
727,169,539,620,984,776.0,1,70,0,1,0.0,1000,6,2,true,17
727,170,543,621,988,778.0,1,70,0,1,0.0,1000,7,2,true,17
727,171,546,622,991,780.0,1,70,0,1,0.0,1000,6,2,true,17
727,172,549,625,994,786.0,1,70,0,1,0.0,1000,6,2,true,17
727,173,553,627,998,790.0,1,70,0,1,0.0,1000,7,2,true,17
727,174,557,630,1002,796.0,1,70,0,1,0.0,1000,7,2,true,17
727,175,560,633,1005,802.0,1,70,0,1,0.0,1000,6,2,true,17
727,176,563,633,1008,802.0,1,70,0,1,0.0,1000,6,2,true,17
727,177,566,635,1011,806.0,1,70,0,1,0.0,1000,6,2,true,17
727,178,569,636,1014,808.0,1,70,0,1,0.0,1000,7,2,true,17
727,179,572,637,1017,810.0,1,70,0,1,0.0,1000,6,2,true,17
727,180,575,637,1020,810.0,1,70,0,1,0.0,1000,6,2,true,17
727,181,579,640,1024,816.0,1,70,0,1,0.0,1000,7,2,true,17
727,182,582,642,1027,820.0,1,70,0,1,0.0,1000,6,2,true,17
727,183,585,643,1030,822.0,1,70,0,1,0.0,1000,6,2,true,17
727,184,588,645,1033,826.0,1,70,0,1,0.0,1000,6,2,true,17
727,185,591,647,1036,830.0,1,70,0,1,0.0,1000,6,2,true,17
727,186,594,649,1039,834.0,1,70,0,1,0.0,1000,6,2,true,17
727,187,597,649,1042,834.0,1,70,0,1,0.0,1000,6,2,true,17
727,188,600,651,1045,838.0,1,70,0,1,0.0,1000,6,2,true,17
727,189,603,651,1048,838.0,1,70,0,1,0.0,1000,7,2,true,17
727,190,606,652,1051,840.0,1,70,0,1,0.0,1000,6,2,true,17
727,191,609,653,1054,842.0,1,70,0,1,0.0,1000,6,2,true,17
727,192,612,654,1057,844.0,1,70,0,1,0.0,1000,6,2,true,17
727,193,615,655,1060,846.0,1,70,0,1,0.0,1000,6,2,true,17
727,194,618,655,1063,846.0,1,70,0,1,0.0,1000,6,2,true,17
727,195,621,657,1066,850.0,1,70,0,1,0.0,1000,6,2,true,17
727,196,624,657,1069,850.0,1,70,0,1,0.0,1000,6,2,true,17
727,197,627,659,1072,854.0,1,70,0,1,0.0,1000,6,2,true,17
727,198,630,661,1075,858.0,1,70,0,1,0.0,1000,6,2,true,17
727,199,634,663,1079,862.0,1,70,0,1,0.0,1000,6,2,true,17
727,200,637,663,1082,862.0,1,70,0,1,0.0,1000,6,2,true,17
727,201,640,665,1085,866.0,1,70,0,1,0.0,1000,6,2,true,17
727,202,643,665,1088,866.0,1,70,0,1,0.0,1000,6,2,true,17
727,203,646,665,1091,866.0,1,70,0,1,0.0,1000,7,2,true,17
727,204,649,665,1094,866.0,1,70,0,1,0.0,1000,6,2,true,17
727,205,652,666,1097,868.0,1,70,0,1,0.0,1000,7,2,true,17
727,206,655,666,1100,868.0,1,70,0,1,0.0,1000,6,2,true,17
727,207,658,667,1103,870.0,1,70,0,1,0.0,1000,6,2,true,17
727,208,661,669,1106,874.0,1,70,0,1,0.0,1000,6,2,true,17
727,209,664,670,1109,876.0,1,70,0,1,0.0,1000,6,2,true,17
727,210,668,671,1113,878.0,1,70,0,1,0.0,1000,6,2,true,17
727,211,671,672,1116,880.0,1,70,0,1,0.0,1000,6,2,true,17
727,212,674,672,1119,880.0,1,70,0,1,0.0,1000,7,2,true,17
727,213,677,672,1122,880.0,1,70,0,1,0.0,1000,6,2,true,17
727,214,679,673,1124,882.0,1,70,0,1,0.0,1000,6,2,true,17
727,215,683,674,1128,884.0,1,70,0,1,0.0,1000,6,2,true,17
727,216,686,674,1131,884.0,1,70,0,1,0.0,1000,6,2,true,17
727,217,690,674,1135,884.0,1,70,0,1,0.0,1000,7,2,true,17
727,218,693,676,1138,888.0,1,70,0,1,0.0,1000,6,2,true,17
727,219,697,677,1142,890.0,1,70,0,1,0.0,1000,6,2,true,17
727,220,700,678,1145,892.0,1,70,0,1,0.0,1000,6,2,true,17
727,221,703,680,1148,896.0,1,70,0,1,0.0,1000,6,2,true,17
727,222,707,681,1152,898.0,1,70,0,1,0.0,1000,7,2,true,17
727,223,711,685,1156,906.0,1,70,0,1,0.0,1000,7,2,true,17
727,224,714,685,1159,906.0,1,70,0,1,0.0,1000,6,2,true,17
727,225,718,686,1163,908.0,1,70,0,1,0.0,1000,7,2,true,17
727,226,722,686,1167,908.0,1,70,0,1,0.0,1000,7,2,true,17
727,227,725,687,1170,910.0,1,70,0,1,0.0,1000,6,2,true,17
727,228,728,688,1173,912.0,1,70,0,1,0.0,1000,6,2,true,17
727,229,731,689,1176,914.0,1,70,0,1,0.0,1000,6,2,true,17
727,230,734,689,1179,914.0,1,70,0,1,0.0,1000,6,2,true,17
727,231,737,689,1182,914.0,1,70,0,1,0.0,1000,6,2,true,17
727,232,740,689,1185,914.0,1,70,0,1,0.0,1000,6,2,true,17
727,233,743,690,1188,916.0,1,70,0,1,0.0,1000,6,2,true,17
727,234,746,691,1191,918.0,1,70,0,1,0.0,1000,6,2,true,17
727,235,749,691,1194,918.0,1,70,0,1,0.0,1000,6,2,true,17
727,236,752,692,1197,920.0,1,70,0,1,0.0,1000,6,2,true,17
727,237,755,692,1200,920.0,1,70,0,1,0.0,1000,6,2,true,17
727,238,758,769,1520,925.0,2,70,0,1,0.0,1000,6,2,true,17
727,239,761,770,1523,927.0,2,70,1,1,1.0,1000,6,2,true,17
727,240,764,770,1526,927.0,2,70,1,1,1.0,1000,6,2,true,17
727,241,767,771,1529,929.0,2,70,1,1,1.0,1000,6,2,true,17
727,242,771,771,1533,929.0,2,70,1,1,1.0,1000,7,2,true,17
727,243,774,771,1536,929.0,2,70,1,1,1.0,1000,6,2,true,17
727,244,778,771,1540,929.0,2,70,1,1,1.0,1000,7,2,true,17
727,245,781,771,1543,929.0,2,70,1,1,1.0,1000,7,2,true,17
727,246,784,771,1546,929.0,2,70,1,1,1.0,1000,6,2,true,17
727,247,788,772,1550,931.0,2,70,1,1,1.0,1000,7,2,true,17
727,248,791,772,1553,931.0,2,70,1,1,1.0,1000,6,2,true,17
727,249,794,774,1556,935.0,2,70,1,1,1.0,1000,6,2,true,17
727,250,797,774,1559,935.0,2,70,1,1,1.0,1000,6,2,true,17
727,251,800,775,1562,937.0,2,70,1,1,1.0,1000,7,2,true,17
727,252,803,776,1565,939.0,2,70,1,1,1.0,1000,6,2,true,17
727,253,807,778,1569,943.0,2,70,1,1,1.0,1000,7,2,true,17
727,254,810,779,1572,945.0,2,70,1,1,1.0,1000,6,2,true,17
727,255,813,781,1575,949.0,2,70,1,1,1.0,1000,6,2,true,17
727,256,816,781,1578,949.0,2,70,1,1,1.0,1000,6,2,true,17
727,257,819,782,1581,951.0,2,70,1,1,1.0,1000,6,2,true,17
727,258,822,782,1584,951.0,2,70,1,1,1.0,1000,6,2,true,17
727,259,825,782,1587,951.0,2,70,1,1,1.0,1000,6,2,true,17
727,260,828,782,1590,951.0,2,70,1,1,1.0,1000,6,2,true,17
727,261,832,783,1594,953.0,2,70,1,1,1.0,1000,7,2,true,17
727,262,835,783,1597,953.0,2,70,1,1,1.0,1000,6,2,true,17
727,263,838,784,1600,955.0,2,70,1,1,1.0,1000,6,2,true,17
727,264,841,785,1603,957.0,2,70,1,1,1.0,1000,6,2,true,17
727,265,844,785,1606,957.0,2,70,1,1,1.0,1000,6,2,true,17
727,266,847,785,1609,957.0,2,70,1,1,1.0,1000,6,2,true,17
727,267,851,787,1613,961.0,2,70,1,1,1.0,1000,6,2,true,17
727,268,855,787,1617,961.0,2,70,1,1,1.0,1000,7,2,true,17
727,269,858,787,1620,961.0,2,70,1,1,1.0,1000,6,2,true,17
727,270,861,788,1623,963.0,2,70,1,1,1.0,1000,6,2,true,17
727,271,864,788,1626,963.0,2,70,1,1,1.0,1000,6,2,true,17
727,272,868,790,1630,967.0,2,70,1,1,1.0,1000,7,2,true,17
727,273,871,792,1633,971.0,2,70,1,1,1.0,1000,7,2,true,17
727,274,875,794,1637,975.0,2,70,1,1,1.0,1000,7,2,true,17
727,275,879,794,1641,975.0,2,70,1,1,1.0,1000,7,2,true,17
727,276,882,794,1644,975.0,2,70,1,1,1.0,1000,6,2,true,17
727,277,886,795,1648,977.0,2,70,1,1,1.0,1000,7,2,true,17
727,278,890,795,1652,977.0,2,70,1,1,1.0,1000,6,2,true,17
727,279,893,796,1655,979.0,2,70,1,1,1.0,1000,6,2,true,17
727,280,897,798,1659,983.0,2,70,1,1,1.0,1000,6,2,true,17
727,281,900,798,1662,983.0,2,70,1,1,1.0,1000,6,2,true,17
727,282,904,798,1666,983.0,2,70,1,1,1.0,1000,7,2,true,17
727,283,908,800,1670,987.0,2,70,1,1,1.0,1000,7,2,true,17
727,284,911,800,1673,987.0,2,70,1,1,1.0,1000,6,2,true,17
727,285,914,800,1676,987.0,2,70,1,1,1.0,1000,6,2,true,17
727,286,918,802,1680,991.0,2,70,1,1,1.0,1000,6,2,true,17
727,287,921,803,1683,993.0,2,70,1,1,1.0,1000,6,2,true,17
727,288,924,805,1686,997.0,2,70,1,1,1.0,1000,6,2,true,17
727,289,927,805,1689,997.0,2,70,1,1,1.0,1000,6,2,true,17
727,290,930,805,1692,997.0,2,70,1,1,1.0,1000,6,2,true,17
727,291,933,805,1695,997.0,2,70,1,1,1.0,1000,6,2,true,17
727,292,936,805,1698,997.0,2,70,1,1,1.0,1000,6,2,true,17
727,293,939,805,1701,997.0,2,70,1,1,1.0,1000,6,2,true,17
727,294,943,805,1705,997.0,2,70,1,1,1.0,1000,7,2,true,17
727,295,946,806,1708,999.0,2,70,1,1,1.0,1000,7,2,true,17
727,296,949,808,1711,1003.0,2,70,1,1,1.0,1000,6,2,true,17
727,297,953,808,1715,1003.0,2,70,1,1,1.0,1000,7,2,true,17
727,298,956,808,1718,1003.0,2,70,1,1,1.0,1000,6,2,true,17
727,299,960,808,1722,1003.0,2,70,1,1,1.0,1000,7,2,true,17
727,300,963,808,1725,1003.0,2,70,1,1,1.0,1000,6,2,true,17
727,301,967,808,1729,1003.0,2,70,1,1,1.0,1000,7,2,true,17
727,302,970,809,1732,1005.0,2,70,1,1,1.0,1000,6,2,true,17
727,303,973,809,1735,1005.0,2,70,1,1,1.0,1000,6,2,true,17
727,304,976,809,1738,1005.0,2,70,1,1,1.0,1000,6,2,true,17
727,305,979,809,1741,1005.0,2,70,1,1,1.0,1000,6,2,true,17
727,306,982,809,1744,1005.0,2,70,1,1,1.0,1000,6,2,true,17
727,307,986,810,1748,1007.0,2,70,1,1,1.0,1000,7,2,true,17
727,308,989,811,1751,1009.0,2,70,1,1,1.0,1000,6,2,true,17
727,309,992,812,1754,1011.0,2,70,1,1,1.0,1000,6,2,true,17
727,310,995,813,1757,1013.0,2,70,1,1,1.0,1000,6,2,true,17
727,311,999,814,1761,1015.0,2,70,1,1,1.0,1000,7,2,true,17
727,312,1002,815,1764,1017.0,2,70,1,1,1.0,1000,6,2,true,17
727,313,1005,816,1767,1019.0,2,70,1,1,1.0,1000,7,2,true,17
727,314,1008,816,1770,1019.0,2,70,1,1,1.0,1000,6,2,true,17
727,315,1011,817,1773,1021.0,2,70,1,1,1.0,1000,6,2,true,17
727,316,1014,819,1776,1025.0,2,70,1,1,1.0,1000,6,2,true,17
727,317,1018,819,1780,1025.0,2,70,1,1,1.0,1000,6,2,true,17
727,318,1021,820,1783,1027.0,2,70,1,1,1.0,1000,6,2,true,17
727,319,1024,821,1786,1029.0,2,70,1,1,1.0,1000,6,2,true,17
727,320,1027,821,1789,1029.0,2,70,1,1,1.0,1000,6,2,true,17
727,321,1030,821,1792,1029.0,2,70,1,1,1.0,1000,6,2,true,17
727,322,1033,821,1795,1029.0,2,70,1,1,1.0,1000,6,2,true,17
727,323,1036,821,1798,1029.0,2,70,1,1,1.0,1000,6,2,true,17
727,324,1040,822,1802,1031.0,2,70,1,1,1.0,1000,7,2,true,17
727,325,1043,822,1805,1031.0,2,70,1,1,1.0,1000,6,2,true,17
727,326,1046,822,1808,1031.0,2,70,1,1,1.0,1000,6,2,true,17
727,327,1050,823,1812,1033.0,2,70,1,1,1.0,1000,7,2,true,17
727,328,1054,823,1816,1033.0,2,70,1,1,1.0,1000,7,2,true,17
727,329,1057,823,1819,1033.0,2,70,1,1,1.0,1000,7,2,true,17
727,330,1060,825,1822,1037.0,2,70,1,1,1.0,1000,6,2,true,17
727,331,1064,825,1826,1037.0,2,70,1,1,1.0,1000,7,2,true,17
727,332,1067,826,1829,1039.0,2,70,1,1,1.0,1000,6,2,true,17
727,333,1070,827,1832,1041.0,2,70,1,1,1.0,1000,6,2,true,17
727,334,1073,829,1835,1045.0,2,70,1,1,1.0,1000,6,2,true,17
727,335,1076,829,1838,1045.0,2,70,1,1,1.0,1000,6,2,true,17
727,337,1082,829,1844,1045.0,2,70,1,1,1.0,1000,6,2,true,17
727,337,1082,829,1844,1045.0,2,70,1,1,1.0,1000,7,2,true,17
727,338,1085,829,1847,1045.0,2,70,1,1,1.0,1000,6,2,true,17
727,339,1088,830,1850,1047.0,2,70,1,1,1.0,1000,6,2,true,17
727,340,1091,831,1853,1049.0,2,70,1,1,1.0,1000,6,2,true,17
727,341,1095,833,1857,1053.0,2,70,1,1,1.0,1000,7,2,true,17
727,342,1099,834,1861,1055.0,2,70,1,1,1.0,1000,6,2,true,17
727,343,1103,835,1865,1057.0,2,70,1,1,1.0,1000,7,2,true,17
727,344,1106,835,1868,1057.0,2,70,1,1,1.0,1000,7,2,true,17
727,345,1109,836,1871,1059.0,2,70,1,1,1.0,1000,6,2,true,17
727,346,1112,837,1874,1061.0,2,70,1,1,1.0,1000,6,2,true,17
727,347,1115,838,1877,1063.0,2,70,1,1,1.0,1000,6,2,true,17
727,348,1119,838,1881,1063.0,2,70,1,1,1.0,1000,7,2,true,17
727,349,1123,838,1885,1063.0,2,70,1,1,1.0,1000,6,2,true,17
727,350,1126,839,1888,1065.0,2,70,1,1,1.0,1000,6,2,true,17
727,351,1129,839,1891,1065.0,2,70,1,1,1.0,1000,6,2,true,17
727,352,1132,840,1894,1067.0,2,70,1,1,1.0,1000,7,2,true,17
727,353,1135,840,1897,1067.0,2,70,1,1,1.0,1000,6,2,true,17
727,354,1138,840,1900,1067.0,2,70,1,1,1.0,1000,7,2,true,17
727,355,1141,841,1903,1069.0,2,70,1,1,1.0,1000,6,2,true,17
727,356,1144,841,1906,1069.0,2,70,1,1,1.0,1000,6,2,true,17
727,357,1148,842,1910,1071.0,2,70,1,1,1.0,1000,7,2,true,17
727,358,1151,842,1913,1071.0,2,70,1,1,1.0,1000,6,2,true,17
727,359,1154,842,1916,1071.0,2,70,1,1,1.0,1000,6,2,true,17
727,360,1157,842,1919,1071.0,2,70,1,1,1.0,1000,6,2,true,17
727,361,1160,843,1922,1073.0,2,70,1,1,1.0,1000,6,2,true,17
727,362,1163,843,1925,1073.0,2,70,1,1,1.0,1000,6,2,true,17
727,363,1166,844,1928,1075.0,2,70,1,1,1.0,1000,6,2,true,17
727,364,1169,844,1931,1075.0,2,70,1,1,1.0,1000,6,2,true,17
727,365,1172,845,1934,1077.0,2,70,1,1,1.0,1000,7,2,true,17
727,366,1175,845,1937,1077.0,2,70,1,1,1.0,1000,6,2,true,17
727,367,1178,846,1940,1079.0,2,70,1,1,1.0,1000,6,2,true,17
727,368,1181,846,1943,1079.0,2,70,1,1,1.0,1000,6,2,true,17
727,369,1184,847,1946,1081.0,2,70,1,1,1.0,1000,6,2,true,17
727,370,1187,847,1949,1081.0,2,70,1,1,1.0,1000,6,2,true,17
727,371,1190,849,1952,1085.0,2,70,1,1,1.0,1000,6,2,true,17
727,372,1194,850,1956,1087.0,2,70,1,1,1.0,1000,7,2,true,17
727,373,1197,851,1959,1089.0,2,70,1,1,1.0,1000,6,2,true,17
727,374,1200,852,1962,1091.0,2,70,1,1,1.0,1000,6,2,true,17
727,375,1203,853,1965,1093.0,2,70,1,1,1.0,1000,6,2,true,17
727,376,1206,853,1968,1093.0,2,70,1,1,1.0,1000,6,2,true,17
727,377,1209,854,1971,1095.0,2,70,1,1,1.0,1000,6,2,true,17
727,378,1212,854,1974,1095.0,2,70,1,1,1.0,1000,6,2,true,17
727,379,1215,854,1977,1095.0,2,70,1,1,1.0,1000,6,2,true,17
727,380,1219,856,1981,1099.0,2,70,1,1,1.0,1000,7,2,true,17
727,381,1222,856,1984,1099.0,2,70,1,1,1.0,1000,6,2,true,17
727,382,1225,857,1987,1101.0,2,70,1,1,1.0,1000,6,2,true,17
727,383,1228,858,1990,1103.0,2,70,1,1,1.0,1000,6,2,true,17
727,384,1231,859,1993,1105.0,2,70,1,1,1.0,1000,6,2,true,17
727,385,1235,859,1997,1105.0,2,70,1,1,1.0,1000,7,2,true,17
727,386,1238,859,2000,1105.0,2,70,1,1,1.0,1000,6,2,true,17
727,387,1241,859,2003,1105.0,2,70,1,1,1.0,1000,6,2,true,17
727,388,1245,860,2007,1107.0,2,70,1,1,1.0,1000,7,2,true,17
727,389,1248,862,2010,1111.0,2,70,1,1,1.0,1000,6,2,true,17
727,390,1251,862,2013,1111.0,2,70,1,1,1.0,1000,6,2,true,17
727,391,1254,862,2016,1111.0,2,70,1,1,1.0,1000,6,2,true,17
727,392,1257,863,2019,1113.0,2,70,1,1,1.0,1000,6,2,true,17
727,393,1260,863,2022,1113.0,2,70,1,1,1.0,1000,6,2,true,17
727,394,1263,864,2025,1115.0,2,70,1,1,1.0,1000,6,2,true,17
727,395,1266,864,2028,1115.0,2,70,1,1,1.0,1000,6,2,true,17
727,396,1270,864,2032,1115.0,2,70,1,1,1.0,1000,6,2,true,17
727,397,1273,864,2035,1115.0,2,70,1,1,1.0,1000,6,2,true,17
727,398,1277,864,2039,1115.0,2,70,1,1,1.0,1000,7,2,true,17
727,399,1281,864,2043,1115.0,2,70,1,1,1.0,1000,7,2,true,17
727,400,1284,864,2046,1115.0,2,70,1,1,1.0,1000,6,2,true,17
727,401,1287,864,2049,1115.0,2,70,1,1,1.0,1000,6,2,true,17
727,402,1290,864,2052,1115.0,2,70,1,1,1.0,1000,6,2,true,17
727,403,1294,864,2056,1115.0,2,70,1,1,1.0,1000,6,2,true,17
727,404,1297,864,2059,1115.0,2,70,1,1,1.0,1000,6,2,true,17
727,405,1300,864,2062,1115.0,2,70,1,1,1.0,1000,6,2,true,17
727,406,1303,865,2065,1117.0,2,70,1,1,1.0,1000,6,2,true,17
727,407,1306,865,2068,1117.0,2,70,1,1,1.0,1000,6,2,true,17
727,408,1309,865,2071,1117.0,2,70,1,1,1.0,1000,6,2,true,17
727,409,1312,865,2074,1117.0,2,70,1,1,1.0,1000,6,2,true,17
727,410,1316,867,2078,1121.0,2,70,1,1,1.0,1000,7,2,true,17
727,411,1319,867,2081,1121.0,2,70,1,1,1.0,1000,6,2,true,17
727,412,1322,868,2084,1123.0,2,70,1,1,1.0,1000,6,2,true,17
727,413,1325,869,2087,1125.0,2,70,1,1,1.0,1000,6,2,true,17
727,414,1329,869,2091,1125.0,2,70,1,1,1.0,1000,6,2,true,17
727,415,1333,869,2095,1125.0,2,70,1,1,1.0,1000,6,2,true,17
727,416,1336,870,2098,1127.0,2,70,1,1,1.0,1000,6,2,true,17
727,417,1339,871,2101,1129.0,2,70,1,1,1.0,1000,6,2,true,17
727,418,1342,872,2104,1131.0,2,70,1,1,1.0,1000,7,2,true,17
727,419,1346,872,2108,1131.0,2,70,1,1,1.0,1000,6,2,true,17
727,420,1349,873,2111,1133.0,2,70,1,1,1.0,1000,6,2,true,17
727,421,1351,873,2113,1133.0,2,70,1,1,1.0,1000,6,2,true,17
727,422,1355,875,2117,1137.0,2,70,1,1,1.0,1000,6,2,true,17
727,423,1358,876,2120,1139.0,2,70,1,1,1.0,1000,7,2,true,17
727,424,1361,876,2123,1139.0,2,70,1,1,1.0,1000,6,2,true,17
727,425,1364,876,2126,1139.0,2,70,1,1,1.0,1000,6,2,true,17
727,426,1367,877,2129,1141.0,2,70,1,1,1.0,1000,6,2,true,17
727,427,1370,878,2132,1143.0,2,70,1,1,1.0,1000,6,2,true,17
727,428,1373,879,2135,1145.0,2,70,1,1,1.0,1000,6,2,true,17
727,429,1376,879,2138,1145.0,2,70,1,1,1.0,1000,6,2,true,17
727,430,1379,879,2141,1145.0,2,70,1,1,1.0,1000,6,2,true,17
727,431,1382,879,2144,1145.0,2,70,1,1,1.0,1000,6,2,true,17
727,432,1385,879,2147,1145.0,2,70,1,1,1.0,1000,6,2,true,17
727,433,1389,879,2151,1145.0,2,70,1,1,1.0,1000,7,2,true,17
727,434,1393,880,2155,1147.0,2,70,1,1,1.0,1000,7,2,true,17
727,435,1396,880,2158,1147.0,2,70,1,1,1.0,1000,6,2,true,17
727,436,1400,880,2162,1147.0,2,70,1,1,1.0,1000,6,2,true,17
727,437,1403,882,2165,1151.0,2,70,1,1,1.0,1000,6,2,true,17
727,438,1406,882,2168,1151.0,2,70,1,1,1.0,1000,6,2,true,17
727,439,1409,883,2171,1153.0,2,70,1,1,1.0,1000,6,2,true,17
727,440,1412,883,2174,1153.0,2,70,1,1,1.0,1000,6,2,true,17
727,441,1415,884,2177,1155.0,2,70,1,1,1.0,1000,6,2,true,17
727,442,1418,884,2180,1155.0,2,70,1,1,1.0,1000,6,2,true,17
727,443,1421,884,2183,1155.0,2,70,1,1,1.0,1000,6,2,true,17
727,444,1424,884,2186,1155.0,2,70,1,1,1.0,1000,7,2,true,17
727,445,1427,885,2189,1157.0,2,70,1,1,1.0,1000,6,2,true,17
727,446,1430,886,2192,1159.0,2,70,1,1,1.0,1000,6,2,true,17
727,447,1433,889,2195,1165.0,2,70,1,1,1.0,1000,6,2,true,17
727,448,1436,890,2198,1167.0,2,70,1,1,1.0,1000,6,2,true,17
727,449,1440,891,2202,1169.0,2,70,1,1,1.0,1000,6,2,true,17
727,450,1444,891,2206,1169.0,2,70,1,1,1.0,1000,6,2,true,17
727,451,1447,892,2209,1171.0,2,70,1,1,1.0,1000,7,2,true,17
727,452,1450,892,2212,1171.0,2,70,1,1,1.0,1000,6,2,true,17
727,453,1453,892,2215,1171.0,2,70,1,1,1.0,1000,6,2,true,17
727,454,1457,892,2219,1171.0,2,70,1,1,1.0,1000,6,2,true,17
727,455,1460,892,2222,1171.0,2,70,1,1,1.0,1000,6,2,true,17
727,456,1463,892,2225,1171.0,2,70,1,1,1.0,1000,6,2,true,17
727,457,1466,892,2228,1171.0,2,70,1,1,1.0,1000,6,2,true,17
727,458,1470,892,2232,1171.0,2,70,1,1,1.0,1000,7,2,true,17
727,459,1473,892,2235,1171.0,2,70,1,1,1.0,1000,7,2,true,17
727,460,1476,893,2238,1173.0,2,70,1,1,1.0,1000,6,2,true,17
727,461,1479,893,2241,1173.0,2,70,1,1,1.0,1000,6,2,true,17
727,462,1482,894,2244,1175.0,2,70,1,1,1.0,1000,6,2,true,17
727,463,1485,894,2247,1175.0,2,70,1,1,1.0,1000,6,2,true,17
727,464,1488,895,2250,1177.0,2,70,1,1,1.0,1000,6,2,true,17
727,465,1491,895,2253,1177.0,2,70,1,1,1.0,1000,6,2,true,17
727,466,1494,895,2256,1177.0,2,70,1,1,1.0,1000,6,2,true,17
727,467,1497,895,2259,1177.0,2,70,1,1,1.0,1000,6,2,true,17
727,468,1500,895,2262,1177.0,2,70,1,1,1.0,1000,6,2,true,17
727,469,1503,895,2265,1177.0,2,70,1,1,1.0,1000,6,2,true,17
727,470,1506,895,2268,1177.0,2,70,1,1,1.0,1000,6,2,true,17
727,471,1509,896,2271,1179.0,2,70,1,1,1.0,1000,6,2,true,17
727,472,1512,897,2274,1181.0,2,70,1,1,1.0,1000,6,2,true,17
727,473,1516,897,2278,1181.0,2,70,1,1,1.0,1000,7,2,true,17
727,474,1519,898,2281,1183.0,2,70,1,1,1.0,1000,6,2,true,17
727,475,1522,899,2284,1185.0,2,70,1,1,1.0,1000,6,2,true,17
727,476,1526,899,2288,1185.0,2,70,1,1,1.0,1000,7,2,true,17
727,477,1529,899,2291,1185.0,2,70,1,1,1.0,1000,6,2,true,17
727,478,1532,899,2294,1185.0,2,70,1,1,1.0,1000,6,2,true,17
727,479,1535,899,2297,1185.0,2,70,1,1,1.0,1000,6,2,true,17
727,480,1538,899,2300,1185.0,2,70,1,1,1.0,1000,7,2,true,17
727,481,1542,899,2304,1185.0,2,70,1,1,1.0,1000,7,2,true,17
727,482,1545,899,2307,1185.0,2,70,1,1,1.0,1000,6,2,true,17
727,483,1548,900,2310,1187.0,2,70,1,1,1.0,1000,6,2,true,17
727,484,1552,900,2314,1187.0,2,70,1,1,1.0,1000,6,2,true,17
727,485,1555,900,2317,1187.0,2,70,1,1,1.0,1000,6,2,true,17
727,486,1558,901,2320,1189.0,2,70,1,1,1.0,1000,6,2,true,17
727,487,1562,901,2324,1189.0,2,70,1,1,1.0,1000,6,2,true,17
727,488,1565,901,2327,1189.0,2,70,1,1,1.0,1000,6,2,true,17
727,489,1568,901,2330,1189.0,2,70,1,1,1.0,1000,7,2,true,17
727,490,1571,901,2333,1189.0,2,70,1,1,1.0,1000,6,2,true,17
727,491,1574,901,2336,1189.0,2,70,1,1,1.0,1000,6,2,true,17
727,492,1578,901,2340,1189.0,2,70,1,1,1.0,1000,7,2,true,17
727,493,1581,903,2343,1193.0,2,70,1,1,1.0,1000,6,2,true,17
727,494,1585,905,2347,1197.0,2,70,1,1,1.0,1000,7,2,true,17
727,495,1588,905,2350,1197.0,2,70,1,1,1.0,1000,6,2,true,17
727,496,1592,905,2354,1197.0,2,70,1,1,1.0,1000,7,2,true,17
727,497,1596,905,2358,1197.0,2,70,1,1,1.0,1000,7,2,true,17
727,498,1600,905,2362,1197.0,2,70,1,1,1.0,1000,7,2,true,17
727,499,1603,905,2365,1197.0,2,70,1,1,1.0,1000,6,2,true,17
727,500,1606,905,2368,1197.0,2,70,1,1,1.0,1000,6,2,true,17
727,501,1609,906,2371,1199.0,2,70,1,1,1.0,1000,6,2,true,17
727,502,1612,906,2374,1199.0,2,70,1,1,1.0,1000,6,2,true,17
727,503,1616,906,2378,1199.0,2,70,1,1,1.0,1000,7,2,true,17
727,504,1619,906,2381,1199.0,2,70,1,1,1.0,1000,6,2,true,17
727,505,1622,906,2384,1199.0,2,70,1,1,1.0,1000,6,2,true,17
727,506,1625,906,2387,1199.0,2,70,1,1,1.0,1000,6,2,true,17
727,507,1629,907,2391,1201.0,2,70,1,1,1.0,1000,6,2,true,17
727,508,1632,907,2394,1201.0,2,70,1,1,1.0,1000,6,2,true,17
727,509,1635,907,2397,1201.0,2,70,1,1,1.0,1000,6,2,true,17
727,510,1638,907,2400,1201.0,2,70,1,1,1.0,1000,6,2,true,17
727,511,1641,907,2403,1201.0,2,70,1,1,1.0,1000,6,2,true,17
727,512,1645,907,2407,1201.0,2,70,1,1,1.0,1000,6,2,true,17
727,513,1648,907,2410,1201.0,2,70,1,1,1.0,1000,6,2,true,17
727,514,1651,908,2413,1203.0,2,70,1,1,1.0,1000,6,2,true,17
727,515,1654,908,2416,1203.0,2,70,1,1,1.0,1000,6,2,true,17
727,516,1657,908,2419,1203.0,2,70,1,1,1.0,1000,6,2,true,17
727,517,1660,908,2422,1203.0,2,70,1,1,1.0,1000,6,2,true,17
727,518,1663,908,2425,1203.0,2,70,1,1,1.0,1000,6,2,true,17
727,519,1667,908,2429,1203.0,2,70,1,1,1.0,1000,7,2,true,17
727,520,1670,908,2432,1203.0,2,70,1,1,1.0,1000,6,2,true,17
727,521,1673,908,2435,1203.0,2,70,1,1,1.0,1000,6,2,true,17
727,522,1676,908,2438,1203.0,2,70,1,1,1.0,1000,6,2,true,17
727,523,1679,908,2441,1203.0,2,70,1,1,1.0,1000,6,2,true,17
727,524,1683,908,2445,1203.0,2,70,1,1,1.0,1000,7,2,true,17
727,525,1687,908,2449,1203.0,2,70,1,1,1.0,1000,7,2,true,17
727,526,1690,908,2452,1203.0,2,70,1,1,1.0,1000,7,2,true,17
727,527,1693,908,2455,1203.0,2,70,1,1,1.0,1000,7,2,true,17
727,528,1697,908,2459,1203.0,2,70,1,1,1.0,1000,6,2,true,17
727,529,1700,908,2462,1203.0,2,70,1,1,1.0,1000,6,2,true,17
727,530,1704,908,2466,1203.0,2,70,1,1,1.0,1000,6,2,true,17
727,531,1707,908,2469,1203.0,2,70,1,1,1.0,1000,6,2,true,17
727,532,1710,909,2472,1205.0,2,70,1,1,1.0,1000,6,2,true,17
727,533,1713,909,2475,1205.0,2,70,1,1,1.0,1000,6,2,true,17
727,534,1716,910,2478,1207.0,2,70,1,1,1.0,1000,7,2,true,17
727,535,1719,910,2481,1207.0,2,70,1,1,1.0,1000,6,2,true,17
727,536,1722,910,2484,1207.0,2,70,1,1,1.0,1000,6,2,true,17
727,537,1725,910,2487,1207.0,2,70,1,1,1.0,1000,6,2,true,17
727,538,1728,910,2490,1207.0,2,70,1,1,1.0,1000,6,2,true,17
727,539,1732,911,2494,1209.0,2,70,1,1,1.0,1000,7,2,true,17
727,540,1735,912,2497,1211.0,2,70,1,1,1.0,1000,6,2,true,17
727,541,1739,912,2501,1211.0,2,70,1,1,1.0,1000,6,2,true,17
727,542,1742,912,2504,1211.0,2,70,1,1,1.0,1000,7,2,true,17
727,543,1745,913,2507,1213.0,2,70,1,1,1.0,1000,6,2,true,17
727,544,1748,914,2510,1215.0,2,70,1,1,1.0,1000,6,2,true,17
727,545,1752,915,2514,1217.0,2,70,1,1,1.0,1000,7,2,true,17
727,546,1755,916,2517,1219.0,2,70,1,1,1.0,1000,6,2,true,17
727,547,1758,916,2520,1219.0,2,70,1,1,1.0,1000,6,2,true,17
727,548,1762,916,2524,1219.0,2,70,1,1,1.0,1000,7,2,true,17
727,549,1765,916,2527,1219.0,2,70,1,1,1.0,1000,6,2,true,17
727,550,1768,916,2530,1219.0,2,70,1,1,1.0,1000,6,2,true,17
727,551,1771,916,2533,1219.0,2,70,1,1,1.0,1000,6,2,true,17
727,552,1774,916,2536,1219.0,2,70,1,1,1.0,1000,7,2,true,17
727,553,1777,917,2539,1221.0,2,70,1,1,1.0,1000,6,2,true,17
727,554,1780,917,2542,1221.0,2,70,1,1,1.0,1000,7,2,true,17
727,555,1784,917,2546,1221.0,2,70,1,1,1.0,1000,7,2,true,17
727,556,1788,917,2550,1221.0,2,70,1,1,1.0,1000,6,2,true,17
727,557,1791,917,2553,1221.0,2,70,1,1,1.0,1000,6,2,true,17
727,558,1794,917,2556,1221.0,2,70,1,1,1.0,1000,6,2,true,17
727,559,1797,918,2559,1223.0,2,70,1,1,1.0,1000,6,2,true,17
727,560,1800,919,2562,1225.0,2,70,1,1,1.0,1000,6,2,true,17
727,561,1803,919,2565,1225.0,2,70,1,1,1.0,1000,6,2,true,17
727,562,1806,920,2568,1227.0,2,70,1,1,1.0,1000,6,2,true,17
727,563,1809,920,2571,1227.0,2,70,1,1,1.0,1000,6,2,true,17
727,564,1812,920,2574,1227.0,2,70,1,1,1.0,1000,6,2,true,17
727,565,1815,920,2577,1227.0,2,70,1,1,1.0,1000,7,2,true,17
727,566,1818,920,2580,1227.0,2,70,1,1,1.0,1000,6,2,true,17
727,567,1821,921,2583,1229.0,2,70,1,1,1.0,1000,6,2,true,17
727,568,1825,921,2587,1229.0,2,70,1,1,1.0,1000,7,2,true,17
727,569,1828,921,2590,1229.0,2,70,1,1,1.0,1000,6,2,true,17
727,570,1831,922,2593,1231.0,2,70,1,1,1.0,1000,6,2,true,17
727,571,1834,922,2596,1231.0,2,70,1,1,1.0,1000,6,2,true,17
727,572,1837,922,2599,1231.0,2,70,1,1,1.0,1000,6,2,true,17
727,573,1840,922,2602,1231.0,2,70,1,1,1.0,1000,6,2,true,17
727,574,1843,922,2605,1231.0,2,70,1,1,1.0,1000,7,2,true,17
727,575,1847,923,2609,1233.0,2,70,1,1,1.0,1000,7,2,true,17
727,576,1851,923,2613,1233.0,2,70,1,1,1.0,1000,7,2,true,17
727,577,1854,923,2616,1233.0,2,70,1,1,1.0,1000,6,2,true,17
727,578,1857,923,2619,1233.0,2,70,1,1,1.0,1000,6,2,true,17
727,579,1861,924,2623,1235.0,2,70,1,1,1.0,1000,7,2,true,17
727,580,1864,924,2626,1235.0,2,70,1,1,1.0,1000,6,2,true,17
727,581,1867,924,2629,1235.0,2,70,1,1,1.0,1000,6,2,true,17
727,582,1870,924,2632,1235.0,2,70,1,1,1.0,1000,6,2,true,17
727,583,1873,925,2635,1237.0,2,70,1,1,1.0,1000,6,2,true,17
727,584,1876,925,2638,1237.0,2,70,1,1,1.0,1000,6,2,true,17
727,585,1879,925,2641,1237.0,2,70,1,1,1.0,1000,6,2,true,17
727,586,1883,925,2645,1237.0,2,70,1,1,1.0,1000,7,2,true,17
727,587,1886,925,2648,1237.0,2,70,1,1,1.0,1000,6,2,true,17
727,588,1889,925,2651,1237.0,2,70,1,1,1.0,1000,6,2,true,17
727,589,1892,925,2654,1237.0,2,70,1,1,1.0,1000,6,2,true,17
727,590,1895,925,2657,1237.0,2,70,1,1,1.0,1000,6,2,true,17
727,591,1898,926,2660,1239.0,2,70,1,1,1.0,1000,6,2,true,17
727,592,1901,927,2663,1241.0,2,70,1,1,1.0,1000,6,2,true,17
727,593,1905,928,2667,1243.0,2,70,1,1,1.0,1000,7,2,true,17
727,594,1908,928,2670,1243.0,2,70,1,1,1.0,1000,7,2,true,17
727,595,1911,928,2673,1243.0,2,70,1,1,1.0,1000,6,2,true,17
727,596,1914,928,2676,1243.0,2,70,1,1,1.0,1000,6,2,true,17
727,597,1917,928,2679,1243.0,2,70,1,1,1.0,1000,6,2,true,17
727,598,1920,929,2682,1245.0,2,70,1,1,1.0,1000,7,2,true,17
727,599,1923,929,2685,1245.0,2,70,1,1,1.0,1000,6,2,true,17
727,600,1927,929,2689,1245.0,2,70,1,1,1.0,1000,7,2,true,17
727,601,1930,929,2692,1245.0,2,70,1,1,1.0,1000,6,2,true,17
727,602,1933,929,2695,1245.0,2,70,1,1,1.0,1000,6,2,true,17
727,603,1936,929,2698,1245.0,2,70,1,1,1.0,1000,6,2,true,17
727,604,1939,930,2701,1247.0,2,70,1,1,1.0,1000,6,2,true,17
727,605,1942,932,2704,1251.0,2,70,1,1,1.0,1000,6,2,true,17
727,606,1945,932,2707,1251.0,2,70,1,1,1.0,1000,6,2,true,17
727,607,1948,932,2710,1251.0,2,70,1,1,1.0,1000,6,2,true,17
727,608,1951,932,2713,1251.0,2,70,1,1,1.0,1000,6,2,true,17
727,609,1954,932,2716,1251.0,2,70,1,1,1.0,1000,6,2,true,17
727,610,1957,933,2719,1253.0,2,70,1,1,1.0,1000,6,2,true,17
727,611,1961,933,2723,1253.0,2,70,1,1,1.0,1000,6,2,true,17
727,612,1965,934,2727,1255.0,2,70,1,1,1.0,1000,6,2,true,17
727,613,1968,934,2730,1255.0,2,70,1,1,1.0,1000,6,2,true,17
727,614,1971,934,2733,1255.0,2,70,1,1,1.0,1000,7,2,true,17
727,615,1974,935,2736,1257.0,2,70,1,1,1.0,1000,6,2,true,17
727,616,1977,935,2739,1257.0,2,70,1,1,1.0,1000,6,2,true,17
727,617,1980,936,2742,1259.0,2,70,1,1,1.0,1000,6,2,true,17
727,618,1983,936,2745,1259.0,2,70,1,1,1.0,1000,6,2,true,17
727,619,1986,936,2748,1259.0,2,70,1,1,1.0,1000,6,2,true,17
727,620,1989,936,2751,1259.0,2,70,1,1,1.0,1000,6,2,true,17
727,621,1992,936,2754,1259.0,2,70,1,1,1.0,1000,6,2,true,17
727,622,1995,936,2757,1259.0,2,70,1,1,1.0,1000,6,2,true,17
727,623,1998,936,2760,1259.0,2,70,1,1,1.0,1000,6,2,true,17
727,624,2001,936,2763,1259.0,2,70,1,1,1.0,1000,6,2,true,17
727,625,2004,936,2766,1259.0,2,70,1,1,1.0,1000,6,2,true,17
727,626,2007,936,2769,1259.0,2,70,1,1,1.0,1000,6,2,true,17
727,627,2010,936,2772,1259.0,2,70,1,1,1.0,1000,6,2,true,17
727,628,2013,937,2775,1261.0,2,70,1,1,1.0,1000,6,2,true,17
727,629,2016,938,2778,1263.0,2,70,1,1,1.0,1000,7,2,true,17
727,630,2019,938,2781,1263.0,2,70,1,1,1.0,1000,6,2,true,17
727,631,2022,939,2784,1265.0,2,70,1,1,1.0,1000,6,2,true,17
727,632,2025,939,2787,1265.0,2,70,1,1,1.0,1000,7,2,true,17
727,633,2028,941,2790,1269.0,2,70,1,1,1.0,1000,6,2,true,17
727,634,2030,941,2792,1269.0,2,70,1,1,1.0,1000,6,2,true,17
727,635,2033,942,2795,1271.0,2,70,1,1,1.0,1000,6,2,true,17
727,636,2037,943,2799,1273.0,2,70,1,1,1.0,1000,7,2,true,17
727,637,2040,943,2802,1273.0,2,70,1,1,1.0,1000,6,2,true,17
727,638,2043,944,2805,1275.0,2,70,1,1,1.0,1000,6,2,true,17
727,639,2046,944,2808,1275.0,2,70,1,1,1.0,1000,6,2,true,17
727,640,2050,944,2812,1275.0,2,70,1,1,1.0,1000,7,2,true,17
727,641,2054,944,2816,1275.0,2,70,1,1,1.0,1000,6,2,true,17
727,642,2058,985,4099,1277.0,2,70,1,1,1.0,1000,6,2,true,17
727,643,2061,985,4102,1277.0,2,70,1,1,1.0,1000,6,2,true,17
727,644,2064,985,4105,1277.0,2,70,1,1,1.0,1000,6,2,true,17
727,645,2067,985,4108,1277.0,2,70,1,1,1.0,1000,6,2,true,17
727,646,2070,985,4111,1277.0,2,70,1,1,1.0,1000,7,2,true,17
727,647,2073,985,4114,1277.0,2,70,1,1,1.0,1000,6,2,true,17
727,648,2076,985,4117,1277.0,2,70,1,1,1.0,1000,6,2,true,17
727,649,2079,985,4120,1277.0,2,70,1,1,1.0,1000,6,2,true,17
727,650,2082,985,4123,1277.0,2,70,1,1,1.0,1000,6,2,true,17
727,651,2086,985,4127,1277.0,2,70,1,1,1.0,1000,7,2,true,17
727,652,2089,985,4130,1277.0,2,70,1,1,1.0,1000,6,2,true,17
727,653,2092,985,4133,1277.0,2,70,1,1,1.0,1000,6,2,true,17
727,654,2095,985,4136,1277.0,2,70,1,1,1.0,1000,6,2,true,17
727,655,2098,985,4139,1277.0,2,70,1,1,1.0,1000,6,2,true,17
727,656,2101,985,4142,1277.0,2,70,1,1,1.0,1000,6,2,true,17
727,657,2104,985,4145,1277.0,2,70,1,1,1.0,1000,6,2,true,17
727,658,2107,985,4148,1277.0,2,70,1,1,1.0,1000,6,2,true,17
727,659,2111,985,4152,1277.0,2,70,1,1,1.0,1000,7,2,true,17
727,660,2115,986,4156,1279.0,2,70,1,1,1.0,1000,7,2,true,17
727,661,2118,986,4159,1279.0,2,70,1,1,1.0,1000,6,2,true,17
727,662,2122,986,4163,1279.0,2,70,1,1,1.0,1000,7,2,true,17
727,663,2125,986,4166,1279.0,2,70,1,1,1.0,1000,6,2,true,17
727,664,2128,986,4169,1279.0,2,70,1,1,1.0,1000,6,2,true,17
727,665,2131,986,4172,1279.0,2,70,1,1,1.0,1000,6,2,true,17
727,666,2134,986,4175,1279.0,2,70,1,1,1.0,1000,6,2,true,17
727,667,2137,986,4178,1279.0,2,70,1,1,1.0,1000,6,2,true,17
727,668,2140,986,4181,1279.0,2,70,1,1,1.0,1000,6,2,true,17
727,669,2143,986,4184,1279.0,2,70,1,1,1.0,1000,6,2,true,17
727,670,2146,986,4187,1279.0,2,70,1,1,1.0,1000,6,2,true,17
727,671,2149,986,4190,1279.0,2,70,1,1,1.0,1000,6,2,true,17
727,672,2152,986,4193,1279.0,2,70,1,1,1.0,1000,6,2,true,17
727,673,2156,986,4197,1279.0,2,70,1,1,1.0,1000,7,2,true,17
727,674,2159,986,4200,1279.0,2,70,1,1,1.0,1000,6,2,true,17
727,675,2162,986,4203,1279.0,2,70,1,1,1.0,1000,6,2,true,17
727,676,2165,986,4206,1279.0,2,70,1,1,1.0,1000,6,2,true,17
727,677,2169,986,4210,1279.0,2,70,1,1,1.0,1000,7,2,true,17
727,678,2172,986,4213,1279.0,2,70,1,1,1.0,1000,6,2,true,17
727,679,2175,986,4216,1279.0,2,70,1,1,1.0,1000,6,2,true,17
727,680,2178,986,4219,1279.0,2,70,1,1,1.0,1000,6,2,true,17
727,681,2182,986,4223,1279.0,2,70,1,1,1.0,1000,6,2,true,17
727,682,2185,986,4226,1279.0,2,70,1,1,1.0,1000,6,2,true,17
727,683,2189,986,4230,1279.0,2,70,1,1,1.0,1000,6,2,true,17
727,684,2192,986,4233,1279.0,2,70,1,1,1.0,1000,6,2,true,17
727,685,2195,986,4236,1279.0,2,70,1,1,1.0,1000,6,2,true,17
727,686,2198,986,4239,1279.0,2,70,1,1,1.0,1000,6,2,true,17
727,687,2201,986,4242,1279.0,2,70,1,1,1.0,1000,6,2,true,17
727,688,2204,986,4245,1279.0,2,70,1,1,1.0,1000,6,2,true,17
727,689,2207,986,4248,1279.0,2,70,1,1,1.0,1000,6,2,true,17
727,690,2211,986,4252,1279.0,2,70,1,1,1.0,1000,7,2,true,17
727,691,2214,986,4255,1279.0,2,70,1,1,1.0,1000,6,2,true,17
727,692,2217,986,4258,1279.0,2,70,1,1,1.0,1000,6,2,true,17
727,693,2220,986,4261,1279.0,2,70,1,1,1.0,1000,6,2,true,17
727,694,2224,986,4265,1279.0,2,70,1,1,1.0,1000,7,2,true,17
727,695,2228,986,4269,1279.0,2,70,1,1,1.0,1000,7,2,true,17
727,696,2231,986,4272,1279.0,2,70,1,1,1.0,1000,6,2,true,17
727,697,2235,986,4276,1279.0,2,70,1,1,1.0,1000,6,2,true,17
727,698,2238,986,4279,1279.0,2,70,1,1,1.0,1000,7,2,true,17
727,699,2241,986,4282,1279.0,2,70,1,1,1.0,1000,6,2,true,17
727,700,2244,986,4285,1279.0,2,70,1,1,1.0,1000,7,2,true,17
727,701,2247,986,4288,1279.0,2,70,1,1,1.0,1000,6,2,true,17
727,702,2250,986,4291,1279.0,2,70,1,1,1.0,1000,6,2,true,17
727,703,2254,986,4295,1279.0,2,70,1,1,1.0,1000,7,2,true,17
727,704,2257,986,4298,1279.0,2,70,1,1,1.0,1000,6,2,true,17
727,705,2260,986,4301,1279.0,2,70,1,1,1.0,1000,6,2,true,17
727,706,2263,986,4304,1279.0,2,70,1,1,1.0,1000,6,2,true,17
727,707,2266,986,4307,1279.0,2,70,1,1,1.0,1000,6,2,true,17
727,708,2269,986,4310,1279.0,2,70,1,1,1.0,1000,6,2,true,17
727,709,2272,986,4313,1279.0,2,70,1,1,1.0,1000,6,2,true,17
727,710,2275,986,4316,1279.0,2,70,1,1,1.0,1000,6,2,true,17
727,711,2278,986,4319,1279.0,2,70,1,1,1.0,1000,6,2,true,17
727,712,2281,986,4322,1279.0,2,70,1,1,1.0,1000,6,2,true,17
727,713,2284,986,4325,1279.0,2,70,1,1,1.0,1000,6,2,true,17
727,714,2287,987,4328,1281.0,2,70,1,1,1.0,1000,6,2,true,17
727,715,2290,987,4331,1281.0,2,70,1,1,1.0,1000,6,2,true,17
727,716,2293,988,4334,1283.0,2,70,1,1,1.0,1000,6,2,true,17
727,717,2296,988,4337,1283.0,2,70,1,1,1.0,1000,6,2,true,17
727,718,2299,989,4340,1285.0,2,70,1,1,1.0,1000,6,2,true,17
727,719,2302,989,4343,1285.0,2,70,1,1,1.0,1000,6,2,true,17
727,720,2305,989,4346,1285.0,2,70,1,1,1.0,1000,7,2,true,17
727,721,2308,989,4349,1285.0,2,70,1,1,1.0,1000,6,2,true,17
727,722,2311,989,4352,1285.0,2,70,1,1,1.0,1000,6,2,true,17
727,723,2315,989,4356,1285.0,2,70,1,1,1.0,1000,6,2,true,17
727,724,2318,989,4359,1285.0,2,70,1,1,1.0,1000,6,2,true,17
727,725,2321,989,4362,1285.0,2,70,1,1,1.0,1000,6,2,true,17
727,726,2324,989,4365,1285.0,2,70,1,1,1.0,1000,6,2,true,17
727,727,2327,989,4368,1285.0,2,70,1,1,1.0,1000,6,2,true,17
727,728,2331,989,4372,1285.0,2,70,1,1,1.0,1000,7,2,true,17
727,729,2334,989,4375,1285.0,2,70,1,1,1.0,1000,6,2,true,17
727,730,2337,989,4378,1285.0,2,70,1,1,1.0,1000,6,2,true,17
727,731,2340,989,4381,1285.0,2,70,1,1,1.0,1000,6,2,true,17
727,732,2343,989,4384,1285.0,2,70,1,1,1.0,1000,6,2,true,17
727,733,2346,989,4387,1285.0,2,70,1,1,1.0,1000,6,2,true,17
727,734,2349,989,4390,1285.0,2,70,1,1,1.0,1000,6,2,true,17
727,735,2353,989,4394,1285.0,2,70,1,1,1.0,1000,7,2,true,17
727,736,2356,989,4397,1285.0,2,70,1,1,1.0,1000,6,2,true,17
727,737,2359,989,4400,1285.0,2,70,1,1,1.0,1000,6,2,true,17
727,738,2362,989,4403,1285.0,2,70,1,1,1.0,1000,6,2,true,17
727,739,2366,989,4407,1285.0,2,70,1,1,1.0,1000,7,2,true,17
727,740,2370,989,4411,1285.0,2,70,1,1,1.0,1000,6,2,true,17
727,741,2373,989,4414,1285.0,2,70,1,1,1.0,1000,6,2,true,17
727,742,2376,989,4417,1285.0,2,70,1,1,1.0,1000,6,2,true,17
727,743,2379,989,4420,1285.0,2,70,1,1,1.0,1000,6,2,true,17
727,744,2383,989,4424,1285.0,2,70,1,1,1.0,1000,7,2,true,17
727,745,2387,989,4428,1285.0,2,70,1,1,1.0,1000,7,2,true,17
727,746,2390,989,4431,1285.0,2,70,1,1,1.0,1000,6,2,true,17
727,747,2393,989,4434,1285.0,2,70,1,1,1.0,1000,7,2,true,17
727,748,2397,989,4438,1285.0,2,70,1,1,1.0,1000,7,2,true,17
727,749,2400,989,4441,1285.0,2,70,1,1,1.0,1000,6,2,true,17
727,750,2403,989,4444,1285.0,2,70,1,1,1.0,1000,6,2,true,17
727,751,2406,989,4447,1285.0,2,70,1,1,1.0,1000,6,2,true,17
727,752,2409,989,4450,1285.0,2,70,1,1,1.0,1000,6,2,true,17
727,753,2412,989,4453,1285.0,2,70,1,1,1.0,1000,6,2,true,17
727,754,2415,989,4456,1285.0,2,70,1,1,1.0,1000,6,2,true,17
727,755,2419,989,4460,1285.0,2,70,1,1,1.0,1000,6,2,true,17
727,756,2422,989,4463,1285.0,2,70,1,1,1.0,1000,6,2,true,17
727,757,2425,989,4466,1285.0,2,70,1,1,1.0,1000,6,2,true,17
727,758,2428,989,4469,1285.0,2,70,1,1,1.0,1000,6,2,true,17
727,759,2431,989,4472,1285.0,2,70,1,1,1.0,1000,6,2,true,17
727,760,2435,989,4476,1285.0,2,70,1,1,1.0,1000,7,2,true,17
727,761,2438,989,4479,1285.0,2,70,1,1,1.0,1000,6,2,true,17
727,762,2442,989,4483,1285.0,2,70,1,1,1.0,1000,6,2,true,17
727,763,2445,989,4486,1285.0,2,70,1,1,1.0,1000,6,2,true,17
727,764,2448,989,4489,1285.0,2,70,1,1,1.0,1000,7,2,true,17
727,765,2451,989,4492,1285.0,2,70,1,1,1.0,1000,6,2,true,17
727,766,2455,989,4496,1285.0,2,70,1,1,1.0,1000,7,2,true,17
727,767,2458,989,4499,1285.0,2,70,1,1,1.0,1000,6,2,true,17
727,768,2462,989,4503,1285.0,2,70,1,1,1.0,1000,7,2,true,17
727,769,2465,989,4506,1285.0,2,70,1,1,1.0,1000,6,2,true,17
727,770,2468,989,4509,1285.0,2,70,1,1,1.0,1000,6,2,true,17
727,771,2471,989,4512,1285.0,2,70,1,1,1.0,1000,6,2,true,17
727,772,2474,989,4515,1285.0,2,70,1,1,1.0,1000,6,2,true,17
727,773,2477,989,4518,1285.0,2,70,1,1,1.0,1000,6,2,true,17
727,774,2481,989,4522,1285.0,2,70,1,1,1.0,1000,7,2,true,17
727,775,2484,989,4525,1285.0,2,70,1,1,1.0,1000,6,2,true,17
727,776,2487,989,4528,1285.0,2,70,1,1,1.0,1000,6,2,true,17
727,777,2490,989,4531,1285.0,2,70,1,1,1.0,1000,6,2,true,17
727,778,2494,989,4535,1285.0,2,70,1,1,1.0,1000,7,2,true,17
727,779,2496,989,4537,1285.0,2,70,1,1,1.0,1000,6,2,true,17
727,780,2498,990,4539,1287.0,2,70,1,1,1.0,1000,6,2,true,17
727,781,2501,990,4542,1287.0,2,70,1,1,1.0,1000,6,2,true,17
727,782,2504,990,4545,1287.0,2,70,1,1,1.0,1000,6,2,true,17
727,783,2508,990,4549,1287.0,2,70,1,1,1.0,1000,7,2,true,17
727,784,2511,990,4552,1287.0,2,70,1,1,1.0,1000,6,2,true,17
727,785,2515,990,4556,1287.0,2,70,1,1,1.0,1000,6,2,true,17
727,786,2518,990,4559,1287.0,2,70,1,1,1.0,1000,6,2,true,17
727,787,2521,990,4562,1287.0,2,70,1,1,1.0,1000,6,2,true,17
727,788,2524,990,4565,1287.0,2,70,1,1,1.0,1000,6,2,true,17
727,789,2527,990,4568,1287.0,2,70,1,1,1.0,1000,6,2,true,17
727,790,2530,990,4571,1287.0,2,70,1,1,1.0,1000,7,2,true,17
727,791,2533,990,4574,1287.0,2,70,1,1,1.0,1000,6,2,true,17
727,792,2536,990,4577,1287.0,2,70,1,1,1.0,1000,6,2,true,17
727,793,2540,990,4581,1287.0,2,70,1,1,1.0,1000,7,2,true,17
727,794,2543,990,4584,1287.0,2,70,1,1,1.0,1000,6,2,true,17
727,795,2546,990,4587,1287.0,2,70,1,1,1.0,1000,6,2,true,17
727,796,2549,990,4590,1287.0,2,70,1,1,1.0,1000,6,2,true,17
727,797,2552,990,4593,1287.0,2,70,1,1,1.0,1000,6,2,true,17
727,798,2556,990,4597,1287.0,2,70,1,1,1.0,1000,7,2,true,17
727,799,2558,990,4599,1287.0,2,70,1,1,1.0,1000,6,2,true,17
727,800,2561,990,4602,1287.0,2,70,1,1,1.0,1000,6,2,true,17
727,801,2564,990,4605,1287.0,2,70,1,1,1.0,1000,6,2,true,17
727,802,2567,990,4608,1287.0,2,70,1,1,1.0,1000,7,2,true,17
727,803,2571,990,4612,1287.0,2,70,1,1,1.0,1000,6,2,true,17
727,804,2575,990,4616,1287.0,2,70,1,1,1.0,1000,7,2,true,17
727,805,2579,990,4620,1287.0,2,70,1,1,1.0,1000,7,2,true,17
727,806,2582,990,4623,1287.0,2,70,1,1,1.0,1000,6,2,true,17
727,807,2586,991,4627,1289.0,2,70,1,1,1.0,1000,6,2,true,17
727,808,2589,991,4630,1289.0,2,70,1,1,1.0,1000,6,2,true,17
727,809,2593,991,4634,1289.0,2,70,1,1,1.0,1000,7,2,true,17
727,810,2596,991,4637,1289.0,2,70,1,1,1.0,1000,6,2,true,17
727,811,2599,991,4640,1289.0,2,70,1,1,1.0,1000,6,2,true,17
727,812,2602,991,4643,1289.0,2,70,1,1,1.0,1000,6,2,true,17
727,813,2606,991,4647,1289.0,2,70,1,1,1.0,1000,7,2,true,17
727,814,2609,991,4650,1289.0,2,70,1,1,1.0,1000,6,2,true,17
727,815,2612,991,4653,1289.0,2,70,1,1,1.0,1000,6,2,true,17
727,816,2615,991,4656,1289.0,2,70,1,1,1.0,1000,6,2,true,17
727,817,2618,991,4659,1289.0,2,70,1,1,1.0,1000,6,2,true,17
727,818,2622,991,4663,1289.0,2,70,1,1,1.0,1000,6,2,true,17
727,819,2625,991,4666,1289.0,2,70,1,1,1.0,1000,6,2,true,17
727,820,2628,991,4669,1289.0,2,70,1,1,1.0,1000,6,2,true,17
727,821,2632,991,4673,1289.0,2,70,1,1,1.0,1000,7,2,true,17
727,822,2636,991,4677,1289.0,2,70,1,1,1.0,1000,6,2,true,17
727,823,2639,991,4680,1289.0,2,70,1,1,1.0,1000,6,2,true,17
727,824,2642,991,4683,1289.0,2,70,1,1,1.0,1000,6,2,true,17
727,825,2645,991,4686,1289.0,2,70,1,1,1.0,1000,6,2,true,17
727,826,2648,991,4689,1289.0,2,70,1,1,1.0,1000,6,2,true,17
727,827,2651,991,4692,1289.0,2,70,1,1,1.0,1000,6,2,true,17
727,828,2654,991,4695,1289.0,2,70,1,1,1.0,1000,6,2,true,17
727,829,2658,991,4699,1289.0,2,70,1,1,1.0,1000,6,2,true,17
727,830,2661,991,4702,1289.0,2,70,1,1,1.0,1000,6,2,true,17
727,831,2664,991,4705,1289.0,2,70,1,1,1.0,1000,6,2,true,17
727,832,2668,991,4709,1289.0,2,70,1,1,1.0,1000,7,2,true,17
727,833,2671,991,4712,1289.0,2,70,1,1,1.0,1000,6,2,true,17
727,834,2674,991,4715,1289.0,2,70,1,1,1.0,1000,6,2,true,17
727,835,2677,991,4718,1289.0,2,70,1,1,1.0,1000,6,2,true,17
727,836,2680,991,4721,1289.0,2,70,1,1,1.0,1000,6,2,true,17
727,837,2684,991,4725,1289.0,2,70,1,1,1.0,1000,7,2,true,17
727,838,2687,991,4728,1289.0,2,70,1,1,1.0,1000,7,2,true,17
727,839,2690,991,4731,1289.0,2,70,1,1,1.0,1000,6,2,true,17
727,840,2693,991,4734,1289.0,2,70,1,1,1.0,1000,6,2,true,17
727,841,2696,991,4737,1289.0,2,70,1,1,1.0,1000,6,2,true,17
727,842,2700,991,4741,1289.0,2,70,1,1,1.0,1000,7,2,true,17
727,843,2703,991,4744,1289.0,2,70,1,1,1.0,1000,6,2,true,17
727,844,2706,991,4747,1289.0,2,70,1,1,1.0,1000,6,2,true,17
727,845,2709,991,4750,1289.0,2,70,1,1,1.0,1000,6,2,true,17
727,846,2712,991,4753,1289.0,2,70,1,1,1.0,1000,6,2,true,17
727,847,2715,991,4756,1289.0,2,70,1,1,1.0,1000,6,2,true,17
727,848,2718,991,4759,1289.0,2,70,1,1,1.0,1000,6,2,true,17
727,849,2722,991,4763,1289.0,2,70,1,1,1.0,1000,7,2,true,17
727,850,2725,991,4766,1289.0,2,70,1,1,1.0,1000,6,2,true,17
727,851,2728,991,4769,1289.0,2,70,1,1,1.0,1000,6,2,true,17
727,852,2731,991,4772,1289.0,2,70,1,1,1.0,1000,6,2,true,17
727,853,2734,991,4775,1289.0,2,70,1,1,1.0,1000,6,2,true,17
727,854,2737,991,4778,1289.0,2,70,1,1,1.0,1000,6,2,true,17
727,855,2740,992,4781,1291.0,2,70,1,1,1.0,1000,7,2,true,17
727,856,2743,992,4784,1291.0,2,70,1,1,1.0,1000,7,2,true,17
727,857,2747,992,4788,1291.0,2,70,1,1,1.0,1000,7,2,true,17
727,858,2750,992,4791,1291.0,2,70,1,1,1.0,1000,6,2,true,17
727,859,2753,992,4794,1291.0,2,70,1,1,1.0,1000,6,2,true,17
727,860,2756,992,4797,1291.0,2,70,1,1,1.0,1000,6,2,true,17
727,861,2759,992,4800,1291.0,2,70,1,1,1.0,1000,6,2,true,17
727,862,2762,992,4803,1291.0,2,70,1,1,1.0,1000,6,2,true,17
727,863,2766,992,4807,1291.0,2,70,1,1,1.0,1000,7,2,true,17
727,864,2769,992,4810,1291.0,2,70,1,1,1.0,1000,6,2,true,17
727,865,2772,992,4813,1291.0,2,70,1,1,1.0,1000,6,2,true,17
727,866,2775,992,4816,1291.0,2,70,1,1,1.0,1000,6,2,true,17
727,867,2778,992,4819,1291.0,2,70,1,1,1.0,1000,6,2,true,17
727,868,2781,992,4822,1291.0,2,70,1,1,1.0,1000,6,2,true,17
727,869,2785,992,4826,1291.0,2,70,1,1,1.0,1000,6,2,true,17
727,870,2788,992,4829,1291.0,2,70,1,1,1.0,1000,6,2,true,17
727,871,2791,992,4832,1291.0,2,70,1,1,1.0,1000,6,2,true,17
727,872,2794,993,4835,1293.0,2,70,1,1,1.0,1000,6,2,true,17
727,873,2797,993,4838,1293.0,2,70,1,1,1.0,1000,6,2,true,17
727,874,2800,993,4841,1293.0,2,70,1,1,1.0,1000,6,2,true,17
727,875,2803,993,4844,1293.0,2,70,1,1,1.0,1000,7,2,true,17
727,876,2806,993,4847,1293.0,2,70,1,1,1.0,1000,6,2,true,17
727,877,2810,993,4851,1293.0,2,70,1,1,1.0,1000,7,2,true,17
727,878,2813,994,4854,1295.0,2,70,1,1,1.0,1000,6,2,true,17
727,879,2816,994,4857,1295.0,2,70,1,1,1.0,1000,6,2,true,17
727,880,2819,994,4860,1295.0,2,70,1,1,1.0,1000,6,2,true,17
727,881,2822,994,4863,1295.0,2,70,1,1,1.0,1000,6,2,true,17
727,882,2825,994,4866,1295.0,2,70,1,1,1.0,1000,6,2,true,17
727,883,2828,994,4869,1295.0,2,70,1,1,1.0,1000,6,2,true,17
727,884,2831,994,4872,1295.0,2,70,1,1,1.0,1000,6,2,true,17
727,885,2834,994,4875,1295.0,2,70,1,1,1.0,1000,6,2,true,17
727,886,2837,994,4878,1295.0,2,70,1,1,1.0,1000,7,2,true,17
727,887,2840,994,4881,1295.0,2,70,1,1,1.0,1000,6,2,true,17
727,888,2843,994,4884,1295.0,2,70,1,1,1.0,1000,7,2,true,17
727,889,2846,994,4887,1295.0,2,70,1,1,1.0,1000,6,2,true,17
727,890,2849,994,4890,1295.0,2,70,1,1,1.0,1000,7,2,true,17
727,891,2852,994,4893,1295.0,2,70,1,1,1.0,1000,6,2,true,17
727,892,2855,994,4896,1295.0,2,70,1,1,1.0,1000,6,2,true,17
727,893,2858,995,4899,1297.0,2,70,1,1,1.0,1000,6,2,true,17
727,894,2862,995,4903,1297.0,2,70,1,1,1.0,1000,6,2,true,17
727,895,2865,995,4906,1297.0,2,70,1,1,1.0,1000,6,2,true,17
727,896,2868,995,4909,1297.0,2,70,1,1,1.0,1000,6,2,true,17
727,897,2871,995,4912,1297.0,2,70,1,1,1.0,1000,6,2,true,17
727,898,2875,995,4916,1297.0,2,70,1,1,1.0,1000,7,2,true,17
727,899,2878,995,4919,1297.0,2,70,1,1,1.0,1000,7,2,true,17
727,900,2883,995,4924,1297.0,2,70,1,1,1.0,1000,7,2,true,17
727,901,2886,995,4927,1297.0,2,70,1,1,1.0,1000,6,2,true,17
727,902,2889,995,4930,1297.0,2,70,1,1,1.0,1000,6,2,true,17
727,903,2892,995,4933,1297.0,2,70,1,1,1.0,1000,6,2,true,17
727,904,2896,995,4937,1297.0,2,70,1,1,1.0,1000,6,2,true,17
727,905,2899,995,4940,1297.0,2,70,1,1,1.0,1000,6,2,true,17
727,906,2902,995,4943,1297.0,2,70,1,1,1.0,1000,6,2,true,17
727,907,2905,995,4946,1297.0,2,70,1,1,1.0,1000,6,2,true,17
727,908,2908,995,4949,1297.0,2,70,1,1,1.0,1000,6,2,true,17
727,909,2911,995,4952,1297.0,2,70,1,1,1.0,1000,6,2,true,17
727,910,2915,995,4956,1297.0,2,70,1,1,1.0,1000,7,2,true,17
727,911,2918,995,4959,1297.0,2,70,1,1,1.0,1000,6,2,true,17
727,912,2921,995,4962,1297.0,2,70,1,1,1.0,1000,6,2,true,17
727,913,2924,995,4965,1297.0,2,70,1,1,1.0,1000,6,2,true,17
727,914,2927,995,4968,1297.0,2,70,1,1,1.0,1000,6,2,true,17
727,915,2930,995,4971,1297.0,2,70,1,1,1.0,1000,6,2,true,17
727,916,2933,995,4974,1297.0,2,70,1,1,1.0,1000,6,2,true,17
727,917,2936,995,4977,1297.0,2,70,1,1,1.0,1000,6,2,true,17
727,918,2940,995,4981,1297.0,2,70,1,1,1.0,1000,7,2,true,17
727,919,2944,995,4985,1297.0,2,70,1,1,1.0,1000,7,2,true,17
727,920,2947,995,4988,1297.0,2,70,1,1,1.0,1000,6,2,true,17
727,921,2950,995,4991,1297.0,2,70,1,1,1.0,1000,6,2,true,17
727,922,2954,995,4995,1297.0,2,70,1,1,1.0,1000,7,2,true,17
727,923,2957,995,4998,1297.0,2,70,1,1,1.0,1000,6,2,true,17
727,924,2960,995,5001,1297.0,2,70,1,1,1.0,1000,7,2,true,17
727,925,2963,995,5004,1297.0,2,70,1,1,1.0,1000,6,2,true,17
727,926,2967,995,5008,1297.0,2,70,1,1,1.0,1000,7,2,true,17
727,927,2970,995,5011,1297.0,2,70,1,1,1.0,1000,6,2,true,17
727,928,2974,995,5015,1297.0,2,70,1,1,1.0,1000,7,2,true,17
727,929,2977,995,5018,1297.0,2,70,1,1,1.0,1000,6,2,true,17
727,930,2980,995,5021,1297.0,2,70,1,1,1.0,1000,6,2,true,17
727,931,2984,995,5025,1297.0,2,70,1,1,1.0,1000,7,2,true,17
727,932,2987,995,5028,1297.0,2,70,1,1,1.0,1000,7,2,true,17
727,933,2990,995,5031,1297.0,2,70,1,1,1.0,1000,6,2,true,17
727,934,2994,995,5035,1297.0,2,70,1,1,1.0,1000,6,2,true,17
727,935,2997,995,5038,1297.0,2,70,1,1,1.0,1000,6,2,true,17
727,936,3000,995,5041,1297.0,2,70,1,1,1.0,1000,6,2,true,17
727,937,3003,995,5044,1297.0,2,70,1,1,1.0,1000,6,2,true,17
727,938,3006,995,5047,1297.0,2,70,1,1,1.0,1000,7,2,true,17
727,939,3009,995,5050,1297.0,2,70,1,1,1.0,1000,6,2,true,17
727,940,3012,995,5053,1297.0,2,70,1,1,1.0,1000,6,2,true,17
727,941,3015,995,5056,1297.0,2,70,1,1,1.0,1000,6,2,true,17
727,942,3018,995,5059,1297.0,2,70,1,1,1.0,1000,6,2,true,17
727,943,3021,995,5062,1297.0,2,70,1,1,1.0,1000,6,2,true,17
727,944,3024,995,5065,1297.0,2,70,1,1,1.0,1000,6,2,true,17
727,945,3027,995,5068,1297.0,2,70,1,1,1.0,1000,6,2,true,17
727,946,3030,995,5071,1297.0,2,70,1,1,1.0,1000,6,2,true,17
727,947,3033,995,5074,1297.0,2,70,1,1,1.0,1000,6,2,true,17
727,948,3036,995,5077,1297.0,2,70,1,1,1.0,1000,6,2,true,17
727,949,3040,995,5081,1297.0,2,70,1,1,1.0,1000,6,2,true,17
727,950,3043,995,5084,1297.0,2,70,1,1,1.0,1000,6,2,true,17
727,951,3046,995,5087,1297.0,2,70,1,1,1.0,1000,6,2,true,17
727,952,3049,995,5090,1297.0,2,70,1,1,1.0,1000,6,2,true,17
727,953,3052,995,5093,1297.0,2,70,1,1,1.0,1000,6,2,true,17
727,954,3055,995,5096,1297.0,2,70,1,1,1.0,1000,6,2,true,17
727,955,3058,995,5099,1297.0,2,70,1,1,1.0,1000,6,2,true,17
727,956,3062,995,5103,1297.0,2,70,1,1,1.0,1000,7,2,true,17
727,957,3066,995,5107,1297.0,2,70,1,1,1.0,1000,7,2,true,17
727,958,3069,995,5110,1297.0,2,70,1,1,1.0,1000,6,2,true,17
727,959,3072,995,5113,1297.0,2,70,1,1,1.0,1000,6,2,true,17
727,960,3076,995,5117,1297.0,2,70,1,1,1.0,1000,7,2,true,17
727,961,3080,995,5121,1297.0,2,70,1,1,1.0,1000,7,2,true,17
727,962,3082,995,5123,1297.0,2,70,1,1,1.0,1000,6,2,true,17
727,963,3085,995,5126,1297.0,2,70,1,1,1.0,1000,7,2,true,17
727,964,3088,995,5129,1297.0,2,70,1,1,1.0,1000,6,2,true,17
727,965,3091,995,5132,1297.0,2,70,1,1,1.0,1000,6,2,true,17
727,966,3094,995,5135,1297.0,2,70,1,1,1.0,1000,6,2,true,17
727,967,3098,995,5139,1297.0,2,70,1,1,1.0,1000,7,2,true,17
727,968,3101,995,5142,1297.0,2,70,1,1,1.0,1000,6,2,true,17
727,969,3105,995,5146,1297.0,2,70,1,1,1.0,1000,6,2,true,17
727,970,3108,995,5149,1297.0,2,70,1,1,1.0,1000,6,2,true,17
727,971,3111,995,5152,1297.0,2,70,1,1,1.0,1000,6,2,true,17
727,972,3114,995,5155,1297.0,2,70,1,1,1.0,1000,6,2,true,17
727,973,3117,995,5158,1297.0,2,70,1,1,1.0,1000,7,2,true,17
727,974,3120,995,5161,1297.0,2,70,1,1,1.0,1000,6,2,true,17
727,975,3123,995,5164,1297.0,2,70,1,1,1.0,1000,6,2,true,17
727,976,3127,995,5168,1297.0,2,70,1,1,1.0,1000,6,2,true,17
727,977,3130,995,5171,1297.0,2,70,1,1,1.0,1000,6,2,true,17
727,978,3133,995,5174,1297.0,2,70,1,1,1.0,1000,6,2,true,17
727,979,3136,995,5177,1297.0,2,70,1,1,1.0,1000,6,2,true,17
727,980,3140,995,5181,1297.0,2,70,1,1,1.0,1000,7,2,true,17
727,981,3144,995,5185,1297.0,2,70,1,1,1.0,1000,7,2,true,17
727,982,3147,995,5188,1297.0,2,70,1,1,1.0,1000,6,2,true,17
727,983,3150,995,5191,1297.0,2,70,1,1,1.0,1000,6,2,true,17
727,984,3153,995,5194,1297.0,2,70,1,1,1.0,1000,6,2,true,17
727,985,3156,995,5197,1297.0,2,70,1,1,1.0,1000,6,2,true,17
727,986,3159,996,5200,1299.0,2,70,1,1,1.0,1000,6,2,true,17
727,987,3162,996,5203,1299.0,2,70,1,1,1.0,1000,6,2,true,17
727,988,3165,996,5206,1299.0,2,70,1,1,1.0,1000,7,2,true,17
727,989,3168,996,5209,1299.0,2,70,1,1,1.0,1000,6,2,true,17
727,990,3171,996,5212,1299.0,2,70,1,1,1.0,1000,6,2,true,17
727,991,3174,996,5215,1299.0,2,70,1,1,1.0,1000,6,2,true,17
727,992,3177,996,5218,1299.0,2,70,1,1,1.0,1000,6,2,true,17
727,993,3180,996,5221,1299.0,2,70,1,1,1.0,1000,6,2,true,17
727,994,3183,996,5224,1299.0,2,70,1,1,1.0,1000,6,2,true,17
727,995,3186,996,5227,1299.0,2,70,1,1,1.0,1000,6,2,true,17
727,996,3189,996,5230,1299.0,2,70,1,1,1.0,1000,6,2,true,17
727,997,3193,996,5234,1299.0,2,70,1,1,1.0,1000,6,2,true,17
727,998,3196,996,5237,1299.0,2,70,1,1,1.0,1000,6,2,true,17
727,999,3199,996,5240,1299.0,2,70,1,1,1.0,1000,6,2,true,17
727,1000,3202,996,5243,1299.0,2,70,1,1,1.0,1000,6,2,true,17
727,1001,3205,996,5246,1299.0,2,70,1,1,1.0,1000,6,2,true,17
727,1002,3208,996,5249,1299.0,2,70,1,1,1.0,1000,6,2,true,17
727,1003,3211,996,5252,1299.0,2,70,1,1,1.0,1000,6,2,true,17
727,1004,3214,996,5255,1299.0,2,70,1,1,1.0,1000,6,2,true,17
727,1005,3217,996,5258,1299.0,2,70,1,1,1.0,1000,6,2,true,17
727,1006,3221,996,5262,1299.0,2,70,1,1,1.0,1000,7,2,true,17
727,1007,3224,996,5265,1299.0,2,70,1,1,1.0,1000,6,2,true,17
727,1008,3227,996,5268,1299.0,2,70,1,1,1.0,1000,6,2,true,17
727,1009,3230,996,5271,1299.0,2,70,1,1,1.0,1000,6,2,true,17
727,1010,3233,996,5274,1299.0,2,70,1,1,1.0,1000,6,2,true,17
727,1011,3236,996,5277,1299.0,2,70,1,1,1.0,1000,6,2,true,17
727,1012,3239,996,5280,1299.0,2,70,1,1,1.0,1000,6,2,true,17
727,1013,3242,996,5283,1299.0,2,70,1,1,1.0,1000,6,2,true,17
727,1014,3245,996,5286,1299.0,2,70,1,1,1.0,1000,6,2,true,17
727,1015,3248,996,5289,1299.0,2,70,1,1,1.0,1000,7,2,true,17
727,1016,3251,996,5292,1299.0,2,70,1,1,1.0,1000,6,2,true,17
727,1017,3255,996,5296,1299.0,2,70,1,1,1.0,1000,7,2,true,17
727,1018,3258,996,5299,1299.0,2,70,1,1,1.0,1000,6,2,true,17
727,1019,3261,996,5302,1299.0,2,70,1,1,1.0,1000,6,2,true,17
727,1020,3264,996,5305,1299.0,2,70,1,1,1.0,1000,6,2,true,17
727,1021,3267,996,5308,1299.0,2,70,1,1,1.0,1000,6,2,true,17
727,1022,3270,996,5311,1299.0,2,70,1,1,1.0,1000,6,2,true,17
727,1023,3274,996,5315,1299.0,2,70,1,1,1.0,1000,7,2,true,17
727,1024,3277,996,5318,1299.0,2,70,1,1,1.0,1000,6,2,true,17
727,1025,3280,996,5321,1299.0,2,70,1,1,1.0,1000,6,2,true,17
727,1026,3283,996,5324,1299.0,2,70,1,1,1.0,1000,6,2,true,17
727,1028,3290,996,5331,1299.0,2,70,1,1,1.0,1000,6,2,true,17
727,1028,3290,996,5331,1299.0,2,70,1,1,1.0,1000,6,2,true,17
727,1029,3293,996,5334,1299.0,2,70,1,1,1.0,1000,6,2,true,17
727,1030,3297,996,5338,1299.0,2,70,1,1,1.0,1000,6,2,true,17
727,1031,3301,996,5342,1299.0,2,70,1,1,1.0,1000,7,2,true,17
727,1032,3304,996,5345,1299.0,2,70,1,1,1.0,1000,6,2,true,17
727,1033,3307,996,5348,1299.0,2,70,1,1,1.0,1000,6,2,true,17
727,1035,3314,996,5355,1299.0,2,70,1,1,1.0,1000,6,2,true,17
727,1035,3314,996,5355,1299.0,2,70,1,1,1.0,1000,6,2,true,17
727,1036,3317,996,5358,1299.0,2,70,1,1,1.0,1000,6,2,true,17
727,1037,3320,996,5361,1299.0,2,70,1,1,1.0,1000,6,2,true,17
727,1038,3323,996,5364,1299.0,2,70,1,1,1.0,1000,6,2,true,17
727,1039,3326,996,5367,1299.0,2,70,1,1,1.0,1000,6,2,true,17
727,1040,3329,996,5370,1299.0,2,70,1,1,1.0,1000,6,2,true,17
727,1042,3335,996,5376,1299.0,2,70,1,1,1.0,1000,6,2,true,17
727,1042,3335,996,5376,1299.0,2,70,1,1,1.0,1000,6,2,true,17
727,1043,3339,996,5380,1299.0,2,70,1,1,1.0,1000,6,2,true,17
727,1044,3342,996,5383,1299.0,2,70,1,1,1.0,1000,6,2,true,17
727,1045,3345,996,5386,1299.0,2,70,1,1,1.0,1000,6,2,true,17
727,1046,3348,996,5389,1299.0,2,70,1,1,1.0,1000,6,2,true,17
727,1047,3351,996,5392,1299.0,2,70,1,1,1.0,1000,6,2,true,17
727,1048,3355,996,5396,1299.0,2,70,1,1,1.0,1000,7,2,true,17
727,1049,3358,996,5399,1299.0,2,70,1,1,1.0,1000,6,2,true,17
727,1050,3361,996,5402,1299.0,2,70,1,1,1.0,1000,6,2,true,17
727,1051,3365,996,5406,1299.0,2,70,1,1,1.0,1000,6,2,true,17
727,1052,3368,996,5409,1299.0,2,70,1,1,1.0,1000,6,2,true,17
727,1053,3371,996,5412,1299.0,2,70,1,1,1.0,1000,6,2,true,17
727,1054,3374,996,5415,1299.0,2,70,1,1,1.0,1000,6,2,true,17
727,1055,3378,996,5419,1299.0,2,70,1,1,1.0,1000,7,2,true,17
727,1056,3381,996,5422,1299.0,2,70,1,1,1.0,1000,6,2,true,17
727,1057,3384,996,5425,1299.0,2,70,1,1,1.0,1000,6,2,true,17
727,1058,3387,996,5428,1299.0,2,70,1,1,1.0,1000,6,2,true,17
727,1059,3390,996,5431,1299.0,2,70,1,1,1.0,1000,6,2,true,17
727,1060,3393,996,5434,1299.0,2,70,1,1,1.0,1000,6,2,true,17
727,1061,3396,996,5437,1299.0,2,70,1,1,1.0,1000,6,2,true,17
727,1062,3399,996,5440,1299.0,2,70,1,1,1.0,1000,7,2,true,17
727,1063,3402,996,5443,1299.0,2,70,1,1,1.0,1000,6,2,true,17
727,1064,3405,996,5446,1299.0,2,70,1,1,1.0,1000,6,2,true,17
727,1065,3409,996,5450,1299.0,2,70,1,1,1.0,1000,6,2,true,17
727,1066,3412,996,5453,1299.0,2,70,1,1,1.0,1000,6,2,true,17
727,1067,3415,996,5456,1299.0,2,70,1,1,1.0,1000,6,2,true,17
727,1068,3419,996,5460,1299.0,2,70,1,1,1.0,1000,7,2,true,17
727,1069,3421,997,5462,1301.0,2,70,1,1,1.0,1000,6,2,true,17
727,1070,3425,997,5466,1301.0,2,70,1,1,1.0,1000,7,2,true,17
727,1071,3428,997,5469,1301.0,2,70,1,1,1.0,1000,6,2,true,17
727,1072,3431,997,5472,1301.0,2,70,1,1,1.0,1000,6,2,true,17
727,1073,3434,997,5475,1301.0,2,70,1,1,1.0,1000,6,2,true,17
727,1074,3437,997,5478,1301.0,2,70,1,1,1.0,1000,6,2,true,17
727,1075,3440,997,5481,1301.0,2,70,1,1,1.0,1000,6,2,true,17
727,1076,3443,997,5484,1301.0,2,70,1,1,1.0,1000,6,2,true,17
727,1077,3446,997,5487,1301.0,2,70,1,1,1.0,1000,6,2,true,17
727,1078,3449,997,5490,1301.0,2,70,1,1,1.0,1000,6,2,true,17
727,1079,3452,997,5493,1301.0,2,70,1,1,1.0,1000,6,2,true,17
727,1080,3455,997,5496,1301.0,2,70,1,1,1.0,1000,6,2,true,17
727,1081,3459,997,5500,1301.0,2,70,1,1,1.0,1000,7,2,true,17
727,1082,3462,997,5503,1301.0,2,70,1,1,1.0,1000,6,2,true,17
727,1083,3465,997,5506,1301.0,2,70,1,1,1.0,1000,7,2,true,17
727,1084,3468,997,5509,1301.0,2,70,1,1,1.0,1000,6,2,true,17
727,1085,3471,998,5512,1303.0,2,70,1,1,1.0,1000,6,2,true,17
727,1086,3474,998,5515,1303.0,2,70,1,1,1.0,1000,6,2,true,17
727,1087,3477,998,5518,1303.0,2,70,1,1,1.0,1000,6,2,true,17
727,1088,3480,998,5521,1303.0,2,70,1,1,1.0,1000,6,2,true,17
727,1089,3484,998,5525,1303.0,2,70,1,1,1.0,1000,7,2,true,17
727,1090,3488,998,5529,1303.0,2,70,1,1,1.0,1000,7,2,true,17
727,1091,3491,998,5532,1303.0,2,70,1,1,1.0,1000,6,2,true,17
727,1092,3494,998,5535,1303.0,2,70,1,1,1.0,1000,6,2,true,17
727,1093,3497,998,5538,1303.0,2,70,1,1,1.0,1000,6,2,true,17
727,1094,3500,998,5541,1303.0,2,70,1,1,1.0,1000,6,2,true,17
727,1095,3504,998,5545,1303.0,2,70,1,1,1.0,1000,7,2,true,17
727,1096,3507,998,5548,1303.0,2,70,1,1,1.0,1000,6,2,true,17
727,1097,3510,998,5551,1303.0,2,70,1,1,1.0,1000,6,2,true,17
727,1098,3513,998,5554,1303.0,2,70,1,1,1.0,1000,6,2,true,17
727,1099,3516,998,5557,1303.0,2,70,1,1,1.0,1000,6,2,true,17
727,1100,3519,998,5560,1303.0,2,70,1,1,1.0,1000,6,2,true,17
727,1101,3522,998,5563,1303.0,2,70,1,1,1.0,1000,6,2,true,17
727,1102,3525,998,5566,1303.0,2,70,1,1,1.0,1000,7,2,true,17
727,1103,3529,998,5570,1303.0,2,70,1,1,1.0,1000,7,2,true,17
727,1104,3532,998,5573,1303.0,2,70,1,1,1.0,1000,6,2,true,17
727,1105,3535,998,5576,1303.0,2,70,1,1,1.0,1000,6,2,true,17
727,1106,3539,998,5580,1303.0,2,70,1,1,1.0,1000,7,2,true,17
727,1107,3542,998,5583,1303.0,2,70,1,1,1.0,1000,6,2,true,17
727,1108,3545,998,5586,1303.0,2,70,1,1,1.0,1000,6,2,true,17
727,1109,3548,998,5589,1303.0,2,70,1,1,1.0,1000,6,2,true,17
727,1110,3552,998,5593,1303.0,2,70,1,1,1.0,1000,7,2,true,17
727,1111,3556,998,5597,1303.0,2,70,1,1,1.0,1000,7,2,true,17
727,1112,3559,998,5600,1303.0,2,70,1,1,1.0,1000,6,2,true,17
727,1113,3562,998,5603,1303.0,2,70,1,1,1.0,1000,6,2,true,17
727,1114,3566,998,5607,1303.0,2,70,1,1,1.0,1000,6,2,true,17
727,1115,3569,998,5610,1303.0,2,70,1,1,1.0,1000,6,2,true,17
727,1116,3572,998,5613,1303.0,2,70,1,1,1.0,1000,6,2,true,17
727,1117,3575,998,5616,1303.0,2,70,1,1,1.0,1000,6,2,true,17
727,1118,3578,998,5619,1303.0,2,70,1,1,1.0,1000,6,2,true,17
727,1119,3581,998,5622,1303.0,2,70,1,1,1.0,1000,6,2,true,17
727,1120,3585,998,5626,1303.0,2,70,1,1,1.0,1000,7,2,true,17
727,1121,3588,998,5629,1303.0,2,70,1,1,1.0,1000,6,2,true,17
727,1122,3591,998,5632,1303.0,2,70,1,1,1.0,1000,6,2,true,17
727,1123,3594,998,5635,1303.0,2,70,1,1,1.0,1000,6,2,true,17
727,1124,3597,998,5638,1303.0,2,70,1,1,1.0,1000,6,2,true,17
727,1125,3600,998,5641,1303.0,2,70,1,1,1.0,1000,6,2,true,17
727,1126,3603,998,5644,1303.0,2,70,1,1,1.0,1000,6,2,true,17
727,1127,3606,998,5647,1303.0,2,70,1,1,1.0,1000,7,2,true,17
727,1128,3610,998,5651,1303.0,2,70,1,1,1.0,1000,7,2,true,17
727,1129,3613,998,5654,1303.0,2,70,1,1,1.0,1000,6,2,true,17
727,1130,3617,998,5658,1303.0,2,70,1,1,1.0,1000,7,2,true,17
727,1131,3620,998,5661,1303.0,2,70,1,1,1.0,1000,7,2,true,17
727,1132,3623,998,5664,1303.0,2,70,1,1,1.0,1000,6,2,true,17
727,1133,3626,998,5667,1303.0,2,70,1,1,1.0,1000,6,2,true,17
727,1134,3629,998,5670,1303.0,2,70,1,1,1.0,1000,6,2,true,17
727,1135,3632,998,5673,1303.0,2,70,1,1,1.0,1000,6,2,true,17
727,1136,3634,998,5675,1303.0,2,70,1,1,1.0,1000,7,2,true,17
727,1137,3637,998,5678,1303.0,2,70,1,1,1.0,1000,7,2,true,17
727,1138,3640,998,5681,1303.0,2,70,1,1,1.0,1000,6,2,true,17
727,1139,3643,998,5684,1303.0,2,70,1,1,1.0,1000,6,2,true,17
727,1140,3646,998,5687,1303.0,2,70,1,1,1.0,1000,6,2,true,17
727,1141,3649,998,5690,1303.0,2,70,1,1,1.0,1000,6,2,true,17
727,1142,3652,998,5693,1303.0,2,70,1,1,1.0,1000,6,2,true,17
727,1143,3655,998,5696,1303.0,2,70,1,1,1.0,1000,6,2,true,17
727,1144,3658,998,5699,1303.0,2,70,1,1,1.0,1000,6,2,true,17
727,1145,3662,998,5703,1303.0,2,70,1,1,1.0,1000,7,2,true,17
727,1146,3665,998,5706,1303.0,2,70,1,1,1.0,1000,6,2,true,17
727,1147,3668,998,5709,1303.0,2,70,1,1,1.0,1000,6,2,true,17
727,1148,3671,998,5712,1303.0,2,70,1,1,1.0,1000,6,2,true,17
727,1149,3674,998,5715,1303.0,2,70,1,1,1.0,1000,6,2,true,17
727,1150,3677,998,5718,1303.0,2,70,1,1,1.0,1000,6,2,true,17
727,1152,3683,998,5724,1303.0,2,70,1,1,1.0,1000,6,2,true,17
727,1152,3683,998,5724,1303.0,2,70,1,1,1.0,1000,6,2,true,17
727,1153,3686,998,5727,1303.0,2,70,1,1,1.0,1000,6,2,true,17
727,1154,3690,998,5731,1303.0,2,70,1,1,1.0,1000,7,2,true,17
727,1155,3694,998,5735,1303.0,2,70,1,1,1.0,1000,6,2,true,17
727,1156,3697,998,5738,1303.0,2,70,1,1,1.0,1000,6,2,true,17
727,1157,3701,998,5742,1303.0,2,70,1,1,1.0,1000,7,2,true,17
727,1158,3704,998,5745,1303.0,2,70,1,1,1.0,1000,6,2,true,17
727,1159,3707,998,5748,1303.0,2,70,1,1,1.0,1000,6,2,true,17
727,1160,3710,998,5751,1303.0,2,70,1,1,1.0,1000,6,2,true,17
727,1161,3713,998,5754,1303.0,2,70,1,1,1.0,1000,6,2,true,17
727,1162,3716,998,5757,1303.0,2,70,1,1,1.0,1000,6,2,true,17
727,1163,3719,998,5760,1303.0,2,70,1,1,1.0,1000,6,2,true,17
727,1164,3722,998,5763,1303.0,2,70,1,1,1.0,1000,6,2,true,17
727,1165,3725,998,5766,1303.0,2,70,1,1,1.0,1000,6,2,true,17
727,1166,3728,998,5769,1303.0,2,70,1,1,1.0,1000,6,2,true,17
727,1167,3731,998,5772,1303.0,2,70,1,1,1.0,1000,7,2,true,17
727,1168,3734,998,5775,1303.0,2,70,1,1,1.0,1000,6,2,true,17
727,1169,3738,998,5779,1303.0,2,70,1,1,1.0,1000,7,2,true,17
727,1170,3741,998,5782,1303.0,2,70,1,1,1.0,1000,6,2,true,17
727,1171,3744,998,5785,1303.0,2,70,1,1,1.0,1000,6,2,true,17
727,1172,3747,998,5788,1303.0,2,70,1,1,1.0,1000,6,2,true,17
727,1173,3750,998,5791,1303.0,2,70,1,1,1.0,1000,6,2,true,17
727,1174,3754,998,5795,1303.0,2,70,1,1,1.0,1000,7,2,true,17
727,1175,3757,998,5798,1303.0,2,70,1,1,1.0,1000,6,2,true,17
727,1176,3761,998,5802,1303.0,2,70,1,1,1.0,1000,7,2,true,17
727,1177,3764,998,5805,1303.0,2,70,1,1,1.0,1000,6,2,true,17
727,1178,3767,998,5808,1303.0,2,70,1,1,1.0,1000,6,2,true,17
727,1179,3770,998,5811,1303.0,2,70,1,1,1.0,1000,6,2,true,17
727,1180,3773,998,5814,1303.0,2,70,1,1,1.0,1000,6,2,true,17
727,1181,3776,998,5817,1303.0,2,70,1,1,1.0,1000,6,2,true,17
727,1182,3779,998,5820,1303.0,2,70,1,1,1.0,1000,6,2,true,17
727,1183,3782,998,5823,1303.0,2,70,1,1,1.0,1000,6,2,true,17
727,1184,3786,998,5827,1303.0,2,70,1,1,1.0,1000,7,2,true,17
727,1185,3789,998,5830,1303.0,2,70,1,1,1.0,1000,6,2,true,17
727,1186,3792,998,5833,1303.0,2,70,1,1,1.0,1000,7,2,true,17
727,1187,3795,998,5836,1303.0,2,70,1,1,1.0,1000,7,2,true,17
727,1188,3798,998,5839,1303.0,2,70,1,1,1.0,1000,6,2,true,17
727,1189,3801,998,5842,1303.0,2,70,1,1,1.0,1000,6,2,true,17
727,1190,3804,998,5845,1303.0,2,70,1,1,1.0,1000,6,2,true,17
727,1191,3807,998,5848,1303.0,2,70,1,1,1.0,1000,6,2,true,17
727,1192,3810,998,5851,1303.0,2,70,1,1,1.0,1000,6,2,true,17
727,1193,3813,998,5854,1303.0,2,70,1,1,1.0,1000,6,2,true,17
727,1194,3816,998,5857,1303.0,2,70,1,1,1.0,1000,6,2,true,17
727,1195,3819,998,5860,1303.0,2,70,1,1,1.0,1000,7,2,true,17
727,1196,3822,998,5863,1303.0,2,70,1,1,1.0,1000,6,2,true,17
727,1197,3826,998,5867,1303.0,2,70,1,1,1.0,1000,6,2,true,17
727,1198,3830,998,5871,1303.0,2,70,1,1,1.0,1000,7,2,true,17
727,1199,3833,998,5874,1303.0,2,70,1,1,1.0,1000,6,2,true,17
727,1200,3836,998,5877,1303.0,2,70,1,1,1.0,1000,6,2,true,17
727,1201,3839,998,5880,1303.0,2,70,1,1,1.0,1000,6,2,true,17
727,1202,3843,998,5884,1303.0,2,70,1,1,1.0,1000,7,2,true,17
727,1203,3846,998,5887,1303.0,2,70,1,1,1.0,1000,6,2,true,17
727,1204,3849,998,5890,1303.0,2,70,1,1,1.0,1000,6,2,true,17
727,1205,3852,998,5893,1303.0,2,70,1,1,1.0,1000,6,2,true,17
727,1206,3856,998,5897,1303.0,2,70,1,1,1.0,1000,7,2,true,17
727,1207,3859,998,5900,1303.0,2,70,1,1,1.0,1000,6,2,true,17
727,1208,3862,998,5903,1303.0,2,70,1,1,1.0,1000,6,2,true,17
727,1209,3865,998,5906,1303.0,2,70,1,1,1.0,1000,6,2,true,17
727,1210,3868,998,5909,1303.0,2,70,1,1,1.0,1000,6,2,true,17
727,1211,3871,998,5912,1303.0,2,70,1,1,1.0,1000,6,2,true,17
727,1212,3874,998,5915,1303.0,2,70,1,1,1.0,1000,6,2,true,17
727,1213,3878,998,5919,1303.0,2,70,1,1,1.0,1000,7,2,true,17
727,1214,3881,998,5922,1303.0,2,70,1,1,1.0,1000,6,2,true,17
727,1215,3884,998,5925,1303.0,2,70,1,1,1.0,1000,7,2,true,17
727,1216,3887,998,5928,1303.0,2,70,1,1,1.0,1000,6,2,true,17
727,1217,3890,998,5931,1303.0,2,70,1,1,1.0,1000,7,2,true,17
727,1218,3894,998,5935,1303.0,2,70,1,1,1.0,1000,7,2,true,17
727,1219,3897,998,5938,1303.0,2,70,1,1,1.0,1000,6,2,true,17
727,1220,3900,998,5941,1303.0,2,70,1,1,1.0,1000,6,2,true,17
727,1221,3903,998,5944,1303.0,2,70,1,1,1.0,1000,6,2,true,17
727,1222,3906,998,5947,1303.0,2,70,1,1,1.0,1000,6,2,true,17
727,1223,3909,998,5950,1303.0,2,70,1,1,1.0,1000,6,2,true,17
727,1224,3912,998,5953,1303.0,2,70,1,1,1.0,1000,6,2,true,17
727,1225,3915,998,5956,1303.0,2,70,1,1,1.0,1000,6,2,true,17
727,1226,3918,998,5959,1303.0,2,70,1,1,1.0,1000,6,2,true,17
727,1227,3921,998,5962,1303.0,2,70,1,1,1.0,1000,6,2,true,17
727,1228,3924,998,5965,1303.0,2,70,1,1,1.0,1000,6,2,true,17
727,1229,3927,998,5968,1303.0,2,70,1,1,1.0,1000,6,2,true,17
727,1230,3931,998,5972,1303.0,2,70,1,1,1.0,1000,7,2,true,17
727,1231,3934,998,5975,1303.0,2,70,1,1,1.0,1000,6,2,true,17
727,1232,3938,998,5979,1303.0,2,70,1,1,1.0,1000,6,2,true,17
727,1233,3941,998,5982,1303.0,2,70,1,1,1.0,1000,6,2,true,17
727,1234,3944,998,5985,1303.0,2,70,1,1,1.0,1000,6,2,true,17
727,1235,3948,998,5989,1303.0,2,70,1,1,1.0,1000,7,2,true,17
727,1236,3951,998,5992,1303.0,2,70,1,1,1.0,1000,6,2,true,17
727,1237,3954,998,5995,1303.0,2,70,1,1,1.0,1000,6,2,true,17
727,1238,3957,998,5998,1303.0,2,70,1,1,1.0,1000,7,2,true,17
727,1239,3959,998,6000,1303.0,2,70,1,1,1.0,1000,6,2,true,17
727,1240,3962,998,6003,1303.0,2,70,1,1,1.0,1000,6,2,true,17
727,1241,3964,998,6005,1303.0,2,70,1,1,1.0,1000,6,2,true,17
727,1242,3967,998,6008,1303.0,2,70,1,1,1.0,1000,6,2,true,17
727,1243,3970,998,6011,1303.0,2,70,1,1,1.0,1000,6,2,true,17
727,1244,3973,998,6014,1303.0,2,70,1,1,1.0,1000,6,2,true,17
727,1245,3976,998,6017,1303.0,2,70,1,1,1.0,1000,7,2,true,17
727,1246,3979,998,6020,1303.0,2,70,1,1,1.0,1000,6,2,true,17
727,1247,3983,998,6024,1303.0,2,70,1,1,1.0,1000,7,2,true,17
727,1248,3986,998,6027,1303.0,2,70,1,1,1.0,1000,6,2,true,17
727,1249,3989,998,6030,1303.0,2,70,1,1,1.0,1000,6,2,true,17
727,1250,3992,998,6033,1303.0,2,70,1,1,1.0,1000,6,2,true,17
727,1251,3995,998,6036,1303.0,2,70,1,1,1.0,1000,6,2,true,17
727,1252,3998,998,6039,1303.0,2,70,1,1,1.0,1000,6,2,true,17
727,1253,4001,998,6042,1303.0,2,70,1,1,1.0,1000,6,2,true,17
727,1254,4004,998,6045,1303.0,2,70,1,1,1.0,1000,6,2,true,17
727,1255,4007,998,6048,1303.0,2,70,1,1,1.0,1000,6,2,true,17
727,1256,4010,998,6051,1303.0,2,70,1,1,1.0,1000,6,2,true,17
727,1257,4013,998,6054,1303.0,2,70,1,1,1.0,1000,6,2,true,17
727,1258,4016,998,6057,1303.0,2,70,1,1,1.0,1000,6,2,true,17
727,1259,4019,998,6060,1303.0,2,70,1,1,1.0,1000,6,2,true,17
727,1260,4022,998,6063,1303.0,2,70,1,1,1.0,1000,6,2,true,17
727,1261,4025,998,6066,1303.0,2,70,1,1,1.0,1000,6,2,true,17
727,1262,4029,998,6070,1303.0,2,70,1,1,1.0,1000,6,2,true,17
727,1263,4032,998,6073,1303.0,2,70,1,1,1.0,1000,6,2,true,17
727,1264,4035,998,6076,1303.0,2,70,1,1,1.0,1000,6,2,true,17
727,1265,4038,998,6079,1303.0,2,70,1,1,1.0,1000,6,2,true,17
727,1266,4041,998,6082,1303.0,2,70,1,1,1.0,1000,6,2,true,17
727,1267,4044,998,6085,1303.0,2,70,1,1,1.0,1000,7,2,true,17
727,1268,4048,998,6089,1303.0,2,70,1,1,1.0,1000,7,2,true,17
727,1269,4051,998,6092,1303.0,2,70,1,1,1.0,1000,6,2,true,17
727,1270,4055,998,6096,1303.0,2,70,1,1,1.0,1000,6,2,true,17
727,1271,4058,998,6099,1303.0,2,70,1,1,1.0,1000,6,2,true,17
727,1272,4061,998,6102,1303.0,2,70,1,1,1.0,1000,6,2,true,17
727,1273,4064,998,6105,1303.0,2,70,1,1,1.0,1000,6,2,true,17
727,1274,4067,998,6108,1303.0,2,70,1,1,1.0,1000,7,2,true,17
727,1275,4070,998,6111,1303.0,2,70,1,1,1.0,1000,6,2,true,17
727,1276,4073,998,6114,1303.0,2,70,1,1,1.0,1000,6,2,true,17
727,1277,4076,998,6117,1303.0,2,70,1,1,1.0,1000,6,2,true,17
727,1278,4079,998,6120,1303.0,2,70,1,1,1.0,1000,6,2,true,17
727,1279,4082,998,6123,1303.0,2,70,1,1,1.0,1000,6,2,true,17
727,1280,4085,998,6126,1303.0,2,70,1,1,1.0,1000,6,2,true,17
727,1281,4088,998,6129,1303.0,2,70,1,1,1.0,1000,6,2,true,17
727,1282,4092,998,6133,1303.0,2,70,1,1,1.0,1000,7,2,true,17
727,1283,4095,998,6136,1303.0,2,70,1,1,1.0,1000,6,2,true,17
727,1284,4098,998,6139,1303.0,2,70,1,1,1.0,1000,6,2,true,17
727,1285,4101,998,6142,1303.0,2,70,1,1,1.0,1000,7,2,true,17
727,1286,4104,998,6145,1303.0,2,70,1,1,1.0,1000,6,2,true,17
727,1287,4107,998,6148,1303.0,2,70,1,1,1.0,1000,6,2,true,17
727,1288,4110,998,6151,1303.0,2,70,1,1,1.0,1000,6,2,true,17
727,1289,4113,998,6154,1303.0,2,70,1,1,1.0,1000,6,2,true,17
727,1290,4116,998,6157,1303.0,2,70,1,1,1.0,1000,6,2,true,17
727,1291,4120,998,6161,1303.0,2,70,1,1,1.0,1000,7,2,true,17
727,1292,4123,998,6164,1303.0,2,70,1,1,1.0,1000,6,2,true,17
727,1293,4127,1000,8238,1305.0,2,70,1,1,1.0,1000,7,2,true,17
727,1294,4130,1000,8241,1305.0,2,70,1,1,1.0,1000,6,2,true,17
727,1295,4133,1000,8244,1305.0,2,70,1,1,1.0,1000,6,2,true,17
727,1296,4136,1000,8247,1305.0,2,70,1,1,1.0,1000,6,2,true,17
727,1297,4139,1000,8250,1305.0,2,70,1,1,1.0,1000,6,2,true,17
727,1298,4142,1000,8253,1305.0,2,70,1,1,1.0,1000,7,2,true,17
727,1299,4145,1000,8256,1305.0,2,70,1,1,1.0,1000,6,2,true,17
727,1300,4148,1000,8259,1305.0,2,70,1,1,1.0,1000,6,2,true,17
727,1301,4151,1000,8262,1305.0,2,70,1,1,1.0,1000,6,2,true,17
727,1302,4154,1000,8265,1305.0,2,70,1,1,1.0,1000,6,2,true,17
727,1303,4157,1000,8268,1305.0,2,70,1,1,1.0,1000,6,2,true,17
727,1304,4160,1000,8271,1305.0,2,70,1,1,1.0,1000,6,2,true,17
727,1305,4163,1000,8274,1305.0,2,70,1,1,1.0,1000,6,2,true,17
727,1306,4166,1000,8277,1305.0,2,70,1,1,1.0,1000,6,2,true,17
727,1307,4169,1000,8280,1305.0,2,70,1,1,1.0,1000,6,2,true,17
727,1308,4172,1000,8283,1305.0,2,70,1,1,1.0,1000,6,2,true,17
727,1309,4176,1000,8287,1305.0,2,70,1,1,1.0,1000,7,2,true,17
727,1310,4179,1000,8290,1305.0,2,70,1,1,1.0,1000,6,2,true,17
727,1311,4182,1000,8293,1305.0,2,70,1,1,1.0,1000,6,2,true,17
727,1312,4185,1000,8296,1305.0,2,70,1,1,1.0,1000,6,2,true,17
727,1313,4188,1000,8299,1305.0,2,70,1,1,1.0,1000,6,2,true,17
727,1314,4192,1000,8303,1305.0,2,70,1,1,1.0,1000,6,2,true,17
727,1315,4196,1000,8307,1305.0,2,70,1,1,1.0,1000,6,2,true,17
727,1316,4200,1000,8311,1305.0,2,70,1,1,1.0,1000,7,2,true,17
727,1317,4203,1000,8314,1305.0,2,70,1,1,1.0,1000,6,2,true,17
727,1318,4207,1000,8318,1305.0,2,70,1,1,1.0,1000,7,2,true,17
727,1319,4211,1000,8322,1305.0,2,70,1,1,1.0,1000,7,2,true,17
727,1320,4215,1000,8326,1305.0,2,70,1,1,1.0,1000,7,2,true,17
727,1321,4218,1000,8329,1305.0,2,70,1,1,1.0,1000,6,2,true,17
727,1322,4221,1000,8332,1305.0,2,70,1,1,1.0,1000,6,2,true,17
727,1323,4225,1000,8336,1305.0,2,70,1,1,1.0,1000,6,2,true,17
727,1324,4229,1000,8340,1305.0,2,70,1,1,1.0,1000,7,2,true,17
727,1325,4233,1000,8344,1305.0,2,70,1,1,1.0,1000,6,2,true,17
727,1326,4236,1000,8347,1305.0,2,70,1,1,1.0,1000,6,2,true,17
727,1327,4239,1000,8350,1305.0,2,70,1,1,1.0,1000,6,2,true,17
727,1328,4242,1000,8353,1305.0,2,70,1,1,1.0,1000,6,2,true,17
727,1329,4245,1000,8356,1305.0,2,70,1,1,1.0,1000,6,2,true,17
727,1330,4248,1000,8359,1305.0,2,70,1,1,1.0,1000,6,2,true,17
727,1331,4251,1000,8362,1305.0,2,70,1,1,1.0,1000,6,2,true,17
727,1332,4255,1000,8366,1305.0,2,70,1,1,1.0,1000,7,2,true,17
727,1333,4258,1000,8369,1305.0,2,70,1,1,1.0,1000,6,2,true,17
727,1334,4262,1000,8373,1305.0,2,70,1,1,1.0,1000,7,2,true,17
727,1335,4265,1000,8376,1305.0,2,70,1,1,1.0,1000,6,2,true,17
727,1336,4268,1000,8379,1305.0,2,70,1,1,1.0,1000,6,2,true,17
727,1337,4271,1000,8382,1305.0,2,70,1,1,1.0,1000,6,2,true,17
727,1338,4274,1000,8385,1305.0,2,70,1,1,1.0,1000,7,2,true,17
727,1339,4278,1000,8389,1305.0,2,70,1,1,1.0,1000,7,2,true,17
727,1340,4281,1000,8392,1305.0,2,70,1,1,1.0,1000,6,2,true,17
727,1341,4284,1000,8395,1305.0,2,70,1,1,1.0,1000,6,2,true,17
727,1342,4288,1000,8399,1305.0,2,70,1,1,1.0,1000,7,2,true,17
727,1343,4291,1000,8402,1305.0,2,70,1,1,1.0,1000,6,2,true,17
727,1344,4294,1000,8405,1305.0,2,70,1,1,1.0,1000,6,2,true,17
727,1345,4296,1000,8407,1305.0,2,70,1,1,1.0,1000,6,2,true,17
727,1346,4299,1000,8410,1305.0,2,70,1,1,1.0,1000,6,2,true,17
727,1347,4302,1000,8413,1305.0,2,70,1,1,1.0,1000,6,2,true,17
727,1348,4306,1000,8417,1305.0,2,70,1,1,1.0,1000,7,2,true,17
727,1349,4309,1000,8420,1305.0,2,70,1,1,1.0,1000,6,2,true,17
727,1350,4312,1000,8423,1305.0,2,70,1,1,1.0,1000,6,2,true,17
727,1351,4314,1000,8425,1305.0,2,70,1,1,1.0,1000,6,2,true,17
727,1352,4318,1000,8429,1305.0,2,70,1,1,1.0,1000,7,2,true,17
727,1353,4321,1000,8432,1305.0,2,70,1,1,1.0,1000,6,2,true,17
727,1354,4324,1000,8435,1305.0,2,70,1,1,1.0,1000,6,2,true,17
727,1355,4327,1000,8438,1305.0,2,70,1,1,1.0,1000,6,2,true,17
727,1356,4330,1000,8441,1305.0,2,70,1,1,1.0,1000,6,2,true,17
727,1357,4333,1000,8444,1305.0,2,70,1,1,1.0,1000,6,2,true,17
727,1358,4336,1000,8447,1305.0,2,70,1,1,1.0,1000,6,2,true,17
727,1359,4339,1000,8450,1305.0,2,70,1,1,1.0,1000,6,2,true,17
727,1360,4342,1000,8453,1305.0,2,70,1,1,1.0,1000,6,2,true,17
727,1361,4345,1000,8456,1305.0,2,70,1,1,1.0,1000,6,2,true,17
727,1362,4348,1000,8459,1305.0,2,70,1,1,1.0,1000,6,2,true,17
727,1363,4352,1000,8463,1305.0,2,70,1,1,1.0,1000,7,2,true,17
727,1364,4355,1000,8466,1305.0,2,70,1,1,1.0,1000,6,2,true,17
727,1365,4358,1000,8469,1305.0,2,70,1,1,1.0,1000,6,2,true,17
727,1366,4361,1000,8472,1305.0,2,70,1,1,1.0,1000,6,2,true,17
727,1367,4364,1000,8475,1305.0,2,70,1,1,1.0,1000,6,2,true,17
727,1368,4367,1000,8478,1305.0,2,70,1,1,1.0,1000,6,2,true,17
727,1369,4370,1000,8481,1305.0,2,70,1,1,1.0,1000,6,2,true,17
727,1370,4373,1000,8484,1305.0,2,70,1,1,1.0,1000,6,2,true,17
727,1371,4376,1000,8487,1305.0,2,70,1,1,1.0,1000,6,2,true,17
727,1372,4379,1000,8490,1305.0,2,70,1,1,1.0,1000,6,2,true,17
727,1373,4382,1000,8493,1305.0,2,70,1,1,1.0,1000,6,2,true,17
727,1374,4385,1000,8496,1305.0,2,70,1,1,1.0,1000,6,2,true,17
727,1375,4388,1000,8499,1305.0,2,70,1,1,1.0,1000,6,2,true,17
727,1376,4391,1000,8502,1305.0,2,70,1,1,1.0,1000,6,2,true,17
727,1377,4394,1000,8505,1305.0,2,70,1,1,1.0,1000,6,2,true,17
727,1378,4397,1000,8508,1305.0,2,70,1,1,1.0,1000,6,2,true,17
727,1379,4400,1000,8511,1305.0,2,70,1,1,1.0,1000,7,2,true,17
727,1380,4403,1000,8514,1305.0,2,70,1,1,1.0,1000,6,2,true,17
727,1381,4406,1000,8517,1305.0,2,70,1,1,1.0,1000,6,2,true,17
727,1382,4409,1000,8520,1305.0,2,70,1,1,1.0,1000,6,2,true,17
727,1383,4412,1000,8523,1305.0,2,70,1,1,1.0,1000,6,2,true,17
727,1384,4415,1000,8526,1305.0,2,70,1,1,1.0,1000,6,2,true,17
727,1385,4419,1000,8530,1305.0,2,70,1,1,1.0,1000,7,2,true,17
727,1386,4422,1000,8533,1305.0,2,70,1,1,1.0,1000,6,2,true,17
727,1387,4425,1000,8536,1305.0,2,70,1,1,1.0,1000,6,2,true,17
727,1388,4428,1000,8539,1305.0,2,70,1,1,1.0,1000,6,2,true,17
727,1389,4431,1000,8542,1305.0,2,70,1,1,1.0,1000,6,2,true,17
727,1390,4435,1000,8546,1305.0,2,70,1,1,1.0,1000,7,2,true,17
727,1391,4438,1000,8549,1305.0,2,70,1,1,1.0,1000,6,2,true,17
727,1392,4442,1000,8553,1305.0,2,70,1,1,1.0,1000,6,2,true,17
727,1393,4446,1000,8557,1305.0,2,70,1,1,1.0,1000,6,2,true,17
727,1394,4450,1000,8561,1305.0,2,70,1,1,1.0,1000,7,2,true,17
727,1395,4453,1000,8564,1305.0,2,70,1,1,1.0,1000,6,2,true,17
727,1396,4455,1000,8566,1305.0,2,70,1,1,1.0,1000,6,2,true,17
727,1397,4458,1000,8569,1305.0,2,70,1,1,1.0,1000,6,2,true,17
727,1398,4461,1000,8572,1305.0,2,70,1,1,1.0,1000,6,2,true,17
727,1399,4464,1000,8575,1305.0,2,70,1,1,1.0,1000,6,2,true,17
727,1400,4467,1000,8578,1305.0,2,70,1,1,1.0,1000,6,2,true,17
727,1401,4470,1000,8581,1305.0,2,70,1,1,1.0,1000,6,2,true,17
727,1402,4473,1000,8584,1305.0,2,70,1,1,1.0,1000,6,2,true,17
727,1403,4476,1000,8587,1305.0,2,70,1,1,1.0,1000,6,2,true,17
727,1404,4479,1000,8590,1305.0,2,70,1,1,1.0,1000,6,2,true,17
727,1405,4483,1000,8594,1305.0,2,70,1,1,1.0,1000,7,2,true,17
727,1406,4486,1000,8597,1305.0,2,70,1,1,1.0,1000,6,2,true,17
727,1407,4489,1000,8600,1305.0,2,70,1,1,1.0,1000,6,2,true,17
727,1408,4492,1000,8603,1305.0,2,70,1,1,1.0,1000,6,2,true,17
727,1409,4495,1000,8606,1305.0,2,70,1,1,1.0,1000,6,2,true,17
727,1410,4498,1000,8609,1305.0,2,70,1,1,1.0,1000,6,2,true,17
727,1411,4501,1000,8612,1305.0,2,70,1,1,1.0,1000,6,2,true,17
727,1412,4505,1000,8616,1305.0,2,70,1,1,1.0,1000,7,2,true,17
727,1413,4508,1000,8619,1305.0,2,70,1,1,1.0,1000,6,2,true,17
727,1414,4511,1000,8622,1305.0,2,70,1,1,1.0,1000,6,2,true,17
727,1415,4514,1000,8625,1305.0,2,70,1,1,1.0,1000,6,2,true,17
727,1416,4517,1000,8628,1305.0,2,70,1,1,1.0,1000,6,2,true,17
727,1417,4520,1000,8631,1305.0,2,70,1,1,1.0,1000,7,2,true,17
727,1418,4524,1000,8635,1305.0,2,70,1,1,1.0,1000,7,2,true,17
727,1419,4527,1000,8638,1305.0,2,70,1,1,1.0,1000,7,2,true,17
727,1420,4530,1000,8641,1305.0,2,70,1,1,1.0,1000,6,2,true,17
727,1421,4533,1000,8644,1305.0,2,70,1,1,1.0,1000,6,2,true,17
727,1422,4536,1000,8647,1305.0,2,70,1,1,1.0,1000,6,2,true,17
727,1423,4540,1000,8651,1305.0,2,70,1,1,1.0,1000,7,2,true,17
727,1424,4543,1000,8654,1305.0,2,70,1,1,1.0,1000,6,2,true,17
727,1425,4546,1000,8657,1305.0,2,70,1,1,1.0,1000,6,2,true,17
727,1426,4549,1000,8660,1305.0,2,70,1,1,1.0,1000,6,2,true,17
727,1427,4552,1000,8663,1305.0,2,70,1,1,1.0,1000,6,2,true,17
727,1428,4555,1000,8666,1305.0,2,70,1,1,1.0,1000,6,2,true,17
727,1429,4558,1000,8669,1305.0,2,70,1,1,1.0,1000,6,2,true,17
727,1430,4561,1000,8672,1305.0,2,70,1,1,1.0,1000,6,2,true,17
727,1431,4564,1000,8675,1305.0,2,70,1,1,1.0,1000,6,2,true,17
727,1432,4567,1000,8678,1305.0,2,70,1,1,1.0,1000,6,2,true,17
727,1433,4570,1000,8681,1305.0,2,70,1,1,1.0,1000,6,2,true,17
727,1434,4573,1000,8684,1305.0,2,70,1,1,1.0,1000,6,2,true,17
727,1435,4576,1000,8687,1305.0,2,70,1,1,1.0,1000,6,2,true,17
727,1436,4579,1000,8690,1305.0,2,70,1,1,1.0,1000,6,2,true,17
727,1437,4582,1000,8693,1305.0,2,70,1,1,1.0,1000,6,2,true,17
727,1438,4586,1000,8697,1305.0,2,70,1,1,1.0,1000,6,2,true,17
727,1439,4590,1000,8701,1305.0,2,70,1,1,1.0,1000,7,2,true,17
727,1440,4593,1000,8704,1305.0,2,70,1,1,1.0,1000,6,2,true,17
727,1441,4596,1000,8707,1305.0,2,70,1,1,1.0,1000,6,2,true,17
727,1442,4599,1000,8710,1305.0,2,70,1,1,1.0,1000,6,2,true,17
727,1443,4602,1000,8713,1305.0,2,70,1,1,1.0,1000,6,2,true,17
727,1444,4605,1000,8716,1305.0,2,70,1,1,1.0,1000,7,2,true,17
727,1445,4608,1000,8719,1305.0,2,70,1,1,1.0,1000,6,2,true,17
727,1446,4612,1000,8723,1305.0,2,70,1,1,1.0,1000,7,2,true,17
727,1447,4616,1000,8727,1305.0,2,70,1,1,1.0,1000,7,2,true,17
727,1448,4619,1000,8730,1305.0,2,70,1,1,1.0,1000,6,2,true,17
727,1449,4622,1000,8733,1305.0,2,70,1,1,1.0,1000,6,2,true,17
727,1450,4625,1000,8736,1305.0,2,70,1,1,1.0,1000,7,2,true,17
727,1451,4628,1000,8739,1305.0,2,70,1,1,1.0,1000,6,2,true,17
727,1452,4631,1000,8742,1305.0,2,70,1,1,1.0,1000,6,2,true,17
727,1453,4634,1000,8745,1305.0,2,70,1,1,1.0,1000,6,2,true,17
727,1454,4638,1000,8749,1305.0,2,70,1,1,1.0,1000,6,2,true,17
727,1455,4641,1000,8752,1305.0,2,70,1,1,1.0,1000,6,2,true,17
727,1456,4644,1000,8755,1305.0,2,70,1,1,1.0,1000,6,2,true,17
727,1457,4647,1000,8758,1305.0,2,70,1,1,1.0,1000,6,2,true,17
727,1458,4650,1000,8761,1305.0,2,70,1,1,1.0,1000,6,2,true,17
727,1459,4653,1000,8764,1305.0,2,70,1,1,1.0,1000,6,2,true,17
727,1460,4656,1000,8767,1305.0,2,70,1,1,1.0,1000,6,2,true,17
727,1461,4660,1000,8771,1305.0,2,70,1,1,1.0,1000,7,2,true,17
727,1462,4664,1000,8775,1305.0,2,70,1,1,1.0,1000,6,2,true,17
727,1463,4667,1000,8778,1305.0,2,70,1,1,1.0,1000,6,2,true,17
727,1464,4670,1000,8781,1305.0,2,70,1,1,1.0,1000,6,2,true,17
727,1465,4673,1000,8784,1305.0,2,70,1,1,1.0,1000,6,2,true,17
727,1466,4676,1000,8787,1305.0,2,70,1,1,1.0,1000,6,2,true,17
727,1467,4680,1000,8791,1305.0,2,70,1,1,1.0,1000,7,2,true,17
727,1468,4683,1000,8794,1305.0,2,70,1,1,1.0,1000,6,2,true,17
727,1469,4686,1000,8797,1305.0,2,70,1,1,1.0,1000,6,2,true,17
727,1470,4689,1000,8800,1305.0,2,70,1,1,1.0,1000,6,2,true,17
727,1471,4692,1000,8803,1305.0,2,70,1,1,1.0,1000,6,2,true,17
727,1472,4695,1000,8806,1305.0,2,70,1,1,1.0,1000,6,2,true,17
727,1473,4698,1000,8809,1305.0,2,70,1,1,1.0,1000,6,2,true,17
727,1474,4701,1000,8812,1305.0,2,70,1,1,1.0,1000,6,2,true,17
727,1475,4704,1000,8815,1305.0,2,70,1,1,1.0,1000,6,2,true,17
727,1476,4707,1000,8818,1305.0,2,70,1,1,1.0,1000,7,2,true,17
727,1477,4711,1000,8822,1305.0,2,70,1,1,1.0,1000,7,2,true,17
727,1478,4714,1000,8825,1305.0,2,70,1,1,1.0,1000,6,2,true,17
727,1479,4717,1000,8828,1305.0,2,70,1,1,1.0,1000,6,2,true,17
727,1480,4720,1000,8831,1305.0,2,70,1,1,1.0,1000,7,2,true,17
727,1481,4723,1000,8834,1305.0,2,70,1,1,1.0,1000,6,2,true,17
727,1482,4726,1000,8837,1305.0,2,70,1,1,1.0,1000,6,2,true,17
727,1483,4729,1000,8840,1305.0,2,70,1,1,1.0,1000,6,2,true,17
727,1484,4732,1000,8843,1305.0,2,70,1,1,1.0,1000,6,2,true,17
727,1485,4735,1000,8846,1305.0,2,70,1,1,1.0,1000,6,2,true,17
727,1486,4738,1000,8849,1305.0,2,70,1,1,1.0,1000,6,2,true,17
727,1487,4741,1000,8852,1305.0,2,70,1,1,1.0,1000,6,2,true,17
727,1488,4744,1000,8855,1305.0,2,70,1,1,1.0,1000,6,2,true,17
727,1489,4747,1000,8858,1305.0,2,70,1,1,1.0,1000,6,2,true,17
727,1490,4751,1000,8862,1305.0,2,70,1,1,1.0,1000,7,2,true,17
727,1491,4754,1000,8865,1305.0,2,70,1,1,1.0,1000,6,2,true,17
727,1492,4757,1000,8868,1305.0,2,70,1,1,1.0,1000,6,2,true,17
727,1493,4760,1000,8871,1305.0,2,70,1,1,1.0,1000,6,2,true,17
727,1494,4763,1000,8874,1305.0,2,70,1,1,1.0,1000,6,2,true,17
727,1495,4766,1000,8877,1305.0,2,70,1,1,1.0,1000,6,2,true,17
727,1496,4770,1000,8881,1305.0,2,70,1,1,1.0,1000,7,2,true,17
727,1497,4773,1000,8884,1305.0,2,70,1,1,1.0,1000,6,2,true,17
727,1498,4776,1000,8887,1305.0,2,70,1,1,1.0,1000,6,2,true,17
727,1499,4779,1000,8890,1305.0,2,70,1,1,1.0,1000,6,2,true,17
727,1500,4782,1000,8893,1305.0,2,70,1,1,1.0,1000,6,2,true,17
727,1501,4786,1000,8897,1305.0,2,70,1,1,1.0,1000,7,2,true,17
727,1502,4789,1000,8900,1305.0,2,70,1,1,1.0,1000,6,2,true,17
727,1503,4792,1000,8903,1305.0,2,70,1,1,1.0,1000,7,2,true,17
727,1504,4795,1000,8906,1305.0,2,70,1,1,1.0,1000,6,2,true,17
727,1505,4798,1000,8909,1305.0,2,70,1,1,1.0,1000,7,2,true,17
727,1506,4801,1000,8912,1305.0,2,70,1,1,1.0,1000,6,2,true,17
727,1507,4804,1000,8915,1305.0,2,70,1,1,1.0,1000,6,2,true,17
727,1508,4807,1000,8918,1305.0,2,70,1,1,1.0,1000,6,2,true,17
727,1509,4810,1000,8921,1305.0,2,70,1,1,1.0,1000,6,2,true,17
727,1510,4814,1000,8925,1305.0,2,70,1,1,1.0,1000,7,2,true,17
727,1511,4817,1000,8928,1305.0,2,70,1,1,1.0,1000,6,2,true,17
727,1512,4820,1000,8931,1305.0,2,70,1,1,1.0,1000,6,2,true,17
727,1513,4824,1000,8935,1305.0,2,70,1,1,1.0,1000,6,2,true,17
727,1514,4827,1000,8938,1305.0,2,70,1,1,1.0,1000,6,2,true,17
727,1515,4830,1000,8941,1305.0,2,70,1,1,1.0,1000,6,2,true,17
727,1516,4834,1000,8945,1305.0,2,70,1,1,1.0,1000,7,2,true,17
727,1517,4837,1000,8948,1305.0,2,70,1,1,1.0,1000,6,2,true,17
727,1518,4840,1000,8951,1305.0,2,70,1,1,1.0,1000,6,2,true,17
727,1519,4843,1000,8954,1305.0,2,70,1,1,1.0,1000,6,2,true,17
727,1520,4846,1000,8957,1305.0,2,70,1,1,1.0,1000,6,2,true,17
727,1521,4849,1000,8960,1305.0,2,70,1,1,1.0,1000,6,2,true,17
727,1522,4852,1000,8963,1305.0,2,70,1,1,1.0,1000,6,2,true,17
727,1523,4855,1000,8966,1305.0,2,70,1,1,1.0,1000,6,2,true,17
727,1524,4858,1000,8969,1305.0,2,70,1,1,1.0,1000,6,2,true,17
727,1525,4862,1000,8973,1305.0,2,70,1,1,1.0,1000,7,2,true,17
727,1526,4865,1000,8976,1305.0,2,70,1,1,1.0,1000,6,2,true,17
727,1527,4868,1000,8979,1305.0,2,70,1,1,1.0,1000,6,2,true,17
727,1528,4870,1000,8981,1305.0,2,70,1,1,1.0,1000,6,2,true,17
727,1529,4874,1000,8985,1305.0,2,70,1,1,1.0,1000,6,2,true,17
727,1530,4877,1000,8988,1305.0,2,70,1,1,1.0,1000,6,2,true,17
727,1531,4880,1000,8991,1305.0,2,70,1,1,1.0,1000,6,2,true,17
727,1532,4883,1000,8994,1305.0,2,70,1,1,1.0,1000,6,2,true,17
727,1533,4887,1000,8998,1305.0,2,70,1,1,1.0,1000,7,2,true,17
727,1534,4890,1000,9001,1305.0,2,70,1,1,1.0,1000,6,2,true,17
727,1535,4893,1000,9004,1305.0,2,70,1,1,1.0,1000,7,2,true,17
727,1536,4896,1000,9007,1305.0,2,70,1,1,1.0,1000,6,2,true,17
727,1537,4899,1000,9010,1305.0,2,70,1,1,1.0,1000,6,2,true,17
727,1538,4902,1000,9013,1305.0,2,70,1,1,1.0,1000,6,2,true,17
727,1539,4906,1000,9017,1305.0,2,70,1,1,1.0,1000,7,2,true,17
727,1540,4910,1000,9021,1305.0,2,70,1,1,1.0,1000,7,2,true,17
727,1541,4913,1000,9024,1305.0,2,70,1,1,1.0,1000,6,2,true,17
727,1542,4917,1000,9028,1305.0,2,70,1,1,1.0,1000,7,2,true,17
727,1543,4920,1000,9031,1305.0,2,70,1,1,1.0,1000,6,2,true,17
727,1544,4923,1000,9034,1305.0,2,70,1,1,1.0,1000,6,2,true,17
727,1545,4926,1000,9037,1305.0,2,70,1,1,1.0,1000,6,2,true,17
727,1546,4929,1000,9040,1305.0,2,70,1,1,1.0,1000,6,2,true,17
727,1547,4932,1000,9043,1305.0,2,70,1,1,1.0,1000,6,2,true,17
727,1548,4935,1000,9046,1305.0,2,70,1,1,1.0,1000,6,2,true,17
727,1549,4938,1000,9049,1305.0,2,70,1,1,1.0,1000,7,2,true,17
727,1550,4941,1000,9052,1305.0,2,70,1,1,1.0,1000,6,2,true,17
727,1551,4944,1000,9055,1305.0,2,70,1,1,1.0,1000,6,2,true,17
727,1552,4947,1000,9058,1305.0,2,70,1,1,1.0,1000,6,2,true,17
727,1553,4950,1000,9061,1305.0,2,70,1,1,1.0,1000,6,2,true,17
727,1554,4953,1000,9064,1305.0,2,70,1,1,1.0,1000,6,2,true,17
727,1555,4956,1000,9067,1305.0,2,70,1,1,1.0,1000,6,2,true,17
727,1556,4960,1000,9071,1305.0,2,70,1,1,1.0,1000,7,2,true,17
727,1557,4963,1000,9074,1305.0,2,70,1,1,1.0,1000,6,2,true,17
727,1558,4967,1000,9078,1305.0,2,70,1,1,1.0,1000,7,2,true,17
727,1559,4970,1000,9081,1305.0,2,70,1,1,1.0,1000,6,2,true,17
727,1560,4973,1000,9084,1305.0,2,70,1,1,1.0,1000,6,2,true,17
727,1561,4976,1000,9087,1305.0,2,70,1,1,1.0,1000,6,2,true,17
727,1562,4979,1000,9090,1305.0,2,70,1,1,1.0,1000,6,2,true,17
727,1563,4982,1000,9093,1305.0,2,70,1,1,1.0,1000,6,2,true,17
727,1564,4985,1000,9096,1305.0,2,70,1,1,1.0,1000,7,2,true,17
727,1565,4988,1000,9099,1305.0,2,70,1,1,1.0,1000,6,2,true,17
727,1566,4991,1000,9102,1305.0,2,70,1,1,1.0,1000,6,2,true,17
727,1568,4998,1000,9109,1305.0,2,70,1,1,1.0,1000,7,2,true,17
727,1568,4998,1000,9109,1305.0,2,70,1,1,1.0,1000,6,2,true,17
727,1569,5001,1000,9112,1305.0,2,70,1,1,1.0,1000,6,2,true,17
727,1570,5004,1000,9115,1305.0,2,70,1,1,1.0,1000,6,2,true,17
727,1571,5007,1000,9118,1305.0,2,70,1,1,1.0,1000,6,2,true,17
727,1572,5011,1000,9122,1305.0,2,70,1,1,1.0,1000,7,2,true,17
727,1573,5014,1000,9125,1305.0,2,70,1,1,1.0,1000,6,2,true,17
727,1574,5017,1000,9128,1305.0,2,70,1,1,1.0,1000,6,2,true,17
727,1575,5020,1000,9131,1305.0,2,70,1,1,1.0,1000,6,2,true,17
727,1576,5023,1000,9134,1305.0,2,70,1,1,1.0,1000,7,2,true,17
727,1577,5026,1000,9137,1305.0,2,70,1,1,1.0,1000,6,2,true,17
727,1578,5029,1000,9140,1305.0,2,70,1,1,1.0,1000,6,2,true,17
727,1579,5032,1000,9143,1305.0,2,70,1,1,1.0,1000,6,2,true,17
727,1580,5035,1000,9146,1305.0,2,70,1,1,1.0,1000,6,2,true,17
727,1581,5038,1000,9149,1305.0,2,70,1,1,1.0,1000,6,2,true,17
727,1582,5041,1000,9152,1305.0,2,70,1,1,1.0,1000,6,2,true,17
727,1583,5044,1000,9155,1305.0,2,70,1,1,1.0,1000,6,2,true,17
727,1584,5047,1000,9158,1305.0,2,70,1,1,1.0,1000,6,2,true,17
727,1585,5051,1000,9162,1305.0,2,70,1,1,1.0,1000,7,2,true,17
727,1586,5054,1000,9165,1305.0,2,70,1,1,1.0,1000,6,2,true,17
727,1587,5057,1000,9168,1305.0,2,70,1,1,1.0,1000,6,2,true,17
727,1588,5060,1000,9171,1305.0,2,70,1,1,1.0,1000,6,2,true,17
727,1589,5063,1000,9174,1305.0,2,70,1,1,1.0,1000,6,2,true,17
727,1590,5066,1000,9177,1305.0,2,70,1,1,1.0,1000,6,2,true,17
727,1591,5069,1000,9180,1305.0,2,70,1,1,1.0,1000,6,2,true,17
727,1592,5072,1000,9183,1305.0,2,70,1,1,1.0,1000,6,2,true,17
727,1593,5075,1000,9186,1305.0,2,70,1,1,1.0,1000,6,2,true,17
727,1594,5078,1000,10151,1307.0,2,70,1,1,1.0,1000,6,2,true,17
727,1595,5081,1000,10154,1307.0,2,70,1,1,1.0,1000,7,2,true,17
727,1596,5085,1000,10158,1307.0,2,70,1,1,1.0,1000,7,2,true,17
727,1597,5088,1000,10161,1307.0,2,70,1,1,1.0,1000,6,2,true,17
727,1598,5091,1000,10164,1307.0,2,70,1,1,1.0,1000,6,2,true,17
727,1599,5094,1000,10167,1307.0,2,70,1,1,1.0,1000,6,2,true,17
727,1600,5097,1000,10170,1307.0,2,70,1,1,1.0,1000,6,2,true,17
727,1601,5100,1000,10173,1307.0,2,70,1,1,1.0,1000,6,2,true,17
727,1602,5103,1000,10176,1307.0,2,70,1,1,1.0,1000,7,2,true,17
727,1603,5106,1000,10179,1307.0,2,70,1,1,1.0,1000,6,2,true,17
727,1604,5109,1000,10182,1307.0,2,70,1,1,1.0,1000,6,2,true,17
727,1605,5112,1000,10185,1307.0,2,70,1,1,1.0,1000,6,2,true,17
727,1606,5115,1000,10188,1307.0,2,70,1,1,1.0,1000,6,2,true,17
727,1607,5118,1000,10191,1307.0,2,70,1,1,1.0,1000,6,2,true,17
727,1608,5122,1000,10195,1307.0,2,70,1,1,1.0,1000,7,2,true,17
727,1609,5125,1000,10198,1307.0,2,70,1,1,1.0,1000,6,2,true,17
727,1610,5128,1000,10201,1307.0,2,70,1,1,1.0,1000,6,2,true,17
727,1611,5131,1000,10204,1307.0,2,70,1,1,1.0,1000,6,2,true,17
727,1612,5134,1000,10207,1307.0,2,70,1,1,1.0,1000,6,2,true,17
727,1613,5137,1000,10210,1307.0,2,70,1,1,1.0,1000,7,2,true,17
727,1614,5140,1000,10213,1307.0,2,70,1,1,1.0,1000,6,2,true,17
727,1615,5143,1000,10216,1307.0,2,70,1,1,1.0,1000,6,2,true,17
727,1616,5146,1000,10219,1307.0,2,70,1,1,1.0,1000,7,2,true,17
727,1617,5149,1000,10292,1309.0,2,70,1,1,1.0,1000,6,2,true,17
727,1618,5152,1000,10300,1311.0,2,70,1,1,1.0,1000,6,2,true,17
727,1619,5155,1000,10303,1311.0,2,70,1,1,1.0,1000,6,2,true,17
727,1620,5158,1000,10306,1311.0,2,70,1,1,1.0,1000,6,2,true,17
727,1621,5161,1000,10309,1311.0,2,70,1,1,1.0,1000,6,2,true,17
727,1622,5164,1000,10312,1311.0,2,70,1,1,1.0,1000,6,2,true,17
727,1623,5167,1000,10315,1311.0,2,70,1,1,1.0,1000,6,2,true,17
727,1624,5170,1000,10318,1311.0,2,70,1,1,1.0,1000,6,2,true,17
727,1625,5173,1000,10321,1311.0,2,70,1,1,1.0,1000,7,2,true,17
727,1626,5177,1000,10325,1311.0,2,70,1,1,1.0,1000,7,2,true,17
727,1627,5180,1000,10328,1311.0,2,70,1,1,1.0,1000,7,2,true,17
727,1628,5184,1000,10332,1311.0,2,70,1,1,1.0,1000,7,2,true,17
727,1629,5188,1000,10336,1311.0,2,70,1,1,1.0,1000,7,2,true,17
727,1630,5191,1000,10339,1311.0,2,70,1,1,1.0,1000,6,2,true,17
727,1631,5194,1000,10342,1311.0,2,70,1,1,1.0,1000,6,2,true,17
727,1632,5197,1000,10345,1311.0,2,70,1,1,1.0,1000,6,2,true,17
727,1633,5200,1000,10348,1311.0,2,70,1,1,1.0,1000,6,2,true,17
727,1634,5203,1000,10351,1311.0,2,70,1,1,1.0,1000,6,2,true,17
727,1635,5206,1000,10354,1311.0,2,70,1,1,1.0,1000,6,2,true,17
727,1636,5209,1000,10357,1311.0,2,70,1,1,1.0,1000,6,2,true,17
727,1637,5212,1000,10360,1311.0,2,70,1,1,1.0,1000,7,2,true,17
727,1638,5215,1000,10363,1311.0,2,70,1,1,1.0,1000,6,2,true,17
727,1639,5219,1000,10367,1311.0,2,70,1,1,1.0,1000,7,2,true,17
727,1640,5222,1000,10370,1311.0,2,70,1,1,1.0,1000,6,2,true,17
727,1641,5225,1000,10373,1311.0,2,70,1,1,1.0,1000,6,2,true,17
727,1642,5229,1000,10377,1311.0,2,70,1,1,1.0,1000,6,2,true,17
727,1643,5232,1000,10380,1311.0,2,70,1,1,1.0,1000,6,2,true,17
727,1644,5235,1000,10383,1311.0,2,70,1,1,1.0,1000,6,2,true,17
727,1645,5238,1000,10386,1311.0,2,70,1,1,1.0,1000,6,2,true,17
727,1646,5241,1000,10389,1311.0,2,70,1,1,1.0,1000,6,2,true,17
727,1647,5244,1000,10392,1311.0,2,70,1,1,1.0,1000,6,2,true,17
727,1648,5247,1000,10395,1311.0,2,70,1,1,1.0,1000,6,2,true,17
727,1649,5250,1000,10398,1311.0,2,70,1,1,1.0,1000,6,2,true,17
727,1650,5253,1000,10401,1311.0,2,70,1,1,1.0,1000,6,2,true,17
727,1651,5257,1000,10405,1311.0,2,70,1,1,1.0,1000,7,2,true,17
727,1652,5260,1000,10408,1311.0,2,70,1,1,1.0,1000,6,2,true,17
727,1653,5263,1000,10411,1311.0,2,70,1,1,1.0,1000,6,2,true,17
727,1654,5266,1000,10414,1311.0,2,70,1,1,1.0,1000,6,2,true,17
727,1655,5269,1000,10417,1311.0,2,70,1,1,1.0,1000,6,2,true,17
727,1656,5272,1000,10420,1311.0,2,70,1,1,1.0,1000,6,2,true,17
727,1657,5275,1000,10423,1311.0,2,70,1,1,1.0,1000,6,2,true,17
727,1658,5278,1000,10426,1311.0,2,70,1,1,1.0,1000,6,2,true,17
727,1659,5282,1000,10430,1311.0,2,70,1,1,1.0,1000,7,2,true,17
727,1660,5287,1000,10435,1311.0,2,70,1,1,1.0,1000,6,2,true,17
727,1661,5290,1000,10438,1311.0,2,70,1,1,1.0,1000,6,2,true,17
727,1662,5293,1000,10441,1311.0,2,70,1,1,1.0,1000,6,2,true,17
727,1663,5296,1000,10444,1311.0,2,70,1,1,1.0,1000,6,2,true,17
727,1664,5299,1000,10447,1311.0,2,70,1,1,1.0,1000,6,2,true,17
727,1665,5302,1000,10450,1311.0,2,70,1,1,1.0,1000,6,2,true,17
727,1666,5305,1000,10453,1311.0,2,70,1,1,1.0,1000,6,2,true,17
727,1667,5308,1000,10456,1311.0,2,70,1,1,1.0,1000,6,2,true,17
727,1668,5311,1000,10459,1311.0,2,70,1,1,1.0,1000,6,2,true,17
727,1669,5314,1000,10462,1311.0,2,70,1,1,1.0,1000,6,2,true,17
727,1670,5317,1000,10465,1311.0,2,70,1,1,1.0,1000,6,2,true,17
727,1671,5320,1000,10468,1311.0,2,70,1,1,1.0,1000,6,2,true,17
727,1672,5323,1000,10471,1311.0,2,70,1,1,1.0,1000,6,2,true,17
727,1673,5326,1000,10474,1311.0,2,70,1,1,1.0,1000,6,2,true,17
727,1674,5329,1000,10477,1311.0,2,70,1,1,1.0,1000,6,2,true,17
727,1675,5332,1000,10480,1311.0,2,70,1,1,1.0,1000,6,2,true,17
727,1676,5335,1000,10483,1311.0,2,70,1,1,1.0,1000,6,2,true,17
727,1677,5338,1000,10486,1311.0,2,70,1,1,1.0,1000,6,2,true,17
727,1678,5342,1000,10490,1311.0,2,70,1,1,1.0,1000,7,2,true,17
727,1679,5346,1000,10494,1311.0,2,70,1,1,1.0,1000,7,2,true,17
727,1680,5349,1000,10497,1311.0,2,70,1,1,1.0,1000,6,2,true,17
727,1681,5352,1000,10500,1311.0,2,70,1,1,1.0,1000,6,2,true,17
727,1682,5355,1000,10503,1311.0,2,70,1,1,1.0,1000,7,2,true,17
727,1683,5358,1000,10506,1311.0,2,70,1,1,1.0,1000,6,2,true,17
727,1684,5361,1000,10509,1311.0,2,70,1,1,1.0,1000,6,2,true,17
727,1685,5364,1000,10512,1311.0,2,70,1,1,1.0,1000,6,2,true,17
727,1686,5367,1000,10515,1311.0,2,70,1,1,1.0,1000,6,2,true,17
727,1687,5369,1000,10517,1311.0,2,70,1,1,1.0,1000,6,2,true,17
727,1688,5372,1000,10520,1311.0,2,70,1,1,1.0,1000,6,2,true,17
727,1689,5375,1000,10523,1311.0,2,70,1,1,1.0,1000,6,2,true,17
727,1690,5378,1000,10526,1311.0,2,70,1,1,1.0,1000,6,2,true,17
727,1691,5381,1000,10529,1311.0,2,70,1,1,1.0,1000,6,2,true,17
727,1692,5384,1000,10532,1311.0,2,70,1,1,1.0,1000,6,2,true,17
727,1693,5387,1000,10535,1311.0,2,70,1,1,1.0,1000,7,2,true,17
727,1694,5390,1000,10538,1311.0,2,70,1,1,1.0,1000,6,2,true,17
727,1695,5393,1000,10541,1311.0,2,70,1,1,1.0,1000,6,2,true,17
727,1696,5396,1000,10544,1311.0,2,70,1,1,1.0,1000,6,2,true,17
727,1698,5402,1000,10550,1311.0,2,70,1,1,1.0,1000,6,2,true,17
727,1698,5402,1000,10550,1311.0,2,70,1,1,1.0,1000,6,2,true,17
727,1699,5405,1000,10553,1311.0,2,70,1,1,1.0,1000,6,2,true,17
727,1700,5408,1000,10556,1311.0,2,70,1,1,1.0,1000,6,2,true,17
727,1701,5411,1000,10559,1311.0,2,70,1,1,1.0,1000,6,2,true,17
727,1702,5414,1000,10562,1311.0,2,70,1,1,1.0,1000,6,2,true,17
727,1703,5418,1000,10566,1311.0,2,70,1,1,1.0,1000,7,2,true,17
727,1704,5421,1000,10569,1311.0,2,70,1,1,1.0,1000,6,2,true,17
727,1705,5424,1000,10572,1311.0,2,70,1,1,1.0,1000,6,2,true,17
727,1706,5427,1000,10575,1311.0,2,70,1,1,1.0,1000,6,2,true,17
727,1707,5431,1000,10579,1311.0,2,70,1,1,1.0,1000,7,2,true,17
727,1708,5434,1000,10582,1311.0,2,70,1,1,1.0,1000,6,2,true,17
727,1709,5437,1000,10585,1311.0,2,70,1,1,1.0,1000,6,2,true,17
727,1710,5440,1000,10588,1311.0,2,70,1,1,1.0,1000,6,2,true,17
727,1711,5443,1000,10591,1311.0,2,70,1,1,1.0,1000,6,2,true,17
727,1712,5447,1000,10595,1311.0,2,70,1,1,1.0,1000,7,2,true,17
727,1713,5449,1000,10597,1311.0,2,70,1,1,1.0,1000,6,2,true,17
727,1714,5452,1000,10600,1311.0,2,70,1,1,1.0,1000,6,2,true,17
727,1715,5455,1000,10603,1311.0,2,70,1,1,1.0,1000,6,2,true,17
727,1716,5458,1000,10606,1311.0,2,70,1,1,1.0,1000,6,2,true,17
727,1717,5461,1000,10609,1311.0,2,70,1,1,1.0,1000,6,2,true,17
727,1718,5464,1000,10612,1311.0,2,70,1,1,1.0,1000,6,2,true,17
727,1719,5467,1000,10615,1311.0,2,70,1,1,1.0,1000,6,2,true,17
727,1720,5470,1000,10618,1311.0,2,70,1,1,1.0,1000,6,2,true,17
727,1721,5473,1000,10621,1311.0,2,70,1,1,1.0,1000,6,2,true,17
727,1722,5476,1000,10624,1311.0,2,70,1,1,1.0,1000,6,2,true,17
727,1723,5480,1000,10628,1311.0,2,70,1,1,1.0,1000,7,2,true,17
727,1724,5483,1000,10631,1311.0,2,70,1,1,1.0,1000,6,2,true,17
727,1725,5487,1000,10635,1311.0,2,70,1,1,1.0,1000,6,2,true,17
727,1726,5491,1000,10639,1311.0,2,70,1,1,1.0,1000,7,2,true,17
727,1727,5494,1000,10642,1311.0,2,70,1,1,1.0,1000,6,2,true,17
727,1728,5498,1000,10646,1311.0,2,70,1,1,1.0,1000,7,2,true,17
727,1729,5501,1000,10649,1311.0,2,70,1,1,1.0,1000,6,2,true,17
727,1730,5504,1000,10652,1311.0,2,70,1,1,1.0,1000,6,2,true,17
727,1731,5507,1000,10655,1311.0,2,70,1,1,1.0,1000,6,2,true,17
727,1732,5511,1000,10659,1311.0,2,70,1,1,1.0,1000,7,2,true,17
727,1733,5514,1000,10662,1311.0,2,70,1,1,1.0,1000,6,2,true,17
727,1734,5517,1000,10665,1311.0,2,70,1,1,1.0,1000,6,2,true,17
727,1735,5521,1000,10669,1311.0,2,70,1,1,1.0,1000,6,2,true,17
727,1736,5524,1000,10672,1311.0,2,70,1,1,1.0,1000,6,2,true,17
727,1737,5527,1000,10675,1311.0,2,70,1,1,1.0,1000,6,2,true,17
727,1738,5530,1000,10678,1311.0,2,70,1,1,1.0,1000,6,2,true,17
727,1739,5534,1000,10682,1311.0,2,70,1,1,1.0,1000,7,2,true,17
727,1740,5537,1000,10685,1311.0,2,70,1,1,1.0,1000,6,2,true,17
727,1741,5541,1000,10689,1311.0,2,70,1,1,1.0,1000,7,2,true,17
727,1742,5544,1000,10692,1311.0,2,70,1,1,1.0,1000,6,2,true,17
727,1743,5547,1000,10695,1311.0,2,70,1,1,1.0,1000,6,2,true,17
727,1744,5550,1000,10698,1311.0,2,70,1,1,1.0,1000,6,2,true,17
727,1745,5553,1000,10701,1311.0,2,70,1,1,1.0,1000,6,2,true,17
727,1746,5556,1000,10704,1311.0,2,70,1,1,1.0,1000,6,2,true,17
727,1747,5559,1000,10707,1311.0,2,70,1,1,1.0,1000,6,2,true,17
727,1748,5562,1000,10710,1311.0,2,70,1,1,1.0,1000,6,2,true,17
727,1749,5565,1000,10713,1311.0,2,70,1,1,1.0,1000,6,2,true,17
727,1750,5568,1000,10716,1311.0,2,70,1,1,1.0,1000,6,2,true,17
727,1751,5571,1000,10719,1311.0,2,70,1,1,1.0,1000,6,2,true,17
727,1752,5574,1000,10722,1311.0,2,70,1,1,1.0,1000,6,2,true,17
727,1753,5577,1000,10725,1311.0,2,70,1,1,1.0,1000,6,2,true,17
727,1754,5580,1000,10728,1311.0,2,70,1,1,1.0,1000,6,2,true,17
727,1755,5583,1000,10731,1311.0,2,70,1,1,1.0,1000,6,2,true,17
727,1756,5586,1000,10734,1311.0,2,70,1,1,1.0,1000,6,2,true,17
727,1757,5589,1000,10737,1311.0,2,70,1,1,1.0,1000,6,2,true,17
727,1759,5595,1000,10743,1311.0,2,70,1,1,1.0,1000,6,2,true,17
727,1759,5595,1000,10743,1311.0,2,70,1,1,1.0,1000,6,2,true,17
727,1760,5599,1000,10747,1311.0,2,70,1,1,1.0,1000,6,2,true,17
727,1761,5602,1000,10750,1311.0,2,70,1,1,1.0,1000,6,2,true,17
727,1762,5605,1000,10753,1311.0,2,70,1,1,1.0,1000,6,2,true,17
727,1763,5608,1000,10756,1311.0,2,70,1,1,1.0,1000,6,2,true,17
727,1764,5611,1000,10759,1311.0,2,70,1,1,1.0,1000,6,2,true,17
727,1765,5614,1000,10762,1311.0,2,70,1,1,1.0,1000,6,2,true,17
727,1766,5618,1000,10766,1311.0,2,70,1,1,1.0,1000,7,2,true,17
727,1767,5622,1000,10770,1311.0,2,70,1,1,1.0,1000,6,2,true,17
727,1768,5625,1000,10773,1311.0,2,70,1,1,1.0,1000,6,2,true,17
727,1769,5629,1000,10777,1311.0,2,70,1,1,1.0,1000,7,2,true,17
727,1770,5632,1000,10780,1311.0,2,70,1,1,1.0,1000,6,2,true,17
727,1771,5635,1000,10783,1311.0,2,70,1,1,1.0,1000,7,2,true,17
727,1772,5638,1000,10786,1311.0,2,70,1,1,1.0,1000,6,2,true,17
727,1773,5642,1000,10790,1311.0,2,70,1,1,1.0,1000,7,2,true,17
727,1774,5645,1000,10793,1311.0,2,70,1,1,1.0,1000,6,2,true,17
727,1775,5648,1000,10796,1311.0,2,70,1,1,1.0,1000,6,2,true,17
727,1776,5651,1000,10799,1311.0,2,70,1,1,1.0,1000,6,2,true,17
727,1777,5654,1000,10802,1311.0,2,70,1,1,1.0,1000,6,2,true,17
727,1778,5657,1000,10805,1311.0,2,70,1,1,1.0,1000,6,2,true,17
727,1779,5660,1000,10808,1311.0,2,70,1,1,1.0,1000,6,2,true,17
727,1780,5663,1000,10811,1311.0,2,70,1,1,1.0,1000,6,2,true,17
727,1781,5666,1000,10814,1311.0,2,70,1,1,1.0,1000,7,2,true,17
727,1782,5669,1000,10817,1311.0,2,70,1,1,1.0,1000,6,2,true,17
727,1783,5672,1000,10820,1311.0,2,70,1,1,1.0,1000,6,2,true,17
727,1784,5675,1000,10823,1311.0,2,70,1,1,1.0,1000,7,2,true,17
727,1785,5678,1000,10826,1311.0,2,70,1,1,1.0,1000,6,2,true,17
727,1786,5682,1000,10830,1311.0,2,70,1,1,1.0,1000,7,2,true,17
727,1787,5685,1000,10833,1311.0,2,70,1,1,1.0,1000,6,2,true,17
727,1788,5688,1000,10836,1311.0,2,70,1,1,1.0,1000,6,2,true,17
727,1789,5691,1000,10839,1311.0,2,70,1,1,1.0,1000,7,2,true,17
727,1790,5694,1000,10842,1311.0,2,70,1,1,1.0,1000,6,2,true,17
727,1791,5697,1000,10845,1311.0,2,70,1,1,1.0,1000,6,2,true,17
727,1792,5700,1000,10848,1311.0,2,70,1,1,1.0,1000,6,2,true,17
727,1793,5703,1000,10851,1311.0,2,70,1,1,1.0,1000,6,2,true,17
727,1794,5706,1000,10854,1311.0,2,70,1,1,1.0,1000,6,2,true,17
727,1795,5710,1000,10858,1311.0,2,70,1,1,1.0,1000,7,2,true,17
727,1796,5713,1000,10861,1311.0,2,70,1,1,1.0,1000,6,2,true,17
727,1797,5716,1000,10864,1311.0,2,70,1,1,1.0,1000,6,2,true,17
727,1798,5720,1000,10868,1311.0,2,70,1,1,1.0,1000,6,2,true,17
727,1799,5723,1000,10871,1311.0,2,70,1,1,1.0,1000,6,2,true,17
727,1800,5727,1000,10875,1311.0,2,70,1,1,1.0,1000,7,2,true,17
727,1801,5730,1000,10878,1311.0,2,70,1,1,1.0,1000,6,2,true,17
727,1802,5733,1000,10881,1311.0,2,70,1,1,1.0,1000,6,2,true,17
727,1803,5736,1000,10884,1311.0,2,70,1,1,1.0,1000,6,2,true,17
727,1804,5739,1000,10887,1311.0,2,70,1,1,1.0,1000,6,2,true,17
727,1805,5742,1000,10890,1311.0,2,70,1,1,1.0,1000,6,2,true,17
727,1806,5745,1000,10893,1311.0,2,70,1,1,1.0,1000,6,2,true,17
727,1807,5749,1000,10897,1311.0,2,70,1,1,1.0,1000,7,2,true,17
727,1808,5752,1000,10900,1311.0,2,70,1,1,1.0,1000,6,2,true,17
727,1809,5755,1000,10903,1311.0,2,70,1,1,1.0,1000,6,2,true,17
727,1810,5758,1000,10906,1311.0,2,70,1,1,1.0,1000,6,2,true,17
727,1811,5761,1000,10909,1311.0,2,70,1,1,1.0,1000,7,2,true,17
727,1812,5764,1000,10912,1311.0,2,70,1,1,1.0,1000,6,2,true,17
727,1813,5767,1000,10915,1311.0,2,70,1,1,1.0,1000,6,2,true,17
727,1814,5770,1000,10918,1311.0,2,70,1,1,1.0,1000,6,2,true,17
727,1815,5773,1000,10921,1311.0,2,70,1,1,1.0,1000,6,2,true,17
727,1816,5776,1000,10924,1311.0,2,70,1,1,1.0,1000,6,2,true,17
727,1817,5779,1000,10927,1311.0,2,70,1,1,1.0,1000,6,2,true,17
727,1818,5782,1000,10930,1311.0,2,70,1,1,1.0,1000,6,2,true,17
727,1819,5785,1000,10933,1311.0,2,70,1,1,1.0,1000,7,2,true,17
727,1820,5788,1000,10936,1311.0,2,70,1,1,1.0,1000,6,2,true,17
727,1821,5791,1000,10939,1311.0,2,70,1,1,1.0,1000,6,2,true,17
727,1822,5794,1000,10942,1311.0,2,70,1,1,1.0,1000,6,2,true,17
727,1823,5797,1000,10945,1311.0,2,70,1,1,1.0,1000,6,2,true,17
727,1824,5800,1000,10948,1311.0,2,70,1,1,1.0,1000,6,2,true,17
727,1825,5804,1000,10952,1311.0,2,70,1,1,1.0,1000,7,2,true,17
727,1826,5808,1000,10956,1311.0,2,70,1,1,1.0,1000,7,2,true,17
727,1827,5811,1000,10959,1311.0,2,70,1,1,1.0,1000,6,2,true,17
727,1828,5814,1000,10962,1311.0,2,70,1,1,1.0,1000,6,2,true,17
727,1829,5817,1000,10965,1311.0,2,70,1,1,1.0,1000,7,2,true,17
727,1830,5820,1000,10968,1311.0,2,70,1,1,1.0,1000,6,2,true,17
727,1831,5823,1000,10971,1311.0,2,70,1,1,1.0,1000,6,2,true,17
727,1832,5826,1000,10974,1311.0,2,70,1,1,1.0,1000,7,2,true,17
727,1833,5829,1000,10977,1311.0,2,70,1,1,1.0,1000,7,2,true,17
727,1834,5832,1000,10980,1311.0,2,70,1,1,1.0,1000,6,2,true,17
727,1835,5835,1000,10983,1311.0,2,70,1,1,1.0,1000,6,2,true,17
727,1836,5838,1000,10986,1311.0,2,70,1,1,1.0,1000,6,2,true,17
727,1837,5841,1000,10989,1311.0,2,70,1,1,1.0,1000,6,2,true,17
727,1838,5843,1000,10991,1311.0,2,70,1,1,1.0,1000,6,2,true,17
727,1839,5846,1000,10994,1311.0,2,70,1,1,1.0,1000,6,2,true,17
727,1840,5850,1000,10998,1311.0,2,70,1,1,1.0,1000,7,2,true,17
727,1841,5853,1000,11001,1311.0,2,70,1,1,1.0,1000,6,2,true,17
727,1842,5857,1000,11005,1311.0,2,70,1,1,1.0,1000,7,2,true,17
727,1843,5860,1000,11008,1311.0,2,70,1,1,1.0,1000,6,2,true,17
727,1844,5863,1000,11011,1311.0,2,70,1,1,1.0,1000,6,2,true,17
727,1845,5866,1000,11014,1311.0,2,70,1,1,1.0,1000,6,2,true,17
727,1846,5869,1000,11017,1311.0,2,70,1,1,1.0,1000,6,2,true,17
727,1847,5872,1000,11020,1311.0,2,70,1,1,1.0,1000,6,2,true,17
727,1848,5875,1000,11023,1311.0,2,70,1,1,1.0,1000,6,2,true,17
727,1849,5878,1000,11026,1311.0,2,70,1,1,1.0,1000,6,2,true,17
727,1850,5882,1000,11030,1311.0,2,70,1,1,1.0,1000,7,2,true,17
727,1851,5885,1000,11033,1311.0,2,70,1,1,1.0,1000,6,2,true,17
727,1852,5888,1000,11036,1311.0,2,70,1,1,1.0,1000,6,2,true,17
727,1853,5891,1000,11039,1311.0,2,70,1,1,1.0,1000,6,2,true,17
727,1854,5894,1000,11042,1311.0,2,70,1,1,1.0,1000,6,2,true,17
727,1855,5897,1000,11045,1311.0,2,70,1,1,1.0,1000,6,2,true,17
727,1856,5900,1000,11048,1311.0,2,70,1,1,1.0,1000,6,2,true,17
727,1857,5903,1000,11051,1311.0,2,70,1,1,1.0,1000,6,2,true,17
727,1858,5906,1000,11054,1311.0,2,70,1,1,1.0,1000,6,2,true,17
727,1859,5909,1000,11057,1311.0,2,70,1,1,1.0,1000,6,2,true,17
727,1860,5912,1000,11060,1311.0,2,70,1,1,1.0,1000,6,2,true,17
727,1861,5915,1000,11063,1311.0,2,70,1,1,1.0,1000,6,2,true,17
727,1862,5918,1000,11066,1311.0,2,70,1,1,1.0,1000,6,2,true,17
727,1863,5921,1000,11069,1311.0,2,70,1,1,1.0,1000,6,2,true,17
727,1864,5924,1000,11072,1311.0,2,70,1,1,1.0,1000,6,2,true,17
727,1865,5927,1000,11075,1311.0,2,70,1,1,1.0,1000,6,2,true,17
727,1866,5930,1000,11078,1311.0,2,70,1,1,1.0,1000,6,2,true,17
727,1867,5933,1000,11081,1311.0,2,70,1,1,1.0,1000,6,2,true,17
727,1868,5936,1000,11084,1311.0,2,70,1,1,1.0,1000,7,2,true,17
727,1869,5939,1000,11087,1311.0,2,70,1,1,1.0,1000,6,2,true,17
727,1870,5943,1000,11091,1311.0,2,70,1,1,1.0,1000,7,2,true,17
727,1871,5946,1000,11094,1311.0,2,70,1,1,1.0,1000,6,2,true,17
727,1872,5949,1000,11097,1311.0,2,70,1,1,1.0,1000,6,2,true,17
727,1873,5952,1000,11100,1311.0,2,70,1,1,1.0,1000,6,2,true,17
727,1874,5955,1000,11103,1311.0,2,70,1,1,1.0,1000,6,2,true,17
727,1875,5959,1000,11107,1311.0,2,70,1,1,1.0,1000,7,2,true,17
727,1876,5962,1000,11110,1311.0,2,70,1,1,1.0,1000,6,2,true,17
727,1877,5965,1000,11113,1311.0,2,70,1,1,1.0,1000,7,2,true,17
727,1878,5968,1000,11116,1311.0,2,70,1,1,1.0,1000,6,2,true,17
727,1879,5971,1000,11119,1311.0,2,70,1,1,1.0,1000,6,2,true,17
727,1880,5975,1000,11123,1311.0,2,70,1,1,1.0,1000,7,2,true,17
727,1881,5978,1000,11126,1311.0,2,70,1,1,1.0,1000,6,2,true,17
727,1882,5981,1000,11129,1311.0,2,70,1,1,1.0,1000,6,2,true,17
727,1884,5987,1000,11135,1311.0,2,70,1,1,1.0,1000,6,2,true,17
727,1884,5987,1000,11135,1311.0,2,70,1,1,1.0,1000,7,2,true,17
727,1885,5991,1000,11139,1311.0,2,70,1,1,1.0,1000,7,2,true,17
727,1886,5994,1000,11142,1311.0,2,70,1,1,1.0,1000,6,2,true,17
727,1887,5997,1000,11145,1311.0,2,70,1,1,1.0,1000,6,2,true,17
727,1888,6000,1000,11148,1311.0,2,70,1,1,1.0,1000,6,2,true,17
727,1889,6003,1000,11151,1311.0,2,70,1,1,1.0,1000,6,2,true,17
727,1890,6006,1000,11154,1311.0,2,70,1,1,1.0,1000,6,2,true,17
727,1891,6009,1000,11157,1311.0,2,70,1,1,1.0,1000,6,2,true,17
727,1892,6012,1000,11160,1311.0,2,70,1,1,1.0,1000,6,2,true,17
727,1893,6015,1000,11163,1311.0,2,70,1,1,1.0,1000,6,2,true,17
727,1894,6018,1000,11166,1311.0,2,70,1,1,1.0,1000,6,2,true,17
727,1895,6021,1000,11169,1311.0,2,70,1,1,1.0,1000,6,2,true,17
727,1896,6024,1000,11172,1311.0,2,70,1,1,1.0,1000,6,2,true,17
727,1897,6027,1000,11175,1311.0,2,70,1,1,1.0,1000,6,2,true,17
727,1898,6030,1000,11178,1311.0,2,70,1,1,1.0,1000,6,2,true,17
727,1899,6033,1000,11181,1311.0,2,70,1,1,1.0,1000,6,2,true,17
727,1900,6036,1000,11184,1311.0,2,70,1,1,1.0,1000,6,2,true,17
727,1901,6039,1000,11187,1311.0,2,70,1,1,1.0,1000,6,2,true,17
727,1902,6042,1000,11190,1311.0,2,70,1,1,1.0,1000,6,2,true,17
727,1903,6045,1000,11193,1311.0,2,70,1,1,1.0,1000,6,2,true,17
727,1904,6049,1000,11197,1311.0,2,70,1,1,1.0,1000,7,2,true,17
727,1905,6052,1000,11200,1311.0,2,70,1,1,1.0,1000,6,2,true,17
727,1906,6056,1000,11204,1311.0,2,70,1,1,1.0,1000,7,2,true,17
727,1907,6059,1000,11207,1311.0,2,70,1,1,1.0,1000,6,2,true,17
727,1908,6063,1000,11211,1311.0,2,70,1,1,1.0,1000,7,2,true,17
727,1909,6066,1000,11214,1311.0,2,70,1,1,1.0,1000,6,2,true,17
727,1910,6069,1000,11217,1311.0,2,70,1,1,1.0,1000,6,2,true,17
727,1911,6073,1000,11221,1311.0,2,70,1,1,1.0,1000,6,2,true,17
727,1912,6076,1000,11224,1311.0,2,70,1,1,1.0,1000,6,2,true,17
727,1913,6079,1000,11227,1311.0,2,70,1,1,1.0,1000,6,2,true,17
727,1914,6083,1000,11231,1311.0,2,70,1,1,1.0,1000,6,2,true,17
727,1915,6087,1000,11235,1311.0,2,70,1,1,1.0,1000,6,2,true,17
727,1916,6090,1000,11238,1311.0,2,70,1,1,1.0,1000,6,2,true,17
727,1917,6093,1000,11241,1311.0,2,70,1,1,1.0,1000,6,2,true,17
727,1918,6096,1000,11244,1311.0,2,70,1,1,1.0,1000,6,2,true,17
727,1919,6100,1000,11248,1311.0,2,70,1,1,1.0,1000,7,2,true,17
727,1920,6103,1000,11251,1311.0,2,70,1,1,1.0,1000,6,2,true,17
727,1921,6106,1000,11254,1311.0,2,70,1,1,1.0,1000,6,2,true,17
727,1922,6110,1000,11258,1311.0,2,70,1,1,1.0,1000,7,2,true,17
727,1923,6114,1000,11262,1311.0,2,70,1,1,1.0,1000,7,2,true,17
727,1924,6117,1000,11265,1311.0,2,70,1,1,1.0,1000,6,2,true,17
727,1925,6121,1000,11269,1311.0,2,70,1,1,1.0,1000,6,2,true,17
727,1926,6125,1000,11273,1311.0,2,70,1,1,1.0,1000,7,2,true,17
727,1927,6128,1000,11276,1311.0,2,70,1,1,1.0,1000,6,2,true,17
727,1928,6132,1000,11280,1311.0,2,70,1,1,1.0,1000,7,2,true,17
727,1929,6135,1000,11283,1311.0,2,70,1,1,1.0,1000,7,2,true,17
727,1930,6138,1000,11286,1311.0,2,70,1,1,1.0,1000,6,2,true,17
727,1931,6141,1000,11289,1311.0,2,70,1,1,1.0,1000,6,2,true,17
727,1932,6144,1000,11292,1311.0,2,70,1,1,1.0,1000,6,2,true,17
727,1933,6147,1000,11295,1311.0,2,70,1,1,1.0,1000,6,2,true,17
727,1934,6151,1000,11299,1311.0,2,70,1,1,1.0,1000,7,2,true,17
727,1935,6154,1000,11302,1311.0,2,70,1,1,1.0,1000,6,2,true,17
727,1936,6158,1000,11306,1311.0,2,70,1,1,1.0,1000,6,2,true,17
727,1937,6161,1000,11309,1311.0,2,70,1,1,1.0,1000,6,2,true,17
727,1938,6165,1000,11313,1311.0,2,70,1,1,1.0,1000,6,2,true,17
727,1939,6169,1000,11317,1311.0,2,70,1,1,1.0,1000,7,2,true,17
727,1940,6172,1000,11320,1311.0,2,70,1,1,1.0,1000,6,2,true,17
727,1941,6175,1000,11323,1311.0,2,70,1,1,1.0,1000,6,2,true,17
727,1942,6177,1000,11325,1311.0,2,70,1,1,1.0,1000,6,2,true,17
727,1943,6182,1000,11330,1311.0,2,70,1,1,1.0,1000,7,2,true,17
727,1944,6185,1000,11333,1311.0,2,70,1,1,1.0,1000,6,2,true,17
727,1945,6188,1000,11336,1311.0,2,70,1,1,1.0,1000,7,2,true,17
727,1946,6192,1000,11340,1311.0,2,70,1,1,1.0,1000,7,2,true,17
727,1947,6195,1000,11343,1311.0,2,70,1,1,1.0,1000,6,2,true,17
727,1948,6199,1000,11347,1311.0,2,70,1,1,1.0,1000,7,2,true,17
727,1949,6202,1000,11350,1311.0,2,70,1,1,1.0,1000,6,2,true,17
727,1950,6205,1000,11353,1311.0,2,70,1,1,1.0,1000,6,2,true,17
727,1951,6208,1000,11356,1311.0,2,70,1,1,1.0,1000,6,2,true,17
727,1952,6211,1000,11359,1311.0,2,70,1,1,1.0,1000,6,2,true,17
727,1953,6214,1000,11362,1311.0,2,70,1,1,1.0,1000,6,2,true,17
727,1954,6217,1000,11365,1311.0,2,70,1,1,1.0,1000,6,2,true,17
727,1955,6220,1000,11368,1311.0,2,70,1,1,1.0,1000,7,2,true,17
727,1956,6223,1000,11371,1311.0,2,70,1,1,1.0,1000,6,2,true,17
727,1957,6226,1000,11374,1311.0,2,70,1,1,1.0,1000,6,2,true,17
727,1958,6229,1000,11377,1311.0,2,70,1,1,1.0,1000,6,2,true,17
727,1959,6232,1000,11380,1311.0,2,70,1,1,1.0,1000,6,2,true,17
727,1960,6236,1000,11384,1311.0,2,70,1,1,1.0,1000,7,2,true,17
727,1961,6239,1000,11387,1311.0,2,70,1,1,1.0,1000,6,2,true,17
727,1962,6242,1000,11390,1311.0,2,70,1,1,1.0,1000,6,2,true,17
727,1963,6245,1000,11393,1311.0,2,70,1,1,1.0,1000,6,2,true,17
727,1964,6248,1000,11396,1311.0,2,70,1,1,1.0,1000,6,2,true,17
727,1965,6251,1000,11399,1311.0,2,70,1,1,1.0,1000,6,2,true,17
727,1966,6254,1000,11402,1311.0,2,70,1,1,1.0,1000,6,2,true,17
727,1967,6257,1000,11405,1311.0,2,70,1,1,1.0,1000,6,2,true,17
727,1968,6261,1000,11409,1311.0,2,70,1,1,1.0,1000,7,2,true,17
727,1969,6264,1000,11412,1311.0,2,70,1,1,1.0,1000,7,2,true,17
727,1970,6267,1000,11415,1311.0,2,70,1,1,1.0,1000,6,2,true,17
727,1971,6270,1000,11418,1311.0,2,70,1,1,1.0,1000,6,2,true,17
727,1972,6274,1000,11422,1311.0,2,70,1,1,1.0,1000,7,2,true,17
727,1973,6277,1000,11425,1311.0,2,70,1,1,1.0,1000,6,2,true,17
727,1974,6280,1000,11428,1311.0,2,70,1,1,1.0,1000,6,2,true,17
727,1975,6283,1000,11431,1311.0,2,70,1,1,1.0,1000,6,2,true,17
727,1976,6286,1000,11434,1311.0,2,70,1,1,1.0,1000,6,2,true,17
727,1977,6289,1000,11437,1311.0,2,70,1,1,1.0,1000,6,2,true,17
727,1978,6292,1000,11440,1311.0,2,70,1,1,1.0,1000,6,2,true,17
727,1979,6295,1000,11443,1311.0,2,70,1,1,1.0,1000,6,2,true,17
727,1980,6299,1000,11447,1311.0,2,70,1,1,1.0,1000,7,2,true,17
727,1981,6302,1000,11450,1311.0,2,70,1,1,1.0,1000,6,2,true,17
727,1982,6305,1000,11453,1311.0,2,70,1,1,1.0,1000,6,2,true,17
727,1983,6308,1000,11456,1311.0,2,70,1,1,1.0,1000,6,2,true,17
727,1984,6311,1000,11459,1311.0,2,70,1,1,1.0,1000,6,2,true,17
727,1985,6314,1000,11462,1311.0,2,70,1,1,1.0,1000,6,2,true,17
727,1986,6317,1000,11465,1311.0,2,70,1,1,1.0,1000,6,2,true,17
727,1987,6320,1000,11468,1311.0,2,70,1,1,1.0,1000,6,2,true,17
727,1988,6323,1000,11471,1311.0,2,70,1,1,1.0,1000,6,2,true,17
727,1989,6327,1000,11475,1311.0,2,70,1,1,1.0,1000,7,2,true,17
727,1990,6330,1000,11478,1311.0,2,70,1,1,1.0,1000,7,2,true,17
727,1991,6333,1000,11481,1311.0,2,70,1,1,1.0,1000,7,2,true,17
727,1992,6336,1000,11484,1311.0,2,70,1,1,1.0,1000,6,2,true,17
727,1993,6340,1000,11488,1311.0,2,70,1,1,1.0,1000,7,2,true,17
727,1994,6343,1000,11491,1311.0,2,70,1,1,1.0,1000,6,2,true,17
727,1995,6347,1000,11495,1311.0,2,70,1,1,1.0,1000,6,2,true,17
727,1996,6350,1000,11498,1311.0,2,70,1,1,1.0,1000,6,2,true,17
727,1997,6353,1000,11501,1311.0,2,70,1,1,1.0,1000,6,2,true,17
727,1998,6356,1000,11504,1311.0,2,70,1,1,1.0,1000,6,2,true,17
727,1999,6360,1000,11508,1311.0,2,70,1,1,1.0,1000,7,2,true,17
727,2000,6363,1000,11511,1311.0,2,70,1,1,1.0,1000,6,2,true,17
727,2001,6366,1000,11514,1311.0,2,70,1,1,1.0,1000,6,2,true,17
