730,1,3,4,3,21.0,0,70,0,4,0.0,1000,5,1,true,87
730,2,6,7,6,42.0,1,70,0,4,0.0,1000,5,1,true,87
730,3,9,10,9,63.0,1,70,0,4,0.0,1000,5,1,true,87
730,4,12,13,12,84.0,1,70,0,4,0.0,1000,5,1,true,87
730,5,15,16,15,105.0,1,70,0,4,0.0,1000,5,1,true,87
730,6,18,19,18,126.0,1,70,0,4,0.0,1000,5,1,true,87
730,7,21,22,21,147.0,1,70,0,4,0.0,1000,5,1,true,87
730,8,24,23,24,154.0,1,70,0,4,0.0,1000,5,1,true,87
730,9,27,26,27,175.0,1,70,0,4,0.0,1000,5,1,true,87
730,10,30,29,30,196.0,1,70,0,4,0.0,1000,5,1,true,87
730,11,33,32,33,217.0,1,70,0,4,0.0,1000,5,1,true,87
730,12,36,35,36,238.0,1,70,0,4,0.0,1000,5,1,true,87
730,13,39,38,39,259.0,1,70,0,4,0.0,1000,5,1,true,87
730,14,42,41,42,280.0,1,70,0,4,0.0,1000,5,1,true,87
730,15,45,44,45,301.0,1,70,0,4,0.0,1000,5,1,true,87
730,16,48,47,48,322.0,1,70,0,4,0.0,1000,5,1,true,87
730,17,51,49,51,336.0,1,70,0,4,0.0,1000,5,1,true,87
730,18,54,52,54,357.0,1,70,0,4,0.0,1000,5,1,true,87
730,19,57,55,57,378.0,1,70,0,4,0.0,1000,5,1,true,87
730,20,60,58,60,399.0,1,70,0,4,0.0,1000,5,1,true,87
730,21,63,60,63,413.0,1,70,0,4,0.0,1000,5,1,true,87
730,22,66,63,66,434.0,1,70,0,4,0.0,1000,5,1,true,87
730,23,69,66,69,455.0,1,70,0,4,0.0,1000,5,1,true,87
730,24,72,68,72,469.0,1,70,0,4,0.0,1000,5,1,true,87
730,25,75,71,75,490.0,1,70,0,4,0.0,1000,5,1,true,87
730,26,78,74,78,511.0,1,70,0,4,0.0,1000,5,1,true,87
730,27,81,77,81,532.0,1,70,0,4,0.0,1000,5,1,true,87
730,28,84,80,84,553.0,1,70,0,4,0.0,1000,5,1,true,87
730,29,87,83,87,574.0,1,70,0,4,0.0,1000,5,1,true,87
730,30,90,86,90,595.0,1,70,0,4,0.0,1000,5,1,true,87
730,31,93,89,93,616.0,1,70,0,4,0.0,1000,5,1,true,87
730,32,96,91,96,630.0,1,70,0,4,0.0,1000,5,1,true,87
730,33,99,94,99,651.0,1,70,0,4,0.0,1000,5,1,true,87
730,34,102,95,102,658.0,1,70,0,4,0.0,1000,5,1,true,87
730,35,105,98,105,679.0,1,70,0,4,0.0,1000,5,1,true,87
730,36,108,101,108,700.0,1,70,0,4,0.0,1000,5,1,true,87
730,37,111,104,111,721.0,1,70,0,4,0.0,1000,5,1,true,87
730,38,114,107,114,742.0,1,70,0,4,0.0,1000,5,1,true,87
730,39,117,110,117,763.0,1,70,0,4,0.0,1000,5,1,true,87
730,40,120,112,120,777.0,1,70,0,4,0.0,1000,5,1,true,87
730,41,123,115,123,798.0,2,70,0,4,0.0,1000,5,1,true,87
730,42,126,118,126,819.0,2,70,0,4,0.0,1000,5,1,true,87
730,43,129,121,129,840.0,2,70,0,4,0.0,1000,5,1,true,87
730,44,132,124,132,861.0,2,70,0,4,0.0,1000,5,1,true,87
730,45,135,126,135,875.0,2,70,0,4,0.0,1000,5,1,true,87
730,46,138,128,138,889.0,2,70,0,4,0.0,1000,5,1,true,87
730,47,141,131,141,910.0,2,70,0,4,0.0,1000,5,1,true,87
730,48,144,134,144,931.0,2,70,0,4,0.0,1000,5,1,true,87
730,49,147,137,147,952.0,2,70,0,4,0.0,1000,5,1,true,87
730,50,150,140,150,973.0,2,70,0,4,0.0,1000,5,1,true,87
730,51,153,143,153,994.0,2,70,0,4,0.0,1000,5,1,true,87
730,52,156,145,156,1008.0,2,70,0,4,0.0,1000,5,1,true,87
730,53,159,148,159,1029.0,2,70,0,4,0.0,1000,5,1,true,87
730,54,162,151,162,1050.0,2,70,0,4,0.0,1000,5,1,true,87
730,55,165,154,165,1071.0,2,70,0,4,0.0,1000,5,1,true,87
730,56,168,156,168,1085.0,2,70,0,4,0.0,1000,5,1,true,87
730,57,171,159,171,1106.0,2,70,0,4,0.0,1000,5,1,true,87
730,58,174,162,174,1127.0,2,70,0,4,0.0,1000,5,1,true,87
730,59,177,165,177,1148.0,3,70,0,4,0.0,1000,5,1,true,87
730,60,180,168,180,1169.0,3,70,0,4,0.0,1000,5,1,true,87
730,61,183,170,183,1183.0,3,70,0,4,0.0,1000,5,1,true,87
730,62,186,173,186,1204.0,3,70,0,4,0.0,1000,5,1,true,87
730,63,189,175,189,1218.0,3,70,0,4,0.0,1000,5,1,true,87
730,64,191,176,191,1225.0,3,70,0,4,0.0,1000,5,1,true,87
730,65,194,179,194,1246.0,3,70,0,4,0.0,1000,5,1,true,87
730,66,197,182,197,1267.0,3,70,0,4,0.0,1000,5,1,true,87
730,67,200,185,200,1288.0,3,70,0,4,0.0,1000,5,1,true,87
730,68,203,188,203,1309.0,3,70,0,4,0.0,1000,5,1,true,87
730,69,206,190,206,1323.0,3,70,0,4,0.0,1000,5,1,true,87
730,70,209,193,209,1344.0,3,70,0,4,0.0,1000,5,1,true,87
730,71,212,195,212,1358.0,3,70,0,4,0.0,1000,5,1,true,87
730,72,215,198,215,1379.0,3,70,0,4,0.0,1000,5,1,true,87
730,73,218,199,218,1386.0,3,70,0,4,0.0,1000,5,1,true,87
730,74,221,202,221,1407.0,3,70,0,4,0.0,1000,5,1,true,87
730,75,224,205,224,1428.0,3,70,0,4,0.0,1000,5,1,true,87
730,76,227,207,227,1442.0,3,70,0,4,0.0,1000,5,1,true,87
730,77,230,209,230,1456.0,3,70,0,4,0.0,1000,5,1,true,87
730,78,233,211,233,1470.0,3,70,0,4,0.0,1000,5,1,true,87
730,79,236,214,236,1491.0,3,70,0,4,0.0,1000,5,1,true,87
730,80,239,217,239,1512.0,3,70,0,4,0.0,1000,5,1,true,87
730,81,242,220,242,1533.0,3,70,0,4,0.0,1000,5,1,true,87
730,82,245,222,245,1547.0,3,70,0,4,0.0,1000,5,1,true,87
730,83,248,225,248,1568.0,3,70,0,4,0.0,1000,5,1,true,87
730,84,251,228,251,1589.0,3,70,0,4,0.0,1000,5,1,true,87
730,85,254,231,254,1610.0,3,70,0,4,0.0,1000,5,1,true,87
730,86,257,234,257,1631.0,3,70,0,4,0.0,1000,5,1,true,87
730,87,260,236,260,1645.0,3,70,0,4,0.0,1000,5,1,true,87
730,88,263,238,263,1659.0,3,70,0,4,0.0,1000,5,1,true,87
730,89,266,239,266,1666.0,3,70,0,4,0.0,1000,5,1,true,87
730,90,269,241,269,1680.0,3,70,0,4,0.0,1000,5,1,true,87
730,91,272,243,272,1694.0,3,70,0,4,0.0,1000,5,1,true,87
730,92,275,246,275,1715.0,3,70,0,4,0.0,1000,5,1,true,87
730,93,278,248,278,1729.0,3,70,0,4,0.0,1000,5,1,true,87
730,94,281,251,281,1750.0,3,70,0,4,0.0,1000,5,1,true,87
730,95,284,253,284,1764.0,3,70,0,4,0.0,1000,5,1,true,87
730,96,287,254,287,1771.0,3,70,0,4,0.0,1000,5,1,true,87
730,97,290,257,290,1792.0,3,70,0,4,0.0,1000,5,1,true,87
730,98,293,258,293,1799.0,3,70,0,4,0.0,1000,5,1,true,87
730,99,296,260,296,1813.0,3,70,0,4,0.0,1000,5,1,true,87
730,100,299,261,299,1820.0,3,70,0,4,0.0,1000,5,1,true,87
730,101,302,263,302,1834.0,3,70,0,4,0.0,1000,5,1,true,87
730,102,305,265,305,1848.0,4,70,0,4,0.0,1000,5,1,true,87
730,103,308,268,308,1869.0,4,70,0,4,0.0,1000,5,1,true,87
730,104,311,270,311,1883.0,4,70,0,4,0.0,1000,5,1,true,87
730,105,314,273,314,1904.0,5,70,0,4,0.0,1000,5,1,true,87
730,106,317,275,317,1918.0,5,70,0,4,0.0,1000,5,1,true,87
730,107,320,277,320,1932.0,5,70,0,4,0.0,1000,5,1,true,87
730,108,323,279,323,1946.0,6,70,0,4,0.0,1000,5,1,true,87
730,109,326,282,326,1967.0,6,70,0,4,0.0,1000,5,1,true,87
730,110,329,283,329,1974.0,6,70,0,4,0.0,1000,5,1,true,87
730,111,332,284,332,1981.0,6,70,0,4,0.0,1000,5,1,true,87
730,112,335,286,335,1995.0,6,70,0,4,0.0,1000,5,1,true,87
730,113,338,288,338,2009.0,6,70,0,4,0.0,1000,5,1,true,87
730,114,341,290,341,2023.0,6,70,0,4,0.0,1000,5,1,true,87
730,115,344,292,344,2037.0,6,70,0,4,0.0,1000,5,1,true,87
730,116,347,295,347,2058.0,6,70,0,4,0.0,1000,5,1,true,87
730,117,350,297,350,2072.0,6,70,0,4,0.0,1000,5,1,true,87
730,118,352,298,352,2079.0,6,70,0,4,0.0,1000,5,1,true,87
730,119,355,300,355,2093.0,6,70,0,4,0.0,1000,5,1,true,87
730,120,358,301,358,2100.0,6,70,0,4,0.0,1000,5,1,true,87
730,121,361,303,361,2114.0,6,70,0,4,0.0,1000,5,1,true,87
730,122,364,305,364,2128.0,6,70,0,4,0.0,1000,5,1,true,87
730,123,367,306,367,2135.0,6,70,0,4,0.0,1000,5,1,true,87
730,124,370,309,370,2156.0,6,70,0,4,0.0,1000,5,1,true,87
730,125,373,311,373,2170.0,6,70,0,4,0.0,1000,5,1,true,87
730,126,376,313,376,2184.0,6,70,0,4,0.0,1000,5,1,true,87
730,127,379,315,379,2198.0,6,70,0,4,0.0,1000,5,1,true,87
730,128,382,316,382,2205.0,6,70,0,4,0.0,1000,5,1,true,87
730,129,385,318,385,2219.0,6,70,0,4,0.0,1000,5,1,true,87
730,130,388,320,388,2233.0,7,70,0,4,0.0,1000,5,1,true,87
730,131,391,322,391,2247.0,7,70,0,4,0.0,1000,5,1,true,87
730,132,394,324,394,2261.0,7,70,0,4,0.0,1000,5,1,true,87
730,133,397,326,397,2275.0,7,70,0,4,0.0,1000,5,1,true,87
730,134,400,327,400,2282.0,7,70,0,4,0.0,1000,5,1,true,87
730,135,403,328,403,2289.0,7,70,0,4,0.0,1000,5,1,true,87
730,136,406,328,406,2289.0,7,70,0,4,0.0,1000,5,1,true,87
730,137,409,329,409,2296.0,7,70,0,4,0.0,1000,5,1,true,87
730,138,412,331,412,2310.0,7,70,0,4,0.0,1000,5,1,true,87
730,139,415,334,415,2331.0,7,70,0,4,0.0,1000,5,1,true,87
730,140,418,335,418,2338.0,7,70,0,4,0.0,1000,5,1,true,87
730,141,421,338,421,2359.0,7,70,0,4,0.0,1000,5,1,true,87
730,142,424,340,424,2373.0,7,70,0,4,0.0,1000,5,1,true,87
730,143,427,342,427,2387.0,7,70,0,4,0.0,1000,5,1,true,87
730,144,430,344,430,2401.0,7,70,0,4,0.0,1000,5,1,true,87
730,145,433,347,433,2422.0,7,70,0,4,0.0,1000,5,1,true,87
730,146,436,349,436,2436.0,7,70,0,4,0.0,1000,5,1,true,87
730,147,439,350,439,2443.0,7,70,0,4,0.0,1000,5,1,true,87
730,148,442,352,442,2457.0,7,70,0,4,0.0,1000,5,1,true,87
730,149,445,354,445,2471.0,7,70,0,4,0.0,1000,5,1,true,87
730,150,448,357,448,2492.0,7,70,0,4,0.0,1000,5,1,true,87
730,151,451,359,451,2506.0,7,70,0,4,0.0,1000,5,1,true,87
730,152,454,361,454,2520.0,7,70,0,4,0.0,1000,5,1,true,87
730,153,457,363,457,2534.0,7,70,0,4,0.0,1000,5,1,true,87
730,154,460,365,460,2548.0,7,70,0,4,0.0,1000,5,1,true,87
730,155,463,368,463,2569.0,7,70,0,4,0.0,1000,5,1,true,87
730,156,466,371,466,2590.0,7,70,0,4,0.0,1000,5,1,true,87
730,157,469,373,469,2604.0,7,70,0,4,0.0,1000,5,1,true,87
730,158,472,375,472,2618.0,7,70,0,4,0.0,1000,5,1,true,87
730,159,475,378,475,2639.0,7,70,0,4,0.0,1000,5,1,true,87
730,160,478,379,478,2646.0,7,70,0,4,0.0,1000,5,1,true,87
730,161,481,379,481,2646.0,7,70,0,4,0.0,1000,5,1,true,87
730,162,484,381,484,2660.0,8,70,0,4,0.0,1000,5,1,true,87
730,163,487,383,487,2674.0,8,70,0,4,0.0,1000,5,1,true,87
730,164,490,385,490,2688.0,8,70,0,4,0.0,1000,5,1,true,87
730,165,493,388,493,2709.0,8,70,0,4,0.0,1000,5,1,true,87
730,166,496,389,496,2716.0,8,70,0,4,0.0,1000,5,1,true,87
730,167,499,391,499,2730.0,8,70,0,4,0.0,1000,5,1,true,87
730,168,502,393,502,2744.0,8,70,0,4,0.0,1000,5,1,true,87
730,169,505,394,505,2751.0,8,70,0,4,0.0,1000,5,1,true,87
730,170,508,396,508,2765.0,8,70,0,4,0.0,1000,5,1,true,87
730,171,511,398,511,2779.0,8,70,0,4,0.0,1000,5,1,true,87
730,172,514,400,514,2793.0,8,70,0,4,0.0,1000,5,1,true,87
730,173,517,401,517,2800.0,8,70,0,4,0.0,1000,5,1,true,87
730,174,520,402,520,2807.0,8,70,0,4,0.0,1000,5,1,true,87
730,175,523,404,523,2821.0,8,70,0,4,0.0,1000,5,1,true,87
730,176,526,406,526,2835.0,8,70,0,4,0.0,1000,5,1,true,87
730,177,529,407,529,2842.0,8,70,0,4,0.0,1000,5,1,true,87
730,178,532,409,532,2856.0,8,70,0,4,0.0,1000,5,1,true,87
730,179,535,410,535,2863.0,8,70,0,4,0.0,1000,5,1,true,87
730,180,538,411,538,2870.0,8,70,0,4,0.0,1000,5,1,true,87
730,181,541,411,541,2870.0,8,70,0,4,0.0,1000,5,1,true,87
730,182,544,413,544,2884.0,8,70,0,4,0.0,1000,5,1,true,87
730,183,547,415,547,2898.0,8,70,0,4,0.0,1000,5,1,true,87
730,184,550,417,550,2912.0,8,70,0,4,0.0,1000,5,1,true,87
730,185,553,417,553,2912.0,8,70,0,4,0.0,1000,5,1,true,87
730,186,556,419,556,2926.0,8,70,0,4,0.0,1000,5,1,true,87
730,187,559,420,559,2933.0,8,70,0,4,0.0,1000,5,1,true,87
730,188,562,423,562,2954.0,8,70,0,4,0.0,1000,5,1,true,87
730,189,565,425,565,2968.0,8,70,0,4,0.0,1000,5,1,true,87
730,190,568,428,568,2989.0,8,70,0,4,0.0,1000,5,1,true,87
730,191,571,429,571,2996.0,8,70,0,4,0.0,1000,5,1,true,87
730,192,574,431,574,3010.0,8,70,0,4,0.0,1000,5,1,true,87
730,193,577,433,577,3024.0,8,70,0,4,0.0,1000,5,1,true,87
730,194,580,434,580,3031.0,8,70,0,4,0.0,1000,5,1,true,87
730,195,583,436,583,3045.0,8,70,0,4,0.0,1000,5,1,true,87
730,196,586,437,586,3052.0,8,70,0,4,0.0,1000,5,1,true,87
730,197,589,438,589,3059.0,8,70,0,4,0.0,1000,5,1,true,87
730,198,592,440,592,3073.0,8,70,0,4,0.0,1000,5,1,true,87
730,199,595,442,595,3087.0,8,70,0,4,0.0,1000,5,1,true,87
730,200,598,443,598,3094.0,8,70,0,4,0.0,1000,5,1,true,87
730,201,601,443,601,3094.0,8,70,0,4,0.0,1000,5,1,true,87
730,202,604,446,604,3115.0,8,70,0,4,0.0,1000,5,1,true,87
730,203,607,448,607,3129.0,8,70,0,4,0.0,1000,5,1,true,87
730,204,610,449,610,3136.0,8,70,0,4,0.0,1000,5,1,true,87
730,205,613,451,613,3150.0,8,70,0,4,0.0,1000,5,1,true,87
730,206,616,453,616,3164.0,8,70,0,4,0.0,1000,5,1,true,87
730,207,619,454,619,3171.0,8,70,0,4,0.0,1000,5,1,true,87
730,208,622,455,622,3178.0,8,70,0,4,0.0,1000,5,1,true,87
730,209,625,458,625,3199.0,8,70,0,4,0.0,1000,5,1,true,87
730,210,628,459,628,3206.0,8,70,0,4,0.0,1000,5,1,true,87
730,211,631,459,631,3206.0,8,70,0,4,0.0,1000,5,1,true,87
730,212,634,461,634,3220.0,8,70,0,4,0.0,1000,5,1,true,87
730,213,637,464,637,3241.0,8,70,0,4,0.0,1000,5,1,true,87
730,214,640,465,640,3248.0,8,70,0,4,0.0,1000,5,1,true,87
730,215,643,467,643,3262.0,8,70,0,4,0.0,1000,5,1,true,87
730,216,646,470,646,3283.0,8,70,0,4,0.0,1000,5,1,true,87
730,217,649,472,649,3297.0,8,70,0,4,0.0,1000,5,1,true,87
730,218,652,473,652,3304.0,8,70,0,4,0.0,1000,5,1,true,87
730,219,655,476,655,3325.0,8,70,0,4,0.0,1000,5,1,true,87
730,220,658,477,658,3332.0,8,70,0,4,0.0,1000,5,1,true,87
730,221,661,478,661,3339.0,8,70,0,4,0.0,1000,5,1,true,87
730,222,664,480,664,3353.0,8,70,0,4,0.0,1000,5,1,true,87
730,223,667,481,667,3360.0,8,70,0,4,0.0,1000,5,1,true,87
730,224,670,483,670,3374.0,9,70,3,4,0.75,1000,5,1,true,87
730,225,673,484,673,3381.0,9,70,3,4,0.75,1000,5,1,true,87
730,226,676,487,676,3402.0,9,70,3,4,0.75,1000,5,1,true,87
730,227,679,488,679,3409.0,9,70,3,4,0.75,1000,5,1,true,87
730,228,682,489,682,3416.0,9,70,3,4,0.75,1000,5,1,true,87
730,229,685,490,685,3423.0,9,70,3,4,0.75,1000,5,1,true,87
730,230,688,492,688,3437.0,9,70,3,4,0.75,1000,5,1,true,87
730,231,691,494,691,3451.0,9,70,3,4,0.75,1000,5,1,true,87
730,232,694,496,694,3465.0,9,70,3,4,0.75,1000,5,1,true,87
730,233,697,498,697,3479.0,9,70,3,4,0.75,1000,5,1,true,87
730,234,700,499,700,3486.0,9,70,3,4,0.75,1000,5,1,true,87
730,235,703,500,703,3493.0,9,70,3,4,0.75,1000,5,1,true,87
730,236,706,502,706,3507.0,9,70,3,4,0.75,1000,5,1,true,87
730,237,709,502,709,3507.0,9,70,3,4,0.75,1000,5,1,true,87
730,238,712,505,712,3528.0,9,70,3,4,0.75,1000,5,1,true,87
730,239,715,507,715,3542.0,9,70,3,4,0.75,1000,5,1,true,87
730,240,718,508,718,3549.0,9,70,3,4,0.75,1000,5,1,true,87
730,241,721,508,721,3549.0,9,70,3,4,0.75,1000,5,1,true,87
730,242,724,509,724,3556.0,9,70,3,4,0.75,1000,5,1,true,87
730,243,727,509,727,3556.0,9,70,3,4,0.75,1000,5,1,true,87
730,244,730,512,730,3577.0,9,70,3,4,0.75,1000,5,1,true,87
730,245,733,514,733,3591.0,9,70,3,4,0.75,1000,5,1,true,87
730,246,736,516,736,3605.0,9,70,3,4,0.75,1000,5,1,true,87
730,247,739,518,739,3619.0,9,70,3,4,0.75,1000,5,1,true,87
730,248,741,519,741,3626.0,9,70,3,4,0.75,1000,5,1,true,87
730,249,744,520,744,3633.0,9,70,3,4,0.75,1000,5,1,true,87
730,250,747,521,747,3640.0,9,70,3,4,0.75,1000,5,1,true,87
730,251,750,522,750,3647.0,9,70,3,4,0.75,1000,5,1,true,87
730,252,753,525,753,3668.0,9,70,3,4,0.75,1000,5,1,true,87
730,253,756,526,756,3675.0,9,70,3,4,0.75,1000,5,1,true,87
730,254,759,527,759,3682.0,9,70,3,4,0.75,1000,5,1,true,87
730,255,762,530,762,3703.0,9,70,3,4,0.75,1000,5,1,true,87
730,256,765,531,765,3710.0,9,70,3,4,0.75,1000,5,1,true,87
730,257,768,532,768,3717.0,9,70,3,4,0.75,1000,5,1,true,87
730,258,771,533,771,3724.0,9,70,3,4,0.75,1000,5,1,true,87
730,259,774,534,774,3731.0,9,70,3,4,0.75,1000,5,1,true,87
730,260,777,537,777,3752.0,9,70,3,4,0.75,1000,5,1,true,87
730,261,780,538,780,3759.0,9,70,3,4,0.75,1000,5,1,true,87
730,262,783,539,783,3766.0,9,70,3,4,0.75,1000,5,1,true,87
730,263,786,541,786,3780.0,9,70,3,4,0.75,1000,5,1,true,87
730,264,789,542,789,3787.0,9,70,3,4,0.75,1000,5,1,true,87
730,265,792,543,792,3794.0,9,70,3,4,0.75,1000,5,1,true,87
730,266,795,545,795,3808.0,9,70,3,4,0.75,1000,5,1,true,87
730,267,798,546,798,3815.0,9,70,3,4,0.75,1000,5,1,true,87
730,268,801,547,801,3822.0,9,70,3,4,0.75,1000,5,1,true,87
730,269,804,550,804,3843.0,9,70,3,4,0.75,1000,5,1,true,87
730,270,807,551,807,3850.0,9,70,3,4,0.75,1000,5,1,true,87
730,271,810,552,810,3857.0,9,70,3,4,0.75,1000,5,1,true,87
730,272,813,554,813,3871.0,9,70,3,4,0.75,1000,5,1,true,87
730,273,816,556,816,3885.0,9,70,3,4,0.75,1000,5,1,true,87
730,274,819,557,819,3892.0,9,70,3,4,0.75,1000,5,1,true,87
730,275,822,558,822,3899.0,9,70,3,4,0.75,1000,5,1,true,87
730,276,825,559,825,3906.0,9,70,3,4,0.75,1000,5,1,true,87
730,277,828,560,828,3913.0,9,70,3,4,0.75,1000,5,1,true,87
730,278,831,562,831,3927.0,9,70,3,4,0.75,1000,5,1,true,87
730,279,834,564,834,3941.0,9,70,3,4,0.75,1000,5,1,true,87
730,280,837,565,837,3948.0,9,70,3,4,0.75,1000,5,1,true,87
730,281,840,567,840,3962.0,9,70,3,4,0.75,1000,5,1,true,87
730,282,843,568,843,3969.0,9,70,3,4,0.75,1000,5,1,true,87
730,283,846,568,846,3969.0,9,70,3,4,0.75,1000,5,1,true,87
730,284,849,569,849,3976.0,9,70,3,4,0.75,1000,5,1,true,87
730,285,852,570,852,3983.0,9,70,3,4,0.75,1000,5,1,true,87
730,286,855,572,855,3997.0,9,70,3,4,0.75,1000,5,1,true,87
730,287,858,574,858,4011.0,9,70,3,4,0.75,1000,5,1,true,87
730,288,861,576,861,4025.0,9,70,3,4,0.75,1000,5,1,true,87
730,289,864,577,864,4032.0,10,70,4,4,1.0,1000,5,1,true,87
730,290,867,578,867,4039.0,10,70,4,4,1.0,1000,5,1,true,87
730,291,870,580,870,4053.0,10,70,4,4,1.0,1000,5,1,true,87
730,292,873,580,873,4053.0,10,70,4,4,1.0,1000,5,1,true,87
730,293,876,581,876,4060.0,10,70,4,4,1.0,1000,5,1,true,87
730,294,879,583,879,4074.0,10,70,4,4,1.0,1000,5,1,true,87
730,295,882,584,882,4081.0,10,70,4,4,1.0,1000,5,1,true,87
730,296,885,584,885,4081.0,10,70,4,4,1.0,1000,5,1,true,87
730,297,888,585,888,4088.0,10,70,4,4,1.0,1000,5,1,true,87
730,298,891,587,891,4102.0,10,70,4,4,1.0,1000,5,1,true,87
730,299,894,588,894,4109.0,10,70,4,4,1.0,1000,5,1,true,87
730,300,897,588,897,4109.0,10,70,4,4,1.0,1000,5,1,true,87
730,301,900,590,900,4123.0,10,70,4,4,1.0,1000,5,1,true,87
730,302,903,592,903,4137.0,10,70,4,4,1.0,1000,5,1,true,87
730,303,906,593,906,4144.0,10,70,4,4,1.0,1000,5,1,true,87
730,304,909,594,909,4151.0,10,70,4,4,1.0,1000,5,1,true,87
730,305,912,596,912,4165.0,10,70,4,4,1.0,1000,5,1,true,87
730,306,915,597,915,4172.0,10,70,4,4,1.0,1000,5,1,true,87
730,307,918,600,918,4193.0,10,70,4,4,1.0,1000,5,1,true,87
730,308,921,601,921,4200.0,10,70,4,4,1.0,1000,5,1,true,87
730,309,924,601,924,4200.0,10,70,4,4,1.0,1000,5,1,true,87
730,310,927,601,927,4200.0,10,70,4,4,1.0,1000,5,1,true,87
730,311,930,602,930,4207.0,10,70,4,4,1.0,1000,5,1,true,87
730,312,933,604,933,4221.0,10,70,4,4,1.0,1000,5,1,true,87
730,313,936,604,936,4221.0,10,70,4,4,1.0,1000,5,1,true,87
730,314,939,604,939,4221.0,10,70,4,4,1.0,1000,5,1,true,87
730,315,942,605,942,4228.0,10,70,4,4,1.0,1000,5,1,true,87
730,316,945,606,945,4235.0,10,70,4,4,1.0,1000,5,1,true,87
730,317,948,606,948,4235.0,10,70,4,4,1.0,1000,5,1,true,87
730,318,951,607,951,4242.0,10,70,4,4,1.0,1000,5,1,true,87
730,319,954,608,954,4249.0,10,70,4,4,1.0,1000,5,1,true,87
730,320,957,609,957,4256.0,10,70,4,4,1.0,1000,5,1,true,87
730,321,960,609,960,4256.0,10,70,4,4,1.0,1000,5,1,true,87
730,322,963,611,963,4270.0,10,70,4,4,1.0,1000,5,1,true,87
730,323,966,612,966,4277.0,10,70,4,4,1.0,1000,5,1,true,87
730,324,969,613,969,4284.0,10,70,4,4,1.0,1000,5,1,true,87
730,325,972,615,972,4298.0,10,70,4,4,1.0,1000,5,1,true,87
730,326,975,615,975,4298.0,10,70,4,4,1.0,1000,5,1,true,87
730,327,978,617,978,4312.0,10,70,4,4,1.0,1000,5,1,true,87
730,328,981,618,981,4319.0,10,70,4,4,1.0,1000,5,1,true,87
730,329,984,618,984,4319.0,10,70,4,4,1.0,1000,5,1,true,87
730,330,987,619,987,4326.0,10,70,4,4,1.0,1000,5,1,true,87
730,331,990,620,990,4333.0,10,70,4,4,1.0,1000,5,1,true,87
730,332,993,620,993,4333.0,10,70,4,4,1.0,1000,5,1,true,87
730,333,996,621,996,4340.0,10,70,4,4,1.0,1000,5,1,true,87
730,334,999,622,999,4347.0,10,70,4,4,1.0,1000,5,1,true,87
730,335,1002,623,1002,4354.0,10,70,4,4,1.0,1000,5,1,true,87
730,336,1005,624,1005,4361.0,10,70,4,4,1.0,1000,5,1,true,87
730,337,1008,625,1008,4368.0,10,70,4,4,1.0,1000,5,1,true,87
730,338,1011,625,1011,4368.0,10,70,4,4,1.0,1000,5,1,true,87
730,339,1014,625,1014,4368.0,10,70,4,4,1.0,1000,5,1,true,87
730,340,1017,627,1017,4382.0,10,70,4,4,1.0,1000,5,1,true,87
730,341,1020,628,1020,4389.0,10,70,4,4,1.0,1000,5,1,true,87
730,342,1023,628,1023,4389.0,10,70,4,4,1.0,1000,5,1,true,87
730,343,1026,628,1026,4389.0,10,70,4,4,1.0,1000,5,1,true,87
730,344,1029,630,1029,4403.0,10,70,4,4,1.0,1000,5,1,true,87
730,345,1032,630,1032,4403.0,10,70,4,4,1.0,1000,5,1,true,87
730,346,1035,630,1035,4403.0,10,70,4,4,1.0,1000,5,1,true,87
730,347,1038,631,1038,4410.0,10,70,4,4,1.0,1000,5,1,true,87
730,348,1041,632,1041,4417.0,10,70,4,4,1.0,1000,5,1,true,87
730,349,1044,634,1044,4431.0,10,70,4,4,1.0,1000,5,1,true,87
730,350,1047,635,1047,4438.0,10,70,4,4,1.0,1000,5,1,true,87
730,351,1050,637,1050,4452.0,10,70,4,4,1.0,1000,5,1,true,87
730,352,1053,638,1053,4459.0,10,70,4,4,1.0,1000,5,1,true,87
730,353,1056,639,1056,4466.0,10,70,4,4,1.0,1000,5,1,true,87
730,354,1059,641,1059,4480.0,10,70,4,4,1.0,1000,5,1,true,87
730,355,1062,641,1062,4480.0,10,70,4,4,1.0,1000,5,1,true,87
730,356,1065,642,1065,4487.0,10,70,4,4,1.0,1000,5,1,true,87
730,357,1068,643,1068,4494.0,10,70,4,4,1.0,1000,5,1,true,87
730,358,1071,643,1071,4494.0,10,70,4,4,1.0,1000,5,1,true,87
730,359,1074,644,1074,4501.0,10,70,4,4,1.0,1000,5,1,true,87
730,360,1077,646,1077,4515.0,10,70,4,4,1.0,1000,5,1,true,87
730,361,1080,649,1080,4536.0,10,70,4,4,1.0,1000,5,1,true,87
730,362,1083,649,1083,4536.0,10,70,4,4,1.0,1000,5,1,true,87
730,363,1086,649,1086,4536.0,10,70,4,4,1.0,1000,5,1,true,87
730,364,1089,650,1089,4543.0,10,70,4,4,1.0,1000,5,1,true,87
730,365,1092,651,1092,4550.0,10,70,4,4,1.0,1000,5,1,true,87
730,366,1095,653,1095,4564.0,10,70,4,4,1.0,1000,5,1,true,87
730,367,1098,655,1098,4578.0,10,70,4,4,1.0,1000,5,1,true,87
730,368,1101,657,1101,4592.0,10,70,4,4,1.0,1000,5,1,true,87
730,369,1104,658,1104,4599.0,10,70,4,4,1.0,1000,5,1,true,87
730,370,1107,660,1107,4613.0,10,70,4,4,1.0,1000,5,1,true,87
730,371,1110,660,1110,4613.0,10,70,4,4,1.0,1000,5,1,true,87
730,373,1116,662,1116,4627.0,10,70,4,4,1.0,1000,5,1,true,87
730,373,1116,662,1116,4627.0,10,70,4,4,1.0,1000,5,1,true,87
730,374,1119,662,1119,4627.0,10,70,4,4,1.0,1000,5,1,true,87
730,375,1122,664,1122,4641.0,10,70,4,4,1.0,1000,5,1,true,87
730,376,1125,664,1125,4641.0,10,70,4,4,1.0,1000,5,1,true,87
730,377,1128,665,1128,4648.0,10,70,4,4,1.0,1000,5,1,true,87
730,378,1131,666,1131,4655.0,10,70,4,4,1.0,1000,5,1,true,87
730,379,1134,668,1134,4669.0,10,70,4,4,1.0,1000,5,1,true,87
730,380,1137,670,1137,4683.0,10,70,4,4,1.0,1000,5,1,true,87
730,381,1140,672,1140,4697.0,10,70,4,4,1.0,1000,5,1,true,87
730,382,1143,672,1143,4697.0,10,70,4,4,1.0,1000,5,1,true,87
730,383,1146,672,1146,4697.0,10,70,4,4,1.0,1000,5,1,true,87
730,384,1149,672,1149,4697.0,10,70,4,4,1.0,1000,5,1,true,87
730,385,1152,672,1152,4697.0,10,70,4,4,1.0,1000,5,1,true,87
730,386,1155,674,1155,4711.0,10,70,4,4,1.0,1000,5,1,true,87
730,387,1158,676,1158,4725.0,10,70,4,4,1.0,1000,5,1,true,87
730,388,1161,677,1161,4732.0,10,70,4,4,1.0,1000,5,1,true,87
730,389,1164,677,1164,4732.0,10,70,4,4,1.0,1000,5,1,true,87
730,390,1167,678,1167,4739.0,10,70,4,4,1.0,1000,5,1,true,87
730,391,1170,680,1170,4753.0,10,70,4,4,1.0,1000,5,1,true,87
730,392,1173,681,1173,4760.0,10,70,4,4,1.0,1000,5,1,true,87
730,393,1176,681,1176,4760.0,10,70,4,4,1.0,1000,5,1,true,87
730,394,1179,682,1179,4767.0,10,70,4,4,1.0,1000,5,1,true,87
730,395,1182,683,1182,4774.0,10,70,4,4,1.0,1000,5,1,true,87
730,396,1185,685,1185,4788.0,10,70,4,4,1.0,1000,5,1,true,87
730,397,1188,687,1188,4802.0,10,70,4,4,1.0,1000,5,1,true,87
730,398,1191,687,1191,4802.0,10,70,4,4,1.0,1000,5,1,true,87
730,399,1194,688,1194,4809.0,10,70,4,4,1.0,1000,5,1,true,87
730,400,1197,689,1197,4816.0,10,70,4,4,1.0,1000,5,1,true,87
730,401,1200,691,1200,4830.0,10,70,4,4,1.0,1000,5,1,true,87
730,402,1203,693,1203,4844.0,10,70,4,4,1.0,1000,5,1,true,87
730,403,1206,694,1206,4851.0,10,70,4,4,1.0,1000,5,1,true,87
730,404,1209,696,1209,4865.0,10,70,4,4,1.0,1000,5,1,true,87
730,405,1212,696,1212,4865.0,10,70,4,4,1.0,1000,5,1,true,87
730,406,1215,697,1215,4872.0,10,70,4,4,1.0,1000,5,1,true,87
730,407,1218,698,1218,4879.0,10,70,4,4,1.0,1000,5,1,true,87
730,408,1221,699,1221,4886.0,10,70,4,4,1.0,1000,5,1,true,87
730,409,1224,699,1224,4886.0,10,70,4,4,1.0,1000,5,1,true,87
730,410,1228,700,1228,4893.0,10,70,4,4,1.0,1000,5,1,true,87
730,411,1231,701,1231,4900.0,10,70,4,4,1.0,1000,5,1,true,87
730,412,1234,702,1234,4907.0,10,70,4,4,1.0,1000,5,1,true,87
730,413,1237,704,1237,4921.0,10,70,4,4,1.0,1000,5,1,true,87
730,414,1240,704,1240,4921.0,10,70,4,4,1.0,1000,5,1,true,87
730,415,1244,705,1244,4928.0,10,70,4,4,1.0,1000,5,1,true,87
730,416,1247,706,1247,4935.0,10,70,4,4,1.0,1000,5,1,true,87
730,417,1249,707,1249,4942.0,10,70,4,4,1.0,1000,5,1,true,87
730,418,1252,707,1252,4942.0,10,70,4,4,1.0,1000,5,1,true,87
730,419,1255,707,1255,4942.0,10,70,4,4,1.0,1000,5,1,true,87
730,420,1258,709,1258,4956.0,10,70,4,4,1.0,1000,5,1,true,87
730,421,1261,709,1261,4956.0,10,70,4,4,1.0,1000,5,1,true,87
730,422,1264,710,1264,4963.0,10,70,4,4,1.0,1000,5,1,true,87
730,423,1267,711,1267,4970.0,10,70,4,4,1.0,1000,5,1,true,87
730,424,1270,712,1270,4977.0,10,70,4,4,1.0,1000,5,1,true,87
730,425,1273,712,1273,4977.0,10,70,4,4,1.0,1000,5,1,true,87
730,426,1276,713,1276,4984.0,10,70,4,4,1.0,1000,5,1,true,87
730,427,1279,713,1279,4984.0,10,70,4,4,1.0,1000,5,1,true,87
730,428,1282,714,1282,4991.0,10,70,4,4,1.0,1000,5,1,true,87
730,429,1285,715,1285,4998.0,10,70,4,4,1.0,1000,5,1,true,87
730,430,1288,715,1288,4998.0,10,70,4,4,1.0,1000,5,1,true,87
730,431,1291,715,1291,4998.0,10,70,4,4,1.0,1000,5,1,true,87
730,432,1294,715,1294,4998.0,10,70,4,4,1.0,1000,5,1,true,87
730,433,1297,716,1297,5005.0,10,70,4,4,1.0,1000,5,1,true,87
730,434,1300,718,1300,5019.0,10,70,4,4,1.0,1000,5,1,true,87
730,435,1303,719,1303,5026.0,10,70,4,4,1.0,1000,5,1,true,87
730,436,1306,720,1306,5033.0,10,70,4,4,1.0,1000,5,1,true,87
730,437,1309,722,1309,5047.0,10,70,4,4,1.0,1000,5,1,true,87
730,438,1312,723,1312,5054.0,10,70,4,4,1.0,1000,5,1,true,87
730,439,1315,725,1315,5068.0,10,70,4,4,1.0,1000,5,1,true,87
730,440,1318,726,1318,5075.0,10,70,4,4,1.0,1000,5,1,true,87
730,441,1321,727,1321,5082.0,10,70,4,4,1.0,1000,5,1,true,87
730,442,1324,730,1324,5103.0,10,70,4,4,1.0,1000,5,1,true,87
730,443,1327,730,1327,5103.0,10,70,4,4,1.0,1000,5,1,true,87
730,444,1330,732,1330,5117.0,10,70,4,4,1.0,1000,5,1,true,87
730,445,1333,734,1333,5131.0,10,70,4,4,1.0,1000,5,1,true,87
730,446,1336,734,1336,5131.0,10,70,4,4,1.0,1000,5,1,true,87
730,447,1339,736,1339,5145.0,10,70,4,4,1.0,1000,5,1,true,87
730,448,1342,737,1342,5152.0,10,70,4,4,1.0,1000,5,1,true,87
730,449,1345,737,1345,5152.0,10,70,4,4,1.0,1000,5,1,true,87
730,450,1348,738,1348,5159.0,10,70,4,4,1.0,1000,5,1,true,87
730,451,1351,739,1351,5166.0,10,70,4,4,1.0,1000,5,1,true,87
730,452,1354,740,1354,5173.0,10,70,4,4,1.0,1000,5,1,true,87
730,453,1357,740,1357,5173.0,10,70,4,4,1.0,1000,5,1,true,87
730,454,1360,741,1360,5180.0,10,70,4,4,1.0,1000,5,1,true,87
730,455,1363,741,1363,5180.0,10,70,4,4,1.0,1000,5,1,true,87
730,456,1366,742,1366,5187.0,10,70,4,4,1.0,1000,5,1,true,87
730,457,1369,743,1369,5194.0,10,70,4,4,1.0,1000,5,1,true,87
730,458,1372,744,1372,5201.0,10,70,4,4,1.0,1000,5,1,true,87
730,459,1375,744,1375,5201.0,10,70,4,4,1.0,1000,5,1,true,87
730,460,1378,744,1378,5201.0,10,70,4,4,1.0,1000,5,1,true,87
730,461,1381,745,1381,5208.0,10,70,4,4,1.0,1000,5,1,true,87
730,462,1384,747,1384,5222.0,10,70,4,4,1.0,1000,5,1,true,87
730,463,1387,749,1387,5236.0,10,70,4,4,1.0,1000,5,1,true,87
730,464,1390,750,1390,5243.0,10,70,4,4,1.0,1000,5,1,true,87
730,465,1393,750,1393,5243.0,10,70,4,4,1.0,1000,5,1,true,87
730,467,1399,752,1399,5257.0,10,70,4,4,1.0,1000,5,1,true,87
730,467,1399,752,1399,5257.0,10,70,4,4,1.0,1000,5,1,true,87
730,468,1402,752,1402,5257.0,10,70,4,4,1.0,1000,5,1,true,87
730,469,1405,753,1405,5264.0,10,70,4,4,1.0,1000,5,1,true,87
730,470,1408,754,1408,5271.0,10,70,4,4,1.0,1000,5,1,true,87
730,471,1411,755,1411,5278.0,10,70,4,4,1.0,1000,5,1,true,87
730,472,1414,755,1414,5278.0,10,70,4,4,1.0,1000,5,1,true,87
730,473,1417,755,1417,5278.0,10,70,4,4,1.0,1000,5,1,true,87
730,474,1420,755,1420,5278.0,10,70,4,4,1.0,1000,5,1,true,87
730,475,1423,755,1423,5278.0,10,70,4,4,1.0,1000,5,1,true,87
730,476,1426,756,1426,5285.0,10,70,4,4,1.0,1000,5,1,true,87
730,477,1429,756,1429,5285.0,10,70,4,4,1.0,1000,5,1,true,87
730,478,1432,756,1432,5285.0,10,70,4,4,1.0,1000,5,1,true,87
730,479,1435,756,1435,5285.0,10,70,4,4,1.0,1000,5,1,true,87
730,480,1438,757,1438,5292.0,10,70,4,4,1.0,1000,5,1,true,87
730,481,1441,758,1441,5299.0,10,70,4,4,1.0,1000,5,1,true,87
730,482,1444,759,1444,5306.0,10,70,4,4,1.0,1000,5,1,true,87
730,483,1447,759,1447,5306.0,10,70,4,4,1.0,1000,5,1,true,87
730,484,1450,760,1450,5313.0,10,70,4,4,1.0,1000,5,1,true,87
730,485,1453,761,1453,5320.0,10,70,4,4,1.0,1000,5,1,true,87
730,486,1456,762,1456,5327.0,10,70,4,4,1.0,1000,5,1,true,87
730,487,1459,762,1459,5327.0,10,70,4,4,1.0,1000,5,1,true,87
730,488,1462,762,1462,5327.0,10,70,4,4,1.0,1000,5,1,true,87
730,489,1465,763,1465,5334.0,10,70,4,4,1.0,1000,5,1,true,87
730,490,1468,763,1468,5334.0,10,70,4,4,1.0,1000,5,1,true,87
730,491,1471,764,1471,5341.0,10,70,4,4,1.0,1000,5,1,true,87
730,492,1474,765,1474,5348.0,10,70,4,4,1.0,1000,5,1,true,87
730,493,1477,767,1477,5362.0,10,70,4,4,1.0,1000,5,1,true,87
730,494,1480,768,1480,5369.0,10,70,4,4,1.0,1000,5,1,true,87
730,495,1483,769,1483,5376.0,10,70,4,4,1.0,1000,5,1,true,87
730,496,1486,770,1486,5383.0,10,70,4,4,1.0,1000,5,1,true,87
730,497,1489,771,1489,5390.0,10,70,4,4,1.0,1000,5,1,true,87
730,498,1492,771,1492,5390.0,10,70,4,4,1.0,1000,5,1,true,87
730,499,1495,771,1495,5390.0,10,70,4,4,1.0,1000,5,1,true,87
730,500,1498,771,1498,5390.0,10,70,4,4,1.0,1000,5,1,true,87
730,501,1501,771,1501,5390.0,10,70,4,4,1.0,1000,5,1,true,87
730,502,1504,771,1504,5390.0,10,70,4,4,1.0,1000,5,1,true,87
730,503,1507,771,1507,5390.0,10,70,4,4,1.0,1000,5,1,true,87
730,504,1510,772,1510,5397.0,10,70,4,4,1.0,1000,5,1,true,87
730,505,1513,772,1513,5397.0,10,70,4,4,1.0,1000,5,1,true,87
730,506,1516,773,1516,5404.0,10,70,4,4,1.0,1000,5,1,true,87
730,507,1519,775,1519,5418.0,10,70,4,4,1.0,1000,5,1,true,87
730,508,1522,775,1522,5418.0,10,70,4,4,1.0,1000,5,1,true,87
730,509,1525,777,1525,5432.0,10,70,4,4,1.0,1000,5,1,true,87
730,510,1528,778,1528,5439.0,10,70,4,4,1.0,1000,5,1,true,87
730,511,1531,780,1531,5453.0,10,70,4,4,1.0,1000,5,1,true,87
730,512,1534,781,1534,5460.0,10,70,4,4,1.0,1000,5,1,true,87
730,513,1537,783,1537,5474.0,10,70,4,4,1.0,1000,5,1,true,87
730,514,1540,783,1540,5474.0,10,70,4,4,1.0,1000,5,1,true,87
730,515,1543,784,1543,5481.0,10,70,4,4,1.0,1000,5,1,true,87
730,516,1546,784,1546,5481.0,10,70,4,4,1.0,1000,5,1,true,87
730,517,1549,786,1549,5495.0,10,70,4,4,1.0,1000,5,1,true,87
730,518,1552,786,1552,5495.0,10,70,4,4,1.0,1000,5,1,true,87
730,519,1555,787,1555,5502.0,10,70,4,4,1.0,1000,5,1,true,87
730,520,1558,788,1558,5509.0,10,70,4,4,1.0,1000,5,1,true,87
730,521,1561,788,1561,5509.0,10,70,4,4,1.0,1000,5,1,true,87
730,522,1564,788,1564,5509.0,10,70,4,4,1.0,1000,5,1,true,87
730,523,1567,789,1567,5516.0,10,70,4,4,1.0,1000,5,1,true,87
730,524,1570,790,1570,5523.0,10,70,4,4,1.0,1000,5,1,true,87
730,525,1573,790,1573,5523.0,10,70,4,4,1.0,1000,5,1,true,87
730,526,1576,790,1576,5523.0,10,70,4,4,1.0,1000,5,1,true,87
730,527,1579,790,1579,5523.0,10,70,4,4,1.0,1000,5,1,true,87
730,528,1582,790,1582,5523.0,10,70,4,4,1.0,1000,5,1,true,87
730,529,1585,791,1585,5530.0,10,70,4,4,1.0,1000,5,1,true,87
730,530,1588,791,1588,5530.0,10,70,4,4,1.0,1000,5,1,true,87
730,531,1591,791,1591,5530.0,10,70,4,4,1.0,1000,5,1,true,87
730,532,1594,791,1594,5530.0,10,70,4,4,1.0,1000,5,1,true,87
730,533,1597,791,1597,5530.0,10,70,4,4,1.0,1000,5,1,true,87
730,534,1600,791,1600,5530.0,10,70,4,4,1.0,1000,5,1,true,87
730,535,1603,792,1603,5537.0,10,70,4,4,1.0,1000,5,1,true,87
730,536,1606,794,1606,5551.0,10,70,4,4,1.0,1000,5,1,true,87
730,537,1609,794,1609,5551.0,10,70,4,4,1.0,1000,5,1,true,87
730,538,1612,794,1612,5551.0,10,70,4,4,1.0,1000,5,1,true,87
730,539,1615,794,1615,5551.0,10,70,4,4,1.0,1000,5,1,true,87
730,540,1618,795,1618,5558.0,10,70,4,4,1.0,1000,5,1,true,87
730,541,1621,797,1621,5572.0,10,70,4,4,1.0,1000,5,1,true,87
730,542,1624,797,1624,5572.0,10,70,4,4,1.0,1000,5,1,true,87
730,543,1627,797,1627,5572.0,10,70,4,4,1.0,1000,5,1,true,87
730,544,1630,797,1630,5572.0,10,70,4,4,1.0,1000,5,1,true,87
730,545,1633,797,1633,5572.0,10,70,4,4,1.0,1000,5,1,true,87
730,546,1636,797,1636,5572.0,10,70,4,4,1.0,1000,5,1,true,87
730,547,1639,797,1639,5572.0,10,70,4,4,1.0,1000,5,1,true,87
730,548,1642,798,1642,5579.0,10,70,4,4,1.0,1000,5,1,true,87
730,549,1645,799,1645,5586.0,10,70,4,4,1.0,1000,5,1,true,87
730,550,1648,800,1648,5593.0,10,70,4,4,1.0,1000,5,1,true,87
730,551,1651,801,1651,5600.0,10,70,4,4,1.0,1000,5,1,true,87
730,552,1654,801,1654,5600.0,10,70,4,4,1.0,1000,5,1,true,87
730,553,1657,802,1657,5607.0,10,70,4,4,1.0,1000,5,1,true,87
730,554,1660,804,1660,5621.0,10,70,4,4,1.0,1000,5,1,true,87
730,555,1663,805,1663,5628.0,10,70,4,4,1.0,1000,5,1,true,87
730,556,1666,805,1666,5628.0,10,70,4,4,1.0,1000,5,1,true,87
730,557,1669,805,1669,5628.0,10,70,4,4,1.0,1000,5,1,true,87
730,558,1672,805,1672,5628.0,10,70,4,4,1.0,1000,5,1,true,87
730,559,1675,806,1675,5635.0,10,70,4,4,1.0,1000,5,1,true,87
730,560,1678,806,1678,5635.0,10,70,4,4,1.0,1000,5,1,true,87
730,561,1681,806,1681,5635.0,10,70,4,4,1.0,1000,5,1,true,87
730,562,1684,806,1684,5635.0,10,70,4,4,1.0,1000,5,1,true,87
730,563,1687,806,1687,5635.0,10,70,4,4,1.0,1000,5,1,true,87
730,564,1690,807,1690,5642.0,10,70,4,4,1.0,1000,5,1,true,87
730,565,1693,807,1693,5642.0,10,70,4,4,1.0,1000,5,1,true,87
730,566,1696,807,1696,5642.0,10,70,4,4,1.0,1000,5,1,true,87
730,567,1699,808,1699,5649.0,10,70,4,4,1.0,1000,5,1,true,87
730,568,1701,808,1701,5649.0,10,70,4,4,1.0,1000,5,1,true,87
730,569,1704,810,1704,5663.0,10,70,4,4,1.0,1000,5,1,true,87
730,570,1707,811,1707,5670.0,10,70,4,4,1.0,1000,5,1,true,87
730,571,1710,812,1710,5677.0,10,70,4,4,1.0,1000,5,1,true,87
730,572,1713,812,1713,5677.0,10,70,4,4,1.0,1000,5,1,true,87
730,573,1716,812,1716,5677.0,10,70,4,4,1.0,1000,5,1,true,87
730,574,1719,813,1719,5684.0,10,70,4,4,1.0,1000,5,1,true,87
730,575,1722,813,1722,5684.0,10,70,4,4,1.0,1000,5,1,true,87
730,576,1725,813,1725,5684.0,10,70,4,4,1.0,1000,5,1,true,87
730,577,1728,813,1728,5684.0,10,70,4,4,1.0,1000,5,1,true,87
730,578,1731,813,1731,5684.0,10,70,4,4,1.0,1000,5,1,true,87
730,579,1734,814,1734,5691.0,10,70,4,4,1.0,1000,5,1,true,87
730,580,1737,816,1737,5705.0,10,70,4,4,1.0,1000,5,1,true,87
730,581,1740,816,1740,5705.0,10,70,4,4,1.0,1000,5,1,true,87
730,582,1743,817,1743,5712.0,10,70,4,4,1.0,1000,5,1,true,87
730,583,1746,817,1746,5712.0,10,70,4,4,1.0,1000,5,1,true,87
730,584,1749,817,1749,5712.0,10,70,4,4,1.0,1000,5,1,true,87
730,585,1752,818,1752,5719.0,10,70,4,4,1.0,1000,5,1,true,87
730,586,1755,819,1755,5726.0,10,70,4,4,1.0,1000,5,1,true,87
730,587,1758,820,1758,5733.0,10,70,4,4,1.0,1000,5,1,true,87
730,588,1761,820,1761,5733.0,10,70,4,4,1.0,1000,5,1,true,87
730,589,1764,820,1764,5733.0,10,70,4,4,1.0,1000,5,1,true,87
730,590,1767,820,1767,5733.0,10,70,4,4,1.0,1000,5,1,true,87
730,591,1770,820,1770,5733.0,10,70,4,4,1.0,1000,5,1,true,87
730,592,1773,821,1773,5740.0,10,70,4,4,1.0,1000,5,1,true,87
730,593,1776,821,1776,5740.0,10,70,4,4,1.0,1000,5,1,true,87
730,594,1779,821,1779,5740.0,10,70,4,4,1.0,1000,5,1,true,87
730,595,1782,822,1782,5747.0,10,70,4,4,1.0,1000,5,1,true,87
730,596,1785,822,1785,5747.0,10,70,4,4,1.0,1000,5,1,true,87
730,597,1788,823,1788,5754.0,10,70,4,4,1.0,1000,5,1,true,87
730,598,1791,825,1791,5768.0,10,70,4,4,1.0,1000,5,1,true,87
730,599,1794,825,1794,5768.0,10,70,4,4,1.0,1000,5,1,true,87
730,600,1797,825,1797,5768.0,10,70,4,4,1.0,1000,5,1,true,87
730,601,1800,826,1800,5775.0,10,70,4,4,1.0,1000,5,1,true,87
730,602,1803,827,1803,5782.0,10,70,4,4,1.0,1000,5,1,true,87
730,603,1806,827,1806,5782.0,10,70,4,4,1.0,1000,5,1,true,87
730,604,1808,827,1808,5782.0,10,70,4,4,1.0,1000,5,1,true,87
730,605,1811,828,1811,5789.0,10,70,4,4,1.0,1000,5,1,true,87
730,606,1814,829,1814,5796.0,10,70,4,4,1.0,1000,5,1,true,87
730,607,1817,829,1817,5796.0,10,70,4,4,1.0,1000,5,1,true,87
730,608,1820,831,1820,5810.0,10,70,4,4,1.0,1000,5,1,true,87
730,609,1823,831,1823,5810.0,10,70,4,4,1.0,1000,5,1,true,87
730,610,1826,831,1826,5810.0,10,70,4,4,1.0,1000,5,1,true,87
730,611,1829,831,1829,5810.0,10,70,4,4,1.0,1000,5,1,true,87
730,612,1832,831,1832,5810.0,10,70,4,4,1.0,1000,5,1,true,87
730,613,1835,831,1835,5810.0,10,70,4,4,1.0,1000,5,1,true,87
730,614,1838,832,1838,5817.0,10,70,4,4,1.0,1000,5,1,true,87
730,615,1841,832,1841,5817.0,10,70,4,4,1.0,1000,5,1,true,87
730,616,1844,832,1844,5817.0,10,70,4,4,1.0,1000,5,1,true,87
730,617,1847,833,1847,5824.0,10,70,4,4,1.0,1000,5,1,true,87
730,618,1850,833,1850,5824.0,10,70,4,4,1.0,1000,5,1,true,87
730,619,1853,834,1853,5831.0,10,70,4,4,1.0,1000,5,1,true,87
730,620,1856,835,1856,5838.0,10,70,4,4,1.0,1000,5,1,true,87
730,621,1859,835,1859,5838.0,10,70,4,4,1.0,1000,5,1,true,87
730,622,1862,835,1862,5838.0,10,70,4,4,1.0,1000,5,1,true,87
730,623,1865,836,1865,5845.0,10,70,4,4,1.0,1000,5,1,true,87
730,624,1868,836,1868,5845.0,10,70,4,4,1.0,1000,5,1,true,87
730,625,1871,836,1871,5845.0,10,70,4,4,1.0,1000,5,1,true,87
730,626,1874,836,1874,5845.0,10,70,4,4,1.0,1000,5,1,true,87
730,627,1877,837,1877,5852.0,10,70,4,4,1.0,1000,5,1,true,87
730,628,1880,839,1880,5866.0,10,70,4,4,1.0,1000,5,1,true,87
730,629,1883,839,1883,5866.0,10,70,4,4,1.0,1000,5,1,true,87
730,630,1886,839,1886,5866.0,10,70,4,4,1.0,1000,5,1,true,87
730,631,1889,839,1889,5866.0,10,70,4,4,1.0,1000,5,1,true,87
730,632,1892,839,1892,5866.0,10,70,4,4,1.0,1000,5,1,true,87
730,633,1895,839,1895,5866.0,10,70,4,4,1.0,1000,5,1,true,87
730,634,1898,839,1898,5866.0,10,70,4,4,1.0,1000,5,1,true,87
730,635,1901,840,1901,5873.0,10,70,4,4,1.0,1000,5,1,true,87
730,636,1904,841,1904,5880.0,10,70,4,4,1.0,1000,5,1,true,87
730,637,1907,842,1907,5887.0,10,70,4,4,1.0,1000,5,1,true,87
730,638,1910,843,1910,5894.0,10,70,4,4,1.0,1000,5,1,true,87
730,639,1912,844,1912,5901.0,10,70,4,4,1.0,1000,5,1,true,87
730,640,1915,845,1915,5908.0,10,70,4,4,1.0,1000,5,1,true,87
730,641,1918,845,1918,5908.0,10,70,4,4,1.0,1000,5,1,true,87
730,642,1921,846,1921,5915.0,10,70,4,4,1.0,1000,5,1,true,87
730,643,1924,846,1924,5915.0,10,70,4,4,1.0,1000,5,1,true,87
730,644,1927,847,1927,5922.0,10,70,4,4,1.0,1000,5,1,true,87
730,645,1930,848,1930,5929.0,10,70,4,4,1.0,1000,5,1,true,87
730,646,1933,848,1933,5929.0,10,70,4,4,1.0,1000,5,1,true,87
730,647,1936,849,1936,5936.0,10,70,4,4,1.0,1000,5,1,true,87
730,648,1939,849,1939,5936.0,10,70,4,4,1.0,1000,5,1,true,87
730,649,1942,850,1942,5943.0,10,70,4,4,1.0,1000,5,1,true,87
730,650,1945,850,1945,5943.0,10,70,4,4,1.0,1000,5,1,true,87
730,651,1948,851,1948,5950.0,10,70,4,4,1.0,1000,5,1,true,87
730,652,1951,852,1951,5957.0,10,70,4,4,1.0,1000,5,1,true,87
730,653,1954,852,1954,5957.0,10,70,4,4,1.0,1000,5,1,true,87
730,654,1957,853,1957,5964.0,10,70,4,4,1.0,1000,5,1,true,87
730,655,1960,853,1960,5964.0,10,70,4,4,1.0,1000,5,1,true,87
730,656,1963,854,1963,5971.0,10,70,4,4,1.0,1000,5,1,true,87
730,657,1966,854,1966,5971.0,10,70,4,4,1.0,1000,5,1,true,87
730,658,1969,855,1969,5978.0,10,70,4,4,1.0,1000,5,1,true,87
730,659,1972,855,1972,5978.0,10,70,4,4,1.0,1000,5,1,true,87
730,660,1975,855,1975,5978.0,10,70,4,4,1.0,1000,5,1,true,87
730,661,1978,855,1978,5978.0,10,70,4,4,1.0,1000,5,1,true,87
730,662,1981,857,1981,5992.0,10,70,4,4,1.0,1000,5,1,true,87
730,663,1984,857,1984,5992.0,10,70,4,4,1.0,1000,5,1,true,87
730,664,1987,857,1987,5992.0,10,70,4,4,1.0,1000,5,1,true,87
730,665,1990,857,1990,5992.0,10,70,4,4,1.0,1000,5,1,true,87
730,666,1993,858,1993,5999.0,10,70,4,4,1.0,1000,5,1,true,87
730,667,1996,858,1996,5999.0,10,70,4,4,1.0,1000,5,1,true,87
730,668,1999,858,1999,5999.0,10,70,4,4,1.0,1000,5,1,true,87
730,669,2002,858,2002,5999.0,10,70,4,4,1.0,1000,5,1,true,87
730,670,2005,858,2005,5999.0,10,70,4,4,1.0,1000,5,1,true,87
730,671,2008,858,2008,5999.0,10,70,4,4,1.0,1000,5,1,true,87
730,672,2011,859,2011,6006.0,10,70,4,4,1.0,1000,5,1,true,87
730,673,2014,860,2014,6013.0,10,70,4,4,1.0,1000,5,1,true,87
730,674,2017,860,2017,6013.0,10,70,4,4,1.0,1000,5,1,true,87
730,675,2020,860,2020,6013.0,10,70,4,4,1.0,1000,5,1,true,87
730,676,2023,863,2023,6034.0,10,70,4,4,1.0,1000,5,1,true,87
730,677,2026,863,2026,6034.0,10,70,4,4,1.0,1000,5,1,true,87
730,678,2029,865,2029,6048.0,10,70,4,4,1.0,1000,5,1,true,87
730,679,2032,865,2032,6048.0,10,70,4,4,1.0,1000,5,1,true,87
730,680,2035,865,2035,6048.0,10,70,4,4,1.0,1000,5,1,true,87
730,681,2038,866,2038,6055.0,10,70,4,4,1.0,1000,5,1,true,87
730,682,2041,866,2041,6055.0,10,70,4,4,1.0,1000,5,1,true,87
730,683,2044,866,2044,6055.0,10,70,4,4,1.0,1000,5,1,true,87
730,684,2047,868,2047,6069.0,10,70,4,4,1.0,1000,5,1,true,87
730,685,2050,868,2050,6069.0,10,70,4,4,1.0,1000,5,1,true,87
730,686,2053,868,2053,6069.0,10,70,4,4,1.0,1000,5,1,true,87
730,687,2056,869,2056,6076.0,10,70,4,4,1.0,1000,5,1,true,87
730,688,2059,869,2059,6076.0,10,70,4,4,1.0,1000,5,1,true,87
730,689,2062,869,2062,6076.0,10,70,4,4,1.0,1000,5,1,true,87
730,690,2065,869,2065,6076.0,10,70,4,4,1.0,1000,5,1,true,87
730,691,2068,870,2068,6083.0,10,70,4,4,1.0,1000,5,1,true,87
730,692,2071,871,2071,6090.0,10,70,4,4,1.0,1000,5,1,true,87
730,693,2074,871,2074,6090.0,10,70,4,4,1.0,1000,5,1,true,87
730,694,2077,871,2077,6090.0,10,70,4,4,1.0,1000,5,1,true,87
730,695,2080,871,2080,6090.0,10,70,4,4,1.0,1000,5,1,true,87
730,696,2083,871,2083,6090.0,10,70,4,4,1.0,1000,5,1,true,87
730,697,2086,871,2086,6090.0,10,70,4,4,1.0,1000,5,1,true,87
730,698,2089,872,2089,6097.0,10,70,4,4,1.0,1000,5,1,true,87
730,699,2092,872,2092,6097.0,10,70,4,4,1.0,1000,5,1,true,87
730,700,2095,872,2095,6097.0,10,70,4,4,1.0,1000,5,1,true,87
730,701,2098,874,2098,6111.0,10,70,4,4,1.0,1000,5,1,true,87
730,702,2101,875,2101,6118.0,10,70,4,4,1.0,1000,5,1,true,87
730,703,2104,876,2104,6125.0,10,70,4,4,1.0,1000,5,1,true,87
730,704,2107,877,2107,6132.0,10,70,4,4,1.0,1000,5,1,true,87
730,705,2110,878,2110,6139.0,10,70,4,4,1.0,1000,5,1,true,87
730,706,2113,879,2113,6146.0,10,70,4,4,1.0,1000,5,1,true,87
730,707,2116,879,2116,6146.0,10,70,4,4,1.0,1000,5,1,true,87
730,708,2119,880,2119,6153.0,10,70,4,4,1.0,1000,5,1,true,87
730,709,2122,881,2122,6160.0,10,70,4,4,1.0,1000,5,1,true,87
730,710,2125,881,2125,6160.0,10,70,4,4,1.0,1000,5,1,true,87
730,711,2128,882,2128,6167.0,10,70,4,4,1.0,1000,5,1,true,87
730,712,2131,882,2131,6167.0,10,70,4,4,1.0,1000,5,1,true,87
730,713,2134,884,2134,6181.0,10,70,4,4,1.0,1000,5,1,true,87
730,714,2137,884,2137,6181.0,10,70,4,4,1.0,1000,5,1,true,87
730,715,2141,884,2141,6181.0,10,70,4,4,1.0,1000,5,1,true,87
730,716,2144,884,2144,6181.0,10,70,4,4,1.0,1000,5,1,true,87
730,717,2147,884,2147,6181.0,10,70,4,4,1.0,1000,5,1,true,87
730,718,2150,884,2150,6181.0,10,70,4,4,1.0,1000,5,1,true,87
730,719,2153,885,2153,6188.0,10,70,4,4,1.0,1000,5,1,true,87
730,720,2156,885,2156,6188.0,10,70,4,4,1.0,1000,5,1,true,87
730,721,2159,885,2159,6188.0,10,70,4,4,1.0,1000,5,1,true,87
730,722,2162,885,2162,6188.0,10,70,4,4,1.0,1000,5,1,true,87
730,723,2165,886,2165,6195.0,10,70,4,4,1.0,1000,5,1,true,87
730,724,2168,886,2168,6195.0,10,70,4,4,1.0,1000,5,1,true,87
730,725,2171,886,2171,6195.0,10,70,4,4,1.0,1000,5,1,true,87
730,726,2174,886,2174,6195.0,10,70,4,4,1.0,1000,5,1,true,87
730,727,2177,886,2177,6195.0,10,70,4,4,1.0,1000,5,1,true,87
730,728,2180,887,2180,6202.0,10,70,4,4,1.0,1000,5,1,true,87
730,729,2183,887,2183,6202.0,10,70,4,4,1.0,1000,5,1,true,87
730,730,2186,889,2186,6216.0,10,70,4,4,1.0,1000,5,1,true,87
730,731,2189,889,2189,6216.0,10,70,4,4,1.0,1000,5,1,true,87
730,732,2192,889,2192,6216.0,10,70,4,4,1.0,1000,5,1,true,87
730,733,2195,889,2195,6216.0,10,70,4,4,1.0,1000,5,1,true,87
730,734,2198,889,2198,6216.0,10,70,4,4,1.0,1000,5,1,true,87
730,735,2201,890,2201,6223.0,10,70,4,4,1.0,1000,5,1,true,87
730,736,2204,890,2204,6223.0,10,70,4,4,1.0,1000,5,1,true,87
730,737,2207,892,2207,6237.0,10,70,4,4,1.0,1000,5,1,true,87
730,738,2210,892,2210,6237.0,10,70,4,4,1.0,1000,5,1,true,87
730,739,2213,892,2213,6237.0,10,70,4,4,1.0,1000,5,1,true,87
730,740,2216,893,2216,6244.0,10,70,4,4,1.0,1000,5,1,true,87
730,741,2219,893,2219,6244.0,10,70,4,4,1.0,1000,5,1,true,87
730,742,2222,893,2222,6244.0,10,70,4,4,1.0,1000,5,1,true,87
730,743,2225,894,2225,6251.0,10,70,4,4,1.0,1000,5,1,true,87
730,744,2228,894,2228,6251.0,10,70,4,4,1.0,1000,5,1,true,87
730,745,2231,894,2231,6251.0,10,70,4,4,1.0,1000,5,1,true,87
730,746,2234,894,2234,6251.0,10,70,4,4,1.0,1000,5,1,true,87
730,747,2237,894,2237,6251.0,10,70,4,4,1.0,1000,5,1,true,87
730,749,2243,894,2243,6251.0,10,70,4,4,1.0,1000,5,1,true,87
730,749,2243,894,2243,6251.0,10,70,4,4,1.0,1000,5,1,true,87
730,750,2246,895,2246,6258.0,10,70,4,4,1.0,1000,5,1,true,87
730,751,2249,895,2249,6258.0,10,70,4,4,1.0,1000,5,1,true,87
730,752,2252,895,2252,6258.0,10,70,4,4,1.0,1000,5,1,true,87
730,753,2255,896,2255,6265.0,10,70,4,4,1.0,1000,5,1,true,87
730,754,2258,896,2258,6265.0,10,70,4,4,1.0,1000,5,1,true,87
730,755,2261,897,2261,6272.0,10,70,4,4,1.0,1000,5,1,true,87
730,756,2264,897,2264,6272.0,10,70,4,4,1.0,1000,5,1,true,87
730,757,2267,897,2267,6272.0,10,70,4,4,1.0,1000,5,1,true,87
730,758,2270,898,2270,6279.0,10,70,4,4,1.0,1000,5,1,true,87
730,759,2273,898,2273,6279.0,10,70,4,4,1.0,1000,5,1,true,87
730,760,2276,898,2276,6279.0,10,70,4,4,1.0,1000,5,1,true,87
730,761,2279,899,2279,6286.0,10,70,4,4,1.0,1000,5,1,true,87
730,762,2282,899,2282,6286.0,10,70,4,4,1.0,1000,5,1,true,87
730,763,2285,899,2285,6286.0,10,70,4,4,1.0,1000,5,1,true,87
730,764,2288,899,2288,6286.0,10,70,4,4,1.0,1000,5,1,true,87
730,765,2291,900,2291,6293.0,10,70,4,4,1.0,1000,5,1,true,87
730,766,2294,900,2294,6293.0,10,70,4,4,1.0,1000,5,1,true,87
730,767,2297,900,2297,6293.0,10,70,4,4,1.0,1000,5,1,true,87
730,768,2300,901,2300,6300.0,10,70,4,4,1.0,1000,5,1,true,87
730,769,2303,901,2303,6300.0,10,70,4,4,1.0,1000,5,1,true,87
730,770,2306,901,2306,6300.0,10,70,4,4,1.0,1000,5,1,true,87
730,771,2309,901,2309,6300.0,10,70,4,4,1.0,1000,5,1,true,87
730,772,2312,901,2312,6300.0,10,70,4,4,1.0,1000,5,1,true,87
730,773,2315,902,2315,6307.0,10,70,4,4,1.0,1000,5,1,true,87
730,774,2318,902,2318,6307.0,10,70,4,4,1.0,1000,5,1,true,87
730,775,2321,903,2321,6314.0,10,70,4,4,1.0,1000,5,1,true,87
730,776,2324,904,2324,6321.0,10,70,4,4,1.0,1000,5,1,true,87
730,777,2327,904,2327,6321.0,10,70,4,4,1.0,1000,5,1,true,87
730,778,2330,904,2330,6321.0,10,70,4,4,1.0,1000,5,1,true,87
730,779,2333,904,2333,6321.0,10,70,4,4,1.0,1000,5,1,true,87
730,780,2336,905,2336,6328.0,10,70,4,4,1.0,1000,5,1,true,87
730,781,2339,905,2339,6328.0,10,70,4,4,1.0,1000,5,1,true,87
730,782,2342,906,2342,6335.0,10,70,4,4,1.0,1000,5,1,true,87
730,783,2345,906,2345,6335.0,10,70,4,4,1.0,1000,5,1,true,87
730,784,2348,906,2348,6335.0,10,70,4,4,1.0,1000,5,1,true,87
730,785,2351,906,2351,6335.0,10,70,4,4,1.0,1000,5,1,true,87
730,786,2354,906,2354,6335.0,10,70,4,4,1.0,1000,5,1,true,87
730,787,2357,907,2357,6342.0,10,70,4,4,1.0,1000,5,1,true,87
730,788,2360,907,2360,6342.0,10,70,4,4,1.0,1000,5,1,true,87
730,789,2363,908,2363,6349.0,10,70,4,4,1.0,1000,5,1,true,87
730,790,2366,909,2366,6356.0,10,70,4,4,1.0,1000,5,1,true,87
730,791,2369,909,2369,6356.0,10,70,4,4,1.0,1000,5,1,true,87
730,792,2372,909,2372,6356.0,10,70,4,4,1.0,1000,5,1,true,87
730,793,2375,909,2375,6356.0,10,70,4,4,1.0,1000,5,1,true,87
730,794,2378,909,2378,6356.0,10,70,4,4,1.0,1000,5,1,true,87
730,795,2381,909,2381,6356.0,10,70,4,4,1.0,1000,5,1,true,87
730,796,2384,909,2384,6356.0,10,70,4,4,1.0,1000,5,1,true,87
730,797,2387,909,2387,6356.0,10,70,4,4,1.0,1000,5,1,true,87
730,798,2390,909,2390,6356.0,10,70,4,4,1.0,1000,5,1,true,87
730,799,2393,909,2393,6356.0,10,70,4,4,1.0,1000,5,1,true,87
730,800,2396,909,2396,6356.0,10,70,4,4,1.0,1000,5,1,true,87
730,801,2399,909,2399,6356.0,10,70,4,4,1.0,1000,5,1,true,87
730,802,2402,910,2402,6363.0,10,70,4,4,1.0,1000,5,1,true,87
730,803,2405,910,2405,6363.0,10,70,4,4,1.0,1000,5,1,true,87
730,804,2408,911,2408,6370.0,10,70,4,4,1.0,1000,5,1,true,87
730,805,2411,911,2411,6370.0,10,70,4,4,1.0,1000,5,1,true,87
730,806,2414,911,2414,6370.0,10,70,4,4,1.0,1000,5,1,true,87
730,807,2417,911,2417,6370.0,10,70,4,4,1.0,1000,5,1,true,87
730,808,2420,913,2420,6384.0,10,70,4,4,1.0,1000,5,1,true,87
730,809,2423,913,2423,6384.0,10,70,4,4,1.0,1000,5,1,true,87
730,810,2426,913,2426,6384.0,10,70,4,4,1.0,1000,5,1,true,87
730,811,2429,913,2429,6384.0,10,70,4,4,1.0,1000,5,1,true,87
730,812,2432,913,2432,6384.0,10,70,4,4,1.0,1000,5,1,true,87
730,813,2435,913,2435,6384.0,10,70,4,4,1.0,1000,5,1,true,87
730,814,2438,913,2438,6384.0,10,70,4,4,1.0,1000,5,1,true,87
730,815,2441,913,2441,6384.0,10,70,4,4,1.0,1000,5,1,true,87
730,816,2444,913,2444,6384.0,10,70,4,4,1.0,1000,5,1,true,87
730,817,2447,913,2447,6384.0,10,70,4,4,1.0,1000,5,1,true,87
730,818,2450,913,2450,6384.0,10,70,4,4,1.0,1000,5,1,true,87
730,819,2453,914,2453,6391.0,10,70,4,4,1.0,1000,5,1,true,87
730,820,2456,914,2456,6391.0,10,70,4,4,1.0,1000,5,1,true,87
730,821,2459,914,2459,6391.0,10,70,4,4,1.0,1000,5,1,true,87
730,822,2462,914,2462,6391.0,10,70,4,4,1.0,1000,5,1,true,87
730,823,2465,915,2465,6398.0,10,70,4,4,1.0,1000,5,1,true,87
730,824,2468,915,2468,6398.0,10,70,4,4,1.0,1000,5,1,true,87
730,825,2471,916,2471,6405.0,10,70,4,4,1.0,1000,5,1,true,87
730,826,2474,917,2474,6412.0,10,70,4,4,1.0,1000,5,1,true,87
730,827,2477,918,2477,6419.0,10,70,4,4,1.0,1000,5,1,true,87
730,828,2480,919,2480,6426.0,10,70,4,4,1.0,1000,5,1,true,87
730,829,2483,920,2483,6433.0,10,70,4,4,1.0,1000,5,1,true,87
730,830,2486,920,2486,6433.0,10,70,4,4,1.0,1000,5,1,true,87
730,831,2489,920,2489,6433.0,10,70,4,4,1.0,1000,5,1,true,87
730,832,2492,920,2492,6433.0,10,70,4,4,1.0,1000,5,1,true,87
730,833,2495,920,2495,6433.0,10,70,4,4,1.0,1000,5,1,true,87
730,834,2498,921,2498,6440.0,10,70,4,4,1.0,1000,5,1,true,87
730,835,2501,921,2501,6440.0,10,70,4,4,1.0,1000,5,1,true,87
730,836,2504,921,2504,6440.0,10,70,4,4,1.0,1000,5,1,true,87
730,837,2507,922,2507,6447.0,10,70,4,4,1.0,1000,5,1,true,87
730,838,2510,922,2510,6447.0,10,70,4,4,1.0,1000,5,1,true,87
730,839,2513,922,2513,6447.0,10,70,4,4,1.0,1000,5,1,true,87
730,840,2516,922,2516,6447.0,10,70,4,4,1.0,1000,5,1,true,87
730,841,2519,922,2519,6447.0,10,70,4,4,1.0,1000,5,1,true,87
730,842,2522,922,2522,6447.0,10,70,4,4,1.0,1000,5,1,true,87
730,843,2525,922,2525,6447.0,10,70,4,4,1.0,1000,5,1,true,87
730,844,2528,923,2528,6454.0,10,70,4,4,1.0,1000,5,1,true,87
730,845,2531,923,2531,6454.0,10,70,4,4,1.0,1000,5,1,true,87
730,846,2534,923,2534,6454.0,10,70,4,4,1.0,1000,5,1,true,87
730,847,2537,923,2537,6454.0,10,70,4,4,1.0,1000,5,1,true,87
730,848,2540,924,2540,6461.0,10,70,4,4,1.0,1000,5,1,true,87
730,849,2543,924,2543,6461.0,10,70,4,4,1.0,1000,5,1,true,87
730,850,2546,924,2546,6461.0,10,70,4,4,1.0,1000,5,1,true,87
730,851,2549,925,2549,6468.0,10,70,4,4,1.0,1000,5,1,true,87
730,852,2552,926,2552,6475.0,10,70,4,4,1.0,1000,5,1,true,87
730,853,2555,927,2555,6482.0,10,70,4,4,1.0,1000,5,1,true,87
730,854,2558,928,2558,6489.0,10,70,4,4,1.0,1000,5,1,true,87
730,855,2561,928,2561,6489.0,10,70,4,4,1.0,1000,5,1,true,87
730,856,2564,928,2564,6489.0,10,70,4,4,1.0,1000,5,1,true,87
730,857,2567,928,2567,6489.0,10,70,4,4,1.0,1000,5,1,true,87
730,858,2570,928,2570,6489.0,10,70,4,4,1.0,1000,5,1,true,87
730,859,2573,929,2573,6496.0,10,70,4,4,1.0,1000,5,1,true,87
730,860,2576,929,2576,6496.0,10,70,4,4,1.0,1000,5,1,true,87
730,861,2579,929,2579,6496.0,10,70,4,4,1.0,1000,5,1,true,87
730,862,2582,929,2582,6496.0,10,70,4,4,1.0,1000,5,1,true,87
730,863,2585,929,2585,6496.0,10,70,4,4,1.0,1000,5,1,true,87
730,864,2588,929,2588,6496.0,10,70,4,4,1.0,1000,5,1,true,87
730,865,2591,929,2591,6496.0,10,70,4,4,1.0,1000,5,1,true,87
730,866,2594,929,2594,6496.0,10,70,4,4,1.0,1000,5,1,true,87
730,867,2597,929,2597,6496.0,10,70,4,4,1.0,1000,5,1,true,87
730,868,2600,930,2600,6503.0,10,70,4,4,1.0,1000,5,1,true,87
730,869,2603,930,2603,6503.0,10,70,4,4,1.0,1000,5,1,true,87
730,870,2606,930,2606,6503.0,10,70,4,4,1.0,1000,5,1,true,87
730,871,2609,931,2609,6510.0,10,70,4,4,1.0,1000,5,1,true,87
730,872,2612,931,2612,6510.0,10,70,4,4,1.0,1000,5,1,true,87
730,873,2615,932,2615,6517.0,10,70,4,4,1.0,1000,5,1,true,87
730,874,2618,932,2618,6517.0,10,70,4,4,1.0,1000,5,1,true,87
730,875,2621,932,2621,6517.0,10,70,4,4,1.0,1000,5,1,true,87
730,876,2624,932,2624,6517.0,10,70,4,4,1.0,1000,5,1,true,87
730,877,2627,932,2627,6517.0,10,70,4,4,1.0,1000,5,1,true,87
730,878,2630,932,2630,6517.0,10,70,4,4,1.0,1000,5,1,true,87
730,879,2633,932,2633,6517.0,10,70,4,4,1.0,1000,5,1,true,87
730,880,2636,932,2636,6517.0,10,70,4,4,1.0,1000,5,1,true,87
730,881,2639,934,2639,6531.0,10,70,4,4,1.0,1000,5,1,true,87
730,882,2642,934,2642,6531.0,10,70,4,4,1.0,1000,5,1,true,87
730,883,2645,935,2645,6538.0,10,70,4,4,1.0,1000,5,1,true,87
730,884,2648,935,2648,6538.0,10,70,4,4,1.0,1000,5,1,true,87
730,885,2651,935,2651,6538.0,10,70,4,4,1.0,1000,5,1,true,87
730,886,2654,935,2654,6538.0,10,70,4,4,1.0,1000,5,1,true,87
730,887,2657,935,2657,6538.0,10,70,4,4,1.0,1000,5,1,true,87
730,888,2660,935,2660,6538.0,10,70,4,4,1.0,1000,5,1,true,87
730,889,2663,935,2663,6538.0,10,70,4,4,1.0,1000,5,1,true,87
730,890,2666,935,2666,6538.0,10,70,4,4,1.0,1000,5,1,true,87
730,891,2669,935,2669,6538.0,10,70,4,4,1.0,1000,5,1,true,87
730,892,2672,936,2672,6545.0,10,70,4,4,1.0,1000,5,1,true,87
730,893,2675,936,2675,6545.0,10,70,4,4,1.0,1000,5,1,true,87
730,894,2678,936,2678,6545.0,10,70,4,4,1.0,1000,5,1,true,87
730,895,2681,937,2681,6552.0,10,70,4,4,1.0,1000,5,1,true,87
730,896,2684,937,2684,6552.0,10,70,4,4,1.0,1000,5,1,true,87
730,897,2687,937,2687,6552.0,10,70,4,4,1.0,1000,5,1,true,87
730,898,2690,937,2690,6552.0,10,70,4,4,1.0,1000,5,1,true,87
730,899,2693,937,2693,6552.0,10,70,4,4,1.0,1000,5,1,true,87
730,900,2696,937,2696,6552.0,10,70,4,4,1.0,1000,5,1,true,87
730,901,2699,937,2699,6552.0,10,70,4,4,1.0,1000,5,1,true,87
730,902,2702,937,2702,6552.0,10,70,4,4,1.0,1000,5,1,true,87
730,903,2705,937,2705,6552.0,10,70,4,4,1.0,1000,5,1,true,87
730,904,2708,937,2708,6552.0,10,70,4,4,1.0,1000,5,1,true,87
730,905,2711,938,2711,6559.0,10,70,4,4,1.0,1000,5,1,true,87
730,906,2714,939,2714,6566.0,10,70,4,4,1.0,1000,5,1,true,87
730,907,2717,939,2717,6566.0,10,70,4,4,1.0,1000,5,1,true,87
730,908,2720,939,2720,6566.0,10,70,4,4,1.0,1000,5,1,true,87
730,909,2723,939,2723,6566.0,10,70,4,4,1.0,1000,5,1,true,87
730,910,2726,940,2726,6573.0,10,70,4,4,1.0,1000,5,1,true,87
730,911,2729,940,2729,6573.0,10,70,4,4,1.0,1000,5,1,true,87
730,912,2732,940,2732,6573.0,10,70,4,4,1.0,1000,5,1,true,87
730,913,2735,940,2735,6573.0,10,70,4,4,1.0,1000,5,1,true,87
730,914,2738,940,2738,6573.0,10,70,4,4,1.0,1000,5,1,true,87
730,915,2741,940,2741,6573.0,10,70,4,4,1.0,1000,5,1,true,87
730,916,2744,940,2744,6573.0,10,70,4,4,1.0,1000,5,1,true,87
730,917,2747,940,2747,6573.0,10,70,4,4,1.0,1000,5,1,true,87
730,918,2750,940,2750,6573.0,10,70,4,4,1.0,1000,5,1,true,87
730,919,2753,940,2753,6573.0,10,70,4,4,1.0,1000,5,1,true,87
730,920,2756,940,2756,6573.0,10,70,4,4,1.0,1000,5,1,true,87
730,921,2759,940,2759,6573.0,10,70,4,4,1.0,1000,5,1,true,87
730,922,2762,940,2762,6573.0,10,70,4,4,1.0,1000,5,1,true,87
730,923,2765,940,2765,6573.0,10,70,4,4,1.0,1000,5,1,true,87
730,924,2768,940,2768,6573.0,10,70,4,4,1.0,1000,5,1,true,87
730,925,2771,940,2771,6573.0,10,70,4,4,1.0,1000,5,1,true,87
730,926,2774,940,2774,6573.0,10,70,4,4,1.0,1000,5,1,true,87
730,927,2777,940,2777,6573.0,10,70,4,4,1.0,1000,5,1,true,87
730,928,2780,940,2780,6573.0,10,70,4,4,1.0,1000,5,1,true,87
730,929,2783,940,2783,6573.0,10,70,4,4,1.0,1000,5,1,true,87
730,930,2786,940,2786,6573.0,10,70,4,4,1.0,1000,5,1,true,87
730,931,2789,941,2789,6580.0,10,70,4,4,1.0,1000,5,1,true,87
730,932,2792,941,2792,6580.0,10,70,4,4,1.0,1000,5,1,true,87
730,933,2795,941,2795,6580.0,10,70,4,4,1.0,1000,5,1,true,87
730,934,2798,941,2798,6580.0,10,70,4,4,1.0,1000,5,1,true,87
730,935,2801,941,2801,6580.0,10,70,4,4,1.0,1000,5,1,true,87
730,936,2804,941,2804,6580.0,10,70,4,4,1.0,1000,5,1,true,87
730,937,2807,941,2807,6580.0,10,70,4,4,1.0,1000,5,1,true,87
730,938,2810,941,2810,6580.0,10,70,4,4,1.0,1000,5,1,true,87
730,939,2813,941,2813,6580.0,10,70,4,4,1.0,1000,5,1,true,87
730,940,2816,941,2816,6580.0,10,70,4,4,1.0,1000,5,1,true,87
730,941,2819,941,2819,6580.0,10,70,4,4,1.0,1000,5,1,true,87
730,942,2822,941,2822,6580.0,10,70,4,4,1.0,1000,5,1,true,87
730,943,2825,941,2825,6580.0,10,70,4,4,1.0,1000,5,1,true,87
730,944,2828,941,2828,6580.0,10,70,4,4,1.0,1000,5,1,true,87
730,945,2831,941,2831,6580.0,10,70,4,4,1.0,1000,5,1,true,87
730,946,2834,941,2834,6580.0,10,70,4,4,1.0,1000,5,1,true,87
730,947,2837,941,2837,6580.0,10,70,4,4,1.0,1000,5,1,true,87
730,948,2840,941,2840,6580.0,10,70,4,4,1.0,1000,5,1,true,87
730,949,2843,942,2843,6587.0,10,70,4,4,1.0,1000,5,1,true,87
730,950,2845,942,2845,6587.0,10,70,4,4,1.0,1000,5,1,true,87
730,951,2848,942,2848,6587.0,10,70,4,4,1.0,1000,5,1,true,87
730,952,2851,942,2851,6587.0,10,70,4,4,1.0,1000,5,1,true,87
730,953,2854,942,2854,6587.0,10,70,4,4,1.0,1000,5,1,true,87
730,954,2857,942,2857,6587.0,10,70,4,4,1.0,1000,5,1,true,87
730,955,2860,942,2860,6587.0,10,70,4,4,1.0,1000,5,1,true,87
730,956,2863,942,2863,6587.0,10,70,4,4,1.0,1000,5,1,true,87
730,957,2866,942,2866,6587.0,10,70,4,4,1.0,1000,5,1,true,87
730,958,2869,942,2869,6587.0,10,70,4,4,1.0,1000,5,1,true,87
730,959,2872,942,2872,6587.0,10,70,4,4,1.0,1000,5,1,true,87
730,960,2875,943,2875,6594.0,10,70,4,4,1.0,1000,5,1,true,87
730,961,2878,943,2878,6594.0,10,70,4,4,1.0,1000,5,1,true,87
730,962,2881,943,2881,6594.0,10,70,4,4,1.0,1000,5,1,true,87
730,963,2884,943,2884,6594.0,10,70,4,4,1.0,1000,5,1,true,87
730,964,2887,943,2887,6594.0,10,70,4,4,1.0,1000,5,1,true,87
730,965,2889,943,2889,6594.0,10,70,4,4,1.0,1000,5,1,true,87
730,966,2893,944,2893,6601.0,10,70,4,4,1.0,1000,5,1,true,87
730,967,2896,944,2896,6601.0,10,70,4,4,1.0,1000,5,1,true,87
730,968,2899,944,2899,6601.0,10,70,4,4,1.0,1000,5,1,true,87
730,969,2902,944,2902,6601.0,10,70,4,4,1.0,1000,5,1,true,87
730,970,2905,944,2905,6601.0,10,70,4,4,1.0,1000,5,1,true,87
730,971,2908,944,2908,6601.0,10,70,4,4,1.0,1000,5,1,true,87
730,972,2911,944,2911,6601.0,10,70,4,4,1.0,1000,5,1,true,87
730,973,2914,944,2914,6601.0,10,70,4,4,1.0,1000,5,1,true,87
730,974,2917,944,2917,6601.0,10,70,4,4,1.0,1000,5,1,true,87
730,975,2920,944,2920,6601.0,10,70,4,4,1.0,1000,5,1,true,87
730,976,2923,944,2923,6601.0,10,70,4,4,1.0,1000,5,1,true,87
730,977,2926,944,2926,6601.0,10,70,4,4,1.0,1000,5,1,true,87
730,978,2929,944,2929,6601.0,10,70,4,4,1.0,1000,5,1,true,87
730,979,2932,944,2932,6601.0,10,70,4,4,1.0,1000,5,1,true,87
730,980,2935,944,2935,6601.0,10,70,4,4,1.0,1000,5,1,true,87
730,981,2938,944,2938,6601.0,10,70,4,4,1.0,1000,5,1,true,87
730,982,2941,944,2941,6601.0,10,70,4,4,1.0,1000,5,1,true,87
730,983,2944,944,2944,6601.0,10,70,4,4,1.0,1000,5,1,true,87
730,984,2947,944,2947,6601.0,10,70,4,4,1.0,1000,5,1,true,87
730,985,2950,944,2950,6601.0,10,70,4,4,1.0,1000,5,1,true,87
730,986,2953,944,2953,6601.0,10,70,4,4,1.0,1000,5,1,true,87
730,987,2956,944,2956,6601.0,10,70,4,4,1.0,1000,5,1,true,87
730,988,2959,944,2959,6601.0,10,70,4,4,1.0,1000,5,1,true,87
730,989,2962,944,2962,6601.0,10,70,4,4,1.0,1000,5,1,true,87
730,990,2965,944,2965,6601.0,10,70,4,4,1.0,1000,5,1,true,87
730,991,2968,944,2968,6601.0,10,70,4,4,1.0,1000,5,1,true,87
730,992,2971,944,2971,6601.0,10,70,4,4,1.0,1000,5,1,true,87
730,993,2974,944,2974,6601.0,10,70,4,4,1.0,1000,5,1,true,87
730,994,2977,944,2977,6601.0,10,70,4,4,1.0,1000,5,1,true,87
730,995,2980,944,2980,6601.0,10,70,4,4,1.0,1000,5,1,true,87
730,996,2983,944,2983,6601.0,10,70,4,4,1.0,1000,5,1,true,87
730,997,2986,944,2986,6601.0,10,70,4,4,1.0,1000,5,1,true,87
730,998,2989,944,2989,6601.0,10,70,4,4,1.0,1000,5,1,true,87
730,999,2992,944,2992,6601.0,10,70,4,4,1.0,1000,5,1,true,87
730,1000,2995,944,2995,6601.0,10,70,4,4,1.0,1000,5,1,true,87
730,1001,2998,944,2998,6601.0,10,70,4,4,1.0,1000,5,1,true,87
730,1002,3001,945,3001,6608.0,10,70,4,4,1.0,1000,5,1,true,87
730,1003,3004,945,3004,6608.0,10,70,4,4,1.0,1000,5,1,true,87
730,1004,3007,945,3007,6608.0,10,70,4,4,1.0,1000,5,1,true,87
730,1005,3010,945,3010,6608.0,10,70,4,4,1.0,1000,5,1,true,87
730,1006,3013,945,3013,6608.0,10,70,4,4,1.0,1000,5,1,true,87
730,1007,3016,945,3016,6608.0,10,70,4,4,1.0,1000,5,1,true,87
730,1008,3019,945,3019,6608.0,10,70,4,4,1.0,1000,5,1,true,87
730,1009,3022,945,3022,6608.0,10,70,4,4,1.0,1000,5,1,true,87
730,1010,3025,945,3025,6608.0,10,70,4,4,1.0,1000,5,1,true,87
730,1011,3028,945,3028,6608.0,10,70,4,4,1.0,1000,5,1,true,87
730,1012,3031,945,3031,6608.0,10,70,4,4,1.0,1000,5,1,true,87
730,1013,3034,945,3034,6608.0,10,70,4,4,1.0,1000,5,1,true,87
730,1014,3037,945,3037,6608.0,10,70,4,4,1.0,1000,5,1,true,87
730,1015,3040,945,3040,6608.0,10,70,4,4,1.0,1000,5,1,true,87
730,1016,3043,945,3043,6608.0,10,70,4,4,1.0,1000,5,1,true,87
730,1017,3046,945,3046,6608.0,10,70,4,4,1.0,1000,5,1,true,87
730,1018,3049,945,3049,6608.0,10,70,4,4,1.0,1000,5,1,true,87
730,1019,3052,946,3052,6615.0,10,70,4,4,1.0,1000,5,1,true,87
730,1020,3055,946,3055,6615.0,10,70,4,4,1.0,1000,5,1,true,87
730,1021,3058,946,3058,6615.0,10,70,4,4,1.0,1000,5,1,true,87
730,1022,3061,946,3061,6615.0,10,70,4,4,1.0,1000,5,1,true,87
730,1023,3064,946,3064,6615.0,10,70,4,4,1.0,1000,5,1,true,87
730,1024,3067,946,3067,6615.0,10,70,4,4,1.0,1000,5,1,true,87
730,1025,3070,947,3070,6622.0,10,70,4,4,1.0,1000,5,1,true,87
730,1026,3073,947,3073,6622.0,10,70,4,4,1.0,1000,5,1,true,87
730,1027,3076,947,3076,6622.0,10,70,4,4,1.0,1000,5,1,true,87
730,1028,3079,947,3079,6622.0,10,70,4,4,1.0,1000,5,1,true,87
730,1029,3082,947,3082,6622.0,10,70,4,4,1.0,1000,5,1,true,87
730,1030,3085,947,3085,6622.0,10,70,4,4,1.0,1000,5,1,true,87
730,1031,3088,947,3088,6622.0,10,70,4,4,1.0,1000,5,1,true,87
730,1032,3091,947,3091,6622.0,10,70,4,4,1.0,1000,5,1,true,87
730,1033,3094,948,3094,6629.0,10,70,4,4,1.0,1000,5,1,true,87
730,1034,3097,948,3097,6629.0,10,70,4,4,1.0,1000,5,1,true,87
730,1035,3100,948,3100,6629.0,10,70,4,4,1.0,1000,5,1,true,87
730,1036,3103,948,3103,6629.0,10,70,4,4,1.0,1000,5,1,true,87
730,1037,3106,948,3106,6629.0,10,70,4,4,1.0,1000,5,1,true,87
730,1038,3109,948,3109,6629.0,10,70,4,4,1.0,1000,5,1,true,87
730,1039,3112,949,3112,6636.0,10,70,4,4,1.0,1000,5,1,true,87
730,1040,3115,949,3115,6636.0,10,70,4,4,1.0,1000,5,1,true,87
730,1041,3118,950,3118,6643.0,10,70,4,4,1.0,1000,5,1,true,87
730,1042,3121,950,3121,6643.0,10,70,4,4,1.0,1000,5,1,true,87
730,1043,3124,950,3124,6643.0,10,70,4,4,1.0,1000,5,1,true,87
730,1044,3127,950,3127,6643.0,10,70,4,4,1.0,1000,5,1,true,87
730,1045,3130,950,3130,6643.0,10,70,4,4,1.0,1000,5,1,true,87
730,1046,3133,951,3133,6650.0,10,70,4,4,1.0,1000,5,1,true,87
730,1047,3136,951,3136,6650.0,10,70,4,4,1.0,1000,5,1,true,87
730,1048,3139,951,3139,6650.0,10,70,4,4,1.0,1000,5,1,true,87
730,1049,3142,951,3142,6650.0,10,70,4,4,1.0,1000,5,1,true,87
730,1050,3145,951,3145,6650.0,10,70,4,4,1.0,1000,5,1,true,87
730,1051,3148,951,3148,6650.0,10,70,4,4,1.0,1000,5,1,true,87
730,1052,3151,951,3151,6650.0,10,70,4,4,1.0,1000,5,1,true,87
730,1053,3154,951,3154,6650.0,10,70,4,4,1.0,1000,5,1,true,87
730,1054,3157,951,3157,6650.0,10,70,4,4,1.0,1000,5,1,true,87
730,1055,3160,951,3160,6650.0,10,70,4,4,1.0,1000,5,1,true,87
730,1056,3163,951,3163,6650.0,10,70,4,4,1.0,1000,5,1,true,87
730,1057,3166,951,3166,6650.0,10,70,4,4,1.0,1000,5,1,true,87
730,1058,3169,951,3169,6650.0,10,70,4,4,1.0,1000,5,1,true,87
730,1059,3172,951,3172,6650.0,10,70,4,4,1.0,1000,5,1,true,87
730,1060,3175,951,3175,6650.0,10,70,4,4,1.0,1000,5,1,true,87
730,1061,3178,951,3178,6650.0,10,70,4,4,1.0,1000,5,1,true,87
730,1062,3181,951,3181,6650.0,10,70,4,4,1.0,1000,5,1,true,87
730,1063,3184,951,3184,6650.0,10,70,4,4,1.0,1000,5,1,true,87
730,1064,3187,951,3187,6650.0,10,70,4,4,1.0,1000,5,1,true,87
730,1065,3190,951,3190,6650.0,10,70,4,4,1.0,1000,5,1,true,87
730,1066,3193,952,3193,6657.0,10,70,4,4,1.0,1000,5,1,true,87
730,1067,3196,952,3196,6657.0,10,70,4,4,1.0,1000,5,1,true,87
730,1068,3199,952,3199,6657.0,10,70,4,4,1.0,1000,5,1,true,87
730,1069,3202,953,3202,6664.0,10,70,4,4,1.0,1000,5,1,true,87
730,1070,3205,954,3205,6671.0,10,70,4,4,1.0,1000,5,1,true,87
730,1071,3208,954,3208,6671.0,10,70,4,4,1.0,1000,5,1,true,87
730,1072,3211,954,3211,6671.0,10,70,4,4,1.0,1000,5,1,true,87
730,1073,3214,955,3214,6678.0,10,70,4,4,1.0,1000,5,1,true,87
730,1074,3217,955,3217,6678.0,10,70,4,4,1.0,1000,5,1,true,87
730,1075,3220,955,3220,6678.0,10,70,4,4,1.0,1000,5,1,true,87
730,1076,3223,955,3223,6678.0,10,70,4,4,1.0,1000,5,1,true,87
730,1077,3226,955,3226,6678.0,10,70,4,4,1.0,1000,5,1,true,87
730,1078,3229,955,3229,6678.0,10,70,4,4,1.0,1000,5,1,true,87
730,1079,3232,955,3232,6678.0,10,70,4,4,1.0,1000,5,1,true,87
730,1080,3235,955,3235,6678.0,10,70,4,4,1.0,1000,5,1,true,87
730,1081,3238,955,3238,6678.0,10,70,4,4,1.0,1000,5,1,true,87
730,1082,3241,955,3241,6678.0,10,70,4,4,1.0,1000,5,1,true,87
730,1083,3244,955,3244,6678.0,10,70,4,4,1.0,1000,5,1,true,87
730,1084,3247,955,3247,6678.0,10,70,4,4,1.0,1000,5,1,true,87
730,1085,3250,955,3250,6678.0,10,70,4,4,1.0,1000,5,1,true,87
730,1086,3253,955,3253,6678.0,10,70,4,4,1.0,1000,5,1,true,87
730,1087,3256,955,3256,6678.0,10,70,4,4,1.0,1000,5,1,true,87
730,1088,3259,955,3259,6678.0,10,70,4,4,1.0,1000,5,1,true,87
730,1089,3262,955,3262,6678.0,10,70,4,4,1.0,1000,5,1,true,87
730,1090,3265,955,3265,6678.0,10,70,4,4,1.0,1000,5,1,true,87
730,1091,3267,955,3267,6678.0,10,70,4,4,1.0,1000,5,1,true,87
730,1092,3271,955,3271,6678.0,10,70,4,4,1.0,1000,5,1,true,87
730,1093,3273,955,3273,6678.0,10,70,4,4,1.0,1000,5,1,true,87
730,1094,3276,956,3276,6685.0,10,70,4,4,1.0,1000,5,1,true,87
730,1095,3279,956,3279,6685.0,10,70,4,4,1.0,1000,5,1,true,87
730,1096,3282,956,3282,6685.0,10,70,4,4,1.0,1000,5,1,true,87
730,1097,3285,956,3285,6685.0,10,70,4,4,1.0,1000,5,1,true,87
730,1098,3288,957,3288,6692.0,10,70,4,4,1.0,1000,5,1,true,87
730,1099,3290,957,3290,6692.0,10,70,4,4,1.0,1000,5,1,true,87
730,1100,3293,957,3293,6692.0,10,70,4,4,1.0,1000,5,1,true,87
730,1101,3296,958,3296,6699.0,10,70,4,4,1.0,1000,5,1,true,87
730,1102,3299,958,3299,6699.0,10,70,4,4,1.0,1000,5,1,true,87
730,1103,3302,958,3302,6699.0,10,70,4,4,1.0,1000,5,1,true,87
730,1104,3305,958,3305,6699.0,10,70,4,4,1.0,1000,5,1,true,87
730,1105,3308,960,3308,6713.0,10,70,4,4,1.0,1000,5,1,true,87
730,1106,3311,960,3311,6713.0,10,70,4,4,1.0,1000,5,1,true,87
730,1107,3314,960,3314,6713.0,10,70,4,4,1.0,1000,5,1,true,87
730,1108,3317,960,3317,6713.0,10,70,4,4,1.0,1000,5,1,true,87
730,1109,3320,961,3320,6720.0,10,70,4,4,1.0,1000,5,1,true,87
730,1110,3323,962,3323,6727.0,10,70,4,4,1.0,1000,5,1,true,87
730,1111,3326,962,3326,6727.0,10,70,4,4,1.0,1000,5,1,true,87
730,1112,3329,962,3329,6727.0,10,70,4,4,1.0,1000,5,1,true,87
730,1113,3332,962,3332,6727.0,10,70,4,4,1.0,1000,5,1,true,87
730,1114,3335,962,3335,6727.0,10,70,4,4,1.0,1000,5,1,true,87
730,1115,3338,962,3338,6727.0,10,70,4,4,1.0,1000,5,1,true,87
730,1116,3341,962,3341,6727.0,10,70,4,4,1.0,1000,5,1,true,87
730,1117,3344,963,3344,6734.0,10,70,4,4,1.0,1000,5,1,true,87
730,1118,3347,963,3347,6734.0,10,70,4,4,1.0,1000,5,1,true,87
730,1119,3350,963,3350,6734.0,10,70,4,4,1.0,1000,5,1,true,87
730,1120,3353,963,3353,6734.0,10,70,4,4,1.0,1000,5,1,true,87
730,1121,3356,963,3356,6734.0,10,70,4,4,1.0,1000,5,1,true,87
730,1122,3359,963,3359,6734.0,10,70,4,4,1.0,1000,5,1,true,87
730,1123,3362,963,3362,6734.0,10,70,4,4,1.0,1000,5,1,true,87
730,1124,3365,963,3365,6734.0,10,70,4,4,1.0,1000,5,1,true,87
730,1125,3368,963,3368,6734.0,10,70,4,4,1.0,1000,5,1,true,87
730,1126,3371,963,3371,6734.0,10,70,4,4,1.0,1000,5,1,true,87
730,1127,3374,963,3374,6734.0,10,70,4,4,1.0,1000,5,1,true,87
730,1128,3377,964,3377,6741.0,10,70,4,4,1.0,1000,5,1,true,87
730,1130,3383,964,3383,6741.0,10,70,4,4,1.0,1000,5,1,true,87
730,1130,3383,964,3383,6741.0,10,70,4,4,1.0,1000,5,1,true,87
730,1131,3386,964,3386,6741.0,10,70,4,4,1.0,1000,5,1,true,87
730,1132,3389,964,3389,6741.0,10,70,4,4,1.0,1000,5,1,true,87
730,1133,3392,964,3392,6741.0,10,70,4,4,1.0,1000,5,1,true,87
730,1134,3395,965,3395,6748.0,10,70,4,4,1.0,1000,5,1,true,87
730,1135,3398,965,3398,6748.0,10,70,4,4,1.0,1000,5,1,true,87
730,1136,3401,965,3401,6748.0,10,70,4,4,1.0,1000,5,1,true,87
730,1137,3404,965,3404,6748.0,10,70,4,4,1.0,1000,5,1,true,87
730,1138,3407,966,3407,6755.0,10,70,4,4,1.0,1000,5,1,true,87
730,1139,3410,967,3410,6762.0,10,70,4,4,1.0,1000,5,1,true,87
730,1140,3413,967,3413,6762.0,10,70,4,4,1.0,1000,5,1,true,87
730,1141,3416,967,3416,6762.0,10,70,4,4,1.0,1000,5,1,true,87
730,1142,3419,967,3419,6762.0,10,70,4,4,1.0,1000,5,1,true,87
730,1143,3422,967,3422,6762.0,10,70,4,4,1.0,1000,5,1,true,87
730,1144,3425,967,3425,6762.0,10,70,4,4,1.0,1000,5,1,true,87
730,1145,3428,967,3428,6762.0,10,70,4,4,1.0,1000,5,1,true,87
730,1146,3431,968,3431,6769.0,10,70,4,4,1.0,1000,5,1,true,87
730,1147,3434,968,3434,6769.0,10,70,4,4,1.0,1000,5,1,true,87
730,1148,3437,970,3437,6783.0,10,70,4,4,1.0,1000,5,1,true,87
730,1149,3440,970,3440,6783.0,10,70,4,4,1.0,1000,5,1,true,87
730,1150,3443,970,3443,6783.0,10,70,4,4,1.0,1000,5,1,true,87
730,1151,3446,970,3446,6783.0,10,70,4,4,1.0,1000,5,1,true,87
730,1152,3449,970,3449,6783.0,10,70,4,4,1.0,1000,5,1,true,87
730,1153,3452,970,3452,6783.0,10,70,4,4,1.0,1000,5,1,true,87
730,1154,3455,970,3455,6783.0,10,70,4,4,1.0,1000,5,1,true,87
730,1155,3458,970,3458,6783.0,10,70,4,4,1.0,1000,5,1,true,87
730,1156,3461,970,3461,6783.0,10,70,4,4,1.0,1000,5,1,true,87
730,1157,3464,970,3464,6783.0,10,70,4,4,1.0,1000,5,1,true,87
730,1158,3467,970,3467,6783.0,10,70,4,4,1.0,1000,5,1,true,87
730,1159,3470,970,3470,6783.0,10,70,4,4,1.0,1000,5,1,true,87
730,1160,3473,970,3473,6783.0,10,70,4,4,1.0,1000,5,1,true,87
730,1161,3476,970,3476,6783.0,10,70,4,4,1.0,1000,5,1,true,87
730,1162,3479,971,3479,6790.0,10,70,4,4,1.0,1000,5,1,true,87
730,1163,3482,971,3482,6790.0,10,70,4,4,1.0,1000,5,1,true,87
730,1164,3485,971,3485,6790.0,10,70,4,4,1.0,1000,5,1,true,87
730,1165,3488,971,3488,6790.0,10,70,4,4,1.0,1000,5,1,true,87
730,1166,3491,971,3491,6790.0,10,70,4,4,1.0,1000,5,1,true,87
730,1167,3494,971,3494,6790.0,10,70,4,4,1.0,1000,5,1,true,87
730,1168,3497,971,3497,6790.0,10,70,4,4,1.0,1000,5,1,true,87
730,1169,3500,971,3500,6790.0,10,70,4,4,1.0,1000,5,1,true,87
730,1170,3503,971,3503,6790.0,10,70,4,4,1.0,1000,5,1,true,87
730,1171,3506,971,3506,6790.0,10,70,4,4,1.0,1000,5,1,true,87
730,1172,3509,971,3509,6790.0,10,70,4,4,1.0,1000,5,1,true,87
730,1173,3512,971,3512,6790.0,10,70,4,4,1.0,1000,5,1,true,87
730,1174,3515,971,3515,6790.0,10,70,4,4,1.0,1000,5,1,true,87
730,1175,3518,971,3518,6790.0,10,70,4,4,1.0,1000,5,1,true,87
730,1176,3521,971,3521,6790.0,10,70,4,4,1.0,1000,5,1,true,87
730,1177,3524,972,3524,6797.0,10,70,4,4,1.0,1000,5,1,true,87
730,1178,3527,972,3527,6797.0,10,70,4,4,1.0,1000,5,1,true,87
730,1179,3530,972,3530,6797.0,10,70,4,4,1.0,1000,5,1,true,87
730,1180,3533,972,3533,6797.0,10,70,4,4,1.0,1000,5,1,true,87
730,1181,3536,972,3536,6797.0,10,70,4,4,1.0,1000,5,1,true,87
730,1182,3539,972,3539,6797.0,10,70,4,4,1.0,1000,5,1,true,87
730,1183,3542,972,3542,6797.0,10,70,4,4,1.0,1000,5,1,true,87
730,1184,3545,973,3545,6804.0,10,70,4,4,1.0,1000,5,1,true,87
730,1185,3548,973,3548,6804.0,10,70,4,4,1.0,1000,5,1,true,87
730,1186,3551,973,3551,6804.0,10,70,4,4,1.0,1000,5,1,true,87
730,1187,3554,973,3554,6804.0,10,70,4,4,1.0,1000,5,1,true,87
730,1188,3557,973,3557,6804.0,10,70,4,4,1.0,1000,5,1,true,87
730,1189,3560,973,3560,6804.0,10,70,4,4,1.0,1000,5,1,true,87
730,1190,3563,973,3563,6804.0,10,70,4,4,1.0,1000,5,1,true,87
730,1191,3566,973,3566,6804.0,10,70,4,4,1.0,1000,5,1,true,87
730,1192,3569,973,3569,6804.0,10,70,4,4,1.0,1000,5,1,true,87
730,1193,3572,973,3572,6804.0,10,70,4,4,1.0,1000,5,1,true,87
730,1194,3575,973,3575,6804.0,10,70,4,4,1.0,1000,5,1,true,87
730,1195,3578,973,3578,6804.0,10,70,4,4,1.0,1000,5,1,true,87
730,1196,3581,973,3581,6804.0,10,70,4,4,1.0,1000,5,1,true,87
730,1197,3584,973,3584,6804.0,10,70,4,4,1.0,1000,5,1,true,87
730,1198,3587,973,3587,6804.0,10,70,4,4,1.0,1000,5,1,true,87
730,1199,3590,973,3590,6804.0,10,70,4,4,1.0,1000,5,1,true,87
730,1200,3593,973,3593,6804.0,10,70,4,4,1.0,1000,5,1,true,87
730,1201,3596,973,3596,6804.0,10,70,4,4,1.0,1000,5,1,true,87
730,1202,3599,973,3599,6804.0,10,70,4,4,1.0,1000,5,1,true,87
730,1203,3602,973,3602,6804.0,10,70,4,4,1.0,1000,5,1,true,87
730,1204,3606,974,3606,6811.0,10,70,4,4,1.0,1000,5,1,true,87
730,1205,3609,974,3609,6811.0,10,70,4,4,1.0,1000,5,1,true,87
730,1206,3612,975,3612,6818.0,10,70,4,4,1.0,1000,5,1,true,87
730,1207,3615,975,3615,6818.0,10,70,4,4,1.0,1000,5,1,true,87
730,1208,3618,975,3618,6818.0,10,70,4,4,1.0,1000,5,1,true,87
730,1209,3622,975,3622,6818.0,10,70,4,4,1.0,1000,5,1,true,87
730,1210,3625,975,3625,6818.0,10,70,4,4,1.0,1000,5,1,true,87
730,1211,3628,975,3628,6818.0,10,70,4,4,1.0,1000,5,1,true,87
730,1212,3631,975,3631,6818.0,10,70,4,4,1.0,1000,5,1,true,87
730,1213,3634,975,3634,6818.0,10,70,4,4,1.0,1000,5,1,true,87
730,1214,3637,975,3637,6818.0,10,70,4,4,1.0,1000,5,1,true,87
730,1215,3640,976,3640,6825.0,10,70,4,4,1.0,1000,5,1,true,87
730,1216,3643,976,3643,6825.0,10,70,4,4,1.0,1000,5,1,true,87
730,1217,3646,976,3646,6825.0,10,70,4,4,1.0,1000,5,1,true,87
730,1218,3649,976,3649,6825.0,10,70,4,4,1.0,1000,5,1,true,87
730,1219,3652,976,3652,6825.0,10,70,4,4,1.0,1000,5,1,true,87
730,1220,3655,976,3655,6825.0,10,70,4,4,1.0,1000,5,1,true,87
730,1221,3658,976,3658,6825.0,10,70,4,4,1.0,1000,5,1,true,87
730,1222,3661,976,3661,6825.0,10,70,4,4,1.0,1000,5,1,true,87
730,1223,3664,976,3664,6825.0,10,70,4,4,1.0,1000,5,1,true,87
730,1224,3667,976,3667,6825.0,10,70,4,4,1.0,1000,5,1,true,87
730,1225,3670,976,3670,6825.0,10,70,4,4,1.0,1000,5,1,true,87
730,1226,3673,976,3673,6825.0,10,70,4,4,1.0,1000,5,1,true,87
730,1227,3676,976,3676,6825.0,10,70,4,4,1.0,1000,5,1,true,87
730,1228,3679,976,3679,6825.0,10,70,4,4,1.0,1000,5,1,true,87
730,1229,3682,976,3682,6825.0,10,70,4,4,1.0,1000,5,1,true,87
730,1230,3685,976,3685,6825.0,10,70,4,4,1.0,1000,5,1,true,87
730,1231,3688,977,3688,6832.0,10,70,4,4,1.0,1000,5,1,true,87
730,1232,3691,977,3691,6832.0,10,70,4,4,1.0,1000,5,1,true,87
730,1233,3694,977,3694,6832.0,10,70,4,4,1.0,1000,5,1,true,87
730,1234,3697,977,3697,6832.0,10,70,4,4,1.0,1000,5,1,true,87
730,1235,3700,977,3700,6832.0,10,70,4,4,1.0,1000,5,1,true,87
730,1236,3703,977,3703,6832.0,10,70,4,4,1.0,1000,5,1,true,87
730,1237,3706,977,3706,6832.0,10,70,4,4,1.0,1000,5,1,true,87
730,1238,3709,977,3709,6832.0,10,70,4,4,1.0,1000,5,1,true,87
730,1239,3712,978,3712,6839.0,10,70,4,4,1.0,1000,5,1,true,87
730,1240,3715,978,3715,6839.0,10,70,4,4,1.0,1000,5,1,true,87
730,1241,3718,978,3718,6839.0,10,70,4,4,1.0,1000,5,1,true,87
730,1242,3721,978,3721,6839.0,10,70,4,4,1.0,1000,5,1,true,87
730,1243,3724,978,3724,6839.0,10,70,4,4,1.0,1000,5,1,true,87
730,1244,3727,978,3727,6839.0,10,70,4,4,1.0,1000,5,1,true,87
730,1245,3730,978,3730,6839.0,10,70,4,4,1.0,1000,5,1,true,87
730,1246,3733,978,3733,6839.0,10,70,4,4,1.0,1000,5,1,true,87
730,1247,3736,978,3736,6839.0,10,70,4,4,1.0,1000,5,1,true,87
730,1248,3739,978,3739,6839.0,10,70,4,4,1.0,1000,5,1,true,87
730,1249,3742,978,3742,6839.0,10,70,4,4,1.0,1000,5,1,true,87
730,1250,3745,978,3745,6839.0,10,70,4,4,1.0,1000,5,1,true,87
730,1251,3748,978,3748,6839.0,10,70,4,4,1.0,1000,5,1,true,87
730,1252,3751,978,3751,6839.0,10,70,4,4,1.0,1000,5,1,true,87
730,1253,3754,978,3754,6839.0,10,70,4,4,1.0,1000,5,1,true,87
730,1254,3757,978,3757,6839.0,10,70,4,4,1.0,1000,5,1,true,87
730,1255,3760,978,3760,6839.0,10,70,4,4,1.0,1000,5,1,true,87
730,1256,3763,978,3763,6839.0,10,70,4,4,1.0,1000,5,1,true,87
730,1257,3766,978,3766,6839.0,10,70,4,4,1.0,1000,5,1,true,87
730,1258,3769,978,3769,6839.0,10,70,4,4,1.0,1000,5,1,true,87
730,1259,3772,978,3772,6839.0,10,70,4,4,1.0,1000,5,1,true,87
730,1260,3775,979,3775,6846.0,10,70,4,4,1.0,1000,5,1,true,87
730,1261,3778,979,3778,6846.0,10,70,4,4,1.0,1000,5,1,true,87
730,1262,3781,979,3781,6846.0,10,70,4,4,1.0,1000,5,1,true,87
730,1263,3784,979,3784,6846.0,10,70,4,4,1.0,1000,5,1,true,87
730,1264,3787,979,3787,6846.0,10,70,4,4,1.0,1000,5,1,true,87
730,1265,3790,979,3790,6846.0,10,70,4,4,1.0,1000,5,1,true,87
730,1266,3793,979,3793,6846.0,10,70,4,4,1.0,1000,5,1,true,87
730,1267,3796,979,3796,6846.0,10,70,4,4,1.0,1000,5,1,true,87
730,1268,3799,979,3799,6846.0,10,70,4,4,1.0,1000,5,1,true,87
730,1269,3802,979,3802,6846.0,10,70,4,4,1.0,1000,5,1,true,87
730,1270,3805,979,3805,6846.0,10,70,4,4,1.0,1000,5,1,true,87
730,1271,3808,979,3808,6846.0,10,70,4,4,1.0,1000,5,1,true,87
730,1272,3811,979,3811,6846.0,10,70,4,4,1.0,1000,5,1,true,87
730,1273,3814,979,3814,6846.0,10,70,4,4,1.0,1000,5,1,true,87
730,1274,3817,979,3817,6846.0,10,70,4,4,1.0,1000,5,1,true,87
730,1275,3820,979,3820,6846.0,10,70,4,4,1.0,1000,5,1,true,87
730,1276,3823,979,3823,6846.0,10,70,4,4,1.0,1000,5,1,true,87
730,1277,3826,979,3826,6846.0,10,70,4,4,1.0,1000,5,1,true,87
730,1278,3829,979,3829,6846.0,10,70,4,4,1.0,1000,5,1,true,87
730,1279,3832,979,3832,6846.0,10,70,4,4,1.0,1000,5,1,true,87
730,1280,3835,980,3835,6853.0,10,70,4,4,1.0,1000,5,1,true,87
730,1281,3838,980,3838,6853.0,10,70,4,4,1.0,1000,5,1,true,87
730,1282,3841,980,3841,6853.0,10,70,4,4,1.0,1000,5,1,true,87
730,1283,3844,980,3844,6853.0,10,70,4,4,1.0,1000,5,1,true,87
730,1284,3847,980,3847,6853.0,10,70,4,4,1.0,1000,5,1,true,87
730,1285,3850,980,3850,6853.0,10,70,4,4,1.0,1000,5,1,true,87
730,1286,3853,980,3853,6853.0,10,70,4,4,1.0,1000,5,1,true,87
730,1287,3856,980,3856,6853.0,10,70,4,4,1.0,1000,5,1,true,87
730,1288,3859,980,3859,6853.0,10,70,4,4,1.0,1000,5,1,true,87
730,1289,3862,980,3862,6853.0,10,70,4,4,1.0,1000,5,1,true,87
730,1290,3865,980,3865,6853.0,10,70,4,4,1.0,1000,5,1,true,87
730,1291,3868,980,3868,6853.0,10,70,4,4,1.0,1000,5,1,true,87
730,1292,3871,980,3871,6853.0,10,70,4,4,1.0,1000,5,1,true,87
730,1293,3874,981,3874,6860.0,10,70,4,4,1.0,1000,5,1,true,87
730,1294,3877,981,3877,6860.0,10,70,4,4,1.0,1000,5,1,true,87
730,1295,3880,981,3880,6860.0,10,70,4,4,1.0,1000,5,1,true,87
730,1296,3883,981,3883,6860.0,10,70,4,4,1.0,1000,5,1,true,87
730,1297,3886,981,3886,6860.0,10,70,4,4,1.0,1000,5,1,true,87
730,1298,3889,981,3889,6860.0,10,70,4,4,1.0,1000,5,1,true,87
730,1299,3892,981,3892,6860.0,10,70,4,4,1.0,1000,5,1,true,87
730,1300,3895,981,3895,6860.0,10,70,4,4,1.0,1000,5,1,true,87
730,1301,3898,982,3898,6867.0,10,70,4,4,1.0,1000,5,1,true,87
730,1302,3901,982,3901,6867.0,10,70,4,4,1.0,1000,5,1,true,87
730,1303,3904,982,3904,6867.0,10,70,4,4,1.0,1000,5,1,true,87
730,1304,3907,982,3907,6867.0,10,70,4,4,1.0,1000,5,1,true,87
730,1305,3910,982,3910,6867.0,10,70,4,4,1.0,1000,5,1,true,87
730,1306,3913,982,3913,6867.0,10,70,4,4,1.0,1000,5,1,true,87
730,1307,3916,982,3916,6867.0,10,70,4,4,1.0,1000,5,1,true,87
730,1308,3919,982,3919,6867.0,10,70,4,4,1.0,1000,5,1,true,87
730,1309,3922,982,3922,6867.0,10,70,4,4,1.0,1000,5,1,true,87
730,1310,3925,982,3925,6867.0,10,70,4,4,1.0,1000,5,1,true,87
730,1311,3928,982,3928,6867.0,10,70,4,4,1.0,1000,5,1,true,87
730,1312,3931,982,3931,6867.0,10,70,4,4,1.0,1000,5,1,true,87
730,1313,3934,982,3934,6867.0,10,70,4,4,1.0,1000,5,1,true,87
730,1314,3937,982,3937,6867.0,10,70,4,4,1.0,1000,5,1,true,87
730,1315,3940,982,3940,6867.0,10,70,4,4,1.0,1000,5,1,true,87
730,1316,3943,982,3943,6867.0,10,70,4,4,1.0,1000,5,1,true,87
730,1317,3946,982,3946,6867.0,10,70,4,4,1.0,1000,5,1,true,87
730,1318,3949,982,3949,6867.0,10,70,4,4,1.0,1000,5,1,true,87
730,1319,3952,982,3952,6867.0,10,70,4,4,1.0,1000,5,1,true,87
730,1320,3955,982,3955,6867.0,10,70,4,4,1.0,1000,5,1,true,87
730,1321,3958,982,3958,6867.0,10,70,4,4,1.0,1000,5,1,true,87
730,1322,3961,982,3961,6867.0,10,70,4,4,1.0,1000,5,1,true,87
730,1323,3964,982,3964,6867.0,10,70,4,4,1.0,1000,5,1,true,87
730,1324,3967,982,3967,6867.0,10,70,4,4,1.0,1000,5,1,true,87
730,1325,3970,982,3970,6867.0,10,70,4,4,1.0,1000,5,1,true,87
730,1326,3973,982,3973,6867.0,10,70,4,4,1.0,1000,5,1,true,87
730,1327,3976,982,3976,6867.0,10,70,4,4,1.0,1000,5,1,true,87
730,1328,3979,982,3979,6867.0,10,70,4,4,1.0,1000,5,1,true,87
730,1329,3982,982,3982,6867.0,10,70,4,4,1.0,1000,5,1,true,87
730,1330,3985,982,3985,6867.0,10,70,4,4,1.0,1000,5,1,true,87
730,1331,3988,982,3988,6867.0,10,70,4,4,1.0,1000,5,1,true,87
730,1332,3991,982,3991,6867.0,10,70,4,4,1.0,1000,5,1,true,87
730,1333,3994,982,3994,6867.0,10,70,4,4,1.0,1000,5,1,true,87
730,1334,3997,982,3997,6867.0,10,70,4,4,1.0,1000,5,1,true,87
730,1335,4000,982,4000,6867.0,10,70,4,4,1.0,1000,5,1,true,87
730,1336,4003,982,4003,6867.0,10,70,4,4,1.0,1000,5,1,true,87
730,1337,4006,982,4006,6867.0,10,70,4,4,1.0,1000,5,1,true,87
730,1338,4009,982,4009,6867.0,10,70,4,4,1.0,1000,5,1,true,87
730,1339,4012,982,4012,6867.0,10,70,4,4,1.0,1000,5,1,true,87
730,1340,4015,982,4015,6867.0,10,70,4,4,1.0,1000,5,1,true,87
730,1341,4018,983,4018,6874.0,10,70,4,4,1.0,1000,5,1,true,87
730,1342,4021,983,4021,6874.0,10,70,4,4,1.0,1000,5,1,true,87
730,1343,4024,983,4024,6874.0,10,70,4,4,1.0,1000,5,1,true,87
730,1344,4027,983,4027,6874.0,10,70,4,4,1.0,1000,5,1,true,87
730,1345,4030,983,4030,6874.0,10,70,4,4,1.0,1000,5,1,true,87
730,1346,4033,983,4033,6874.0,10,70,4,4,1.0,1000,5,1,true,87
730,1347,4036,983,4036,6874.0,10,70,4,4,1.0,1000,5,1,true,87
730,1348,4039,983,4039,6874.0,10,70,4,4,1.0,1000,5,1,true,87
730,1349,4042,983,4042,6874.0,10,70,4,4,1.0,1000,5,1,true,87
730,1350,4045,983,4045,6874.0,10,70,4,4,1.0,1000,5,1,true,87
730,1351,4048,984,4048,6881.0,10,70,4,4,1.0,1000,5,1,true,87
730,1352,4051,985,4051,6888.0,10,70,4,4,1.0,1000,5,1,true,87
730,1353,4054,986,4054,6895.0,10,70,4,4,1.0,1000,5,1,true,87
730,1354,4057,986,4057,6895.0,10,70,4,4,1.0,1000,5,1,true,87
730,1355,4060,986,4060,6895.0,10,70,4,4,1.0,1000,5,1,true,87
730,1356,4063,986,4063,6895.0,10,70,4,4,1.0,1000,5,1,true,87
730,1357,4066,986,4066,6895.0,10,70,4,4,1.0,1000,5,1,true,87
730,1358,4069,986,4069,6895.0,10,70,4,4,1.0,1000,5,1,true,87
730,1359,4072,986,4072,6895.0,10,70,4,4,1.0,1000,5,1,true,87
730,1360,4075,986,4075,6895.0,10,70,4,4,1.0,1000,5,1,true,87
730,1361,4078,987,4078,6902.0,10,70,4,4,1.0,1000,5,1,true,87
730,1362,4081,987,4081,6902.0,10,70,4,4,1.0,1000,5,1,true,87
730,1363,4084,987,4084,6902.0,10,70,4,4,1.0,1000,5,1,true,87
730,1364,4087,987,4087,6902.0,10,70,4,4,1.0,1000,5,1,true,87
730,1365,4090,987,4090,6902.0,10,70,4,4,1.0,1000,5,1,true,87
730,1366,4093,987,4093,6902.0,10,70,4,4,1.0,1000,5,1,true,87
730,1367,4096,987,4096,6902.0,10,70,4,4,1.0,1000,5,1,true,87
730,1368,4099,987,4099,6902.0,10,70,4,4,1.0,1000,5,1,true,87
730,1369,4102,987,4102,6902.0,10,70,4,4,1.0,1000,5,1,true,87
730,1370,4105,987,4105,6902.0,10,70,4,4,1.0,1000,5,1,true,87
730,1371,4108,987,4108,6902.0,10,70,4,4,1.0,1000,5,1,true,87
730,1372,4111,987,4111,6902.0,10,70,4,4,1.0,1000,5,1,true,87
730,1373,4114,987,4114,6902.0,10,70,4,4,1.0,1000,5,1,true,87
730,1374,4117,987,4117,6902.0,10,70,4,4,1.0,1000,5,1,true,87
730,1375,4120,987,4120,6902.0,10,70,4,4,1.0,1000,5,1,true,87
730,1376,4123,987,4123,6902.0,10,70,4,4,1.0,1000,5,1,true,87
730,1377,4126,987,4126,6902.0,10,70,4,4,1.0,1000,5,1,true,87
730,1378,4129,988,4129,6909.0,10,70,4,4,1.0,1000,5,1,true,87
730,1379,4132,988,4132,6909.0,10,70,4,4,1.0,1000,5,1,true,87
730,1380,4135,988,4135,6909.0,10,70,4,4,1.0,1000,5,1,true,87
730,1381,4138,988,4138,6909.0,10,70,4,4,1.0,1000,5,1,true,87
730,1382,4141,988,4141,6909.0,10,70,4,4,1.0,1000,5,1,true,87
730,1383,4144,988,4144,6909.0,10,70,4,4,1.0,1000,5,1,true,87
730,1384,4147,988,4147,6909.0,10,70,4,4,1.0,1000,5,1,true,87
730,1385,4150,988,4150,6909.0,10,70,4,4,1.0,1000,5,1,true,87
730,1386,4153,988,4153,6909.0,10,70,4,4,1.0,1000,5,1,true,87
730,1387,4156,988,4156,6909.0,10,70,4,4,1.0,1000,5,1,true,87
730,1388,4159,988,4159,6909.0,10,70,4,4,1.0,1000,5,1,true,87
730,1389,4162,988,4162,6909.0,10,70,4,4,1.0,1000,5,1,true,87
730,1390,4165,988,4165,6909.0,10,70,4,4,1.0,1000,5,1,true,87
730,1391,4168,988,4168,6909.0,10,70,4,4,1.0,1000,5,1,true,87
730,1392,4171,988,4171,6909.0,10,70,4,4,1.0,1000,5,1,true,87
730,1393,4174,988,4174,6909.0,10,70,4,4,1.0,1000,5,1,true,87
730,1394,4177,988,4177,6909.0,10,70,4,4,1.0,1000,5,1,true,87
730,1395,4180,988,4180,6909.0,10,70,4,4,1.0,1000,5,1,true,87
730,1396,4183,988,4183,6909.0,10,70,4,4,1.0,1000,5,1,true,87
730,1397,4186,988,4186,6909.0,10,70,4,4,1.0,1000,5,1,true,87
730,1398,4189,988,4189,6909.0,10,70,4,4,1.0,1000,5,1,true,87
730,1399,4192,988,4192,6909.0,10,70,4,4,1.0,1000,5,1,true,87
730,1400,4195,988,4195,6909.0,10,70,4,4,1.0,1000,5,1,true,87
730,1401,4198,988,4198,6909.0,10,70,4,4,1.0,1000,5,1,true,87
730,1402,4201,988,4201,6909.0,10,70,4,4,1.0,1000,5,1,true,87
730,1403,4204,988,4204,6909.0,10,70,4,4,1.0,1000,5,1,true,87
730,1404,4207,988,4207,6909.0,10,70,4,4,1.0,1000,5,1,true,87
730,1405,4210,988,4210,6909.0,10,70,4,4,1.0,1000,5,1,true,87
730,1406,4213,988,4213,6909.0,10,70,4,4,1.0,1000,5,1,true,87
730,1407,4216,989,4216,6916.0,10,70,4,4,1.0,1000,5,1,true,87
730,1408,4219,989,4219,6916.0,10,70,4,4,1.0,1000,5,1,true,87
730,1409,4222,989,4222,6916.0,10,70,4,4,1.0,1000,5,1,true,87
730,1410,4225,989,4225,6916.0,10,70,4,4,1.0,1000,5,1,true,87
730,1411,4228,989,4228,6916.0,10,70,4,4,1.0,1000,5,1,true,87
730,1412,4231,989,4231,6916.0,10,70,4,4,1.0,1000,5,1,true,87
730,1413,4234,989,4234,6916.0,10,70,4,4,1.0,1000,5,1,true,87
730,1414,4237,989,4237,6916.0,10,70,4,4,1.0,1000,5,1,true,87
730,1415,4240,989,4240,6916.0,10,70,4,4,1.0,1000,5,1,true,87
730,1416,4243,989,4243,6916.0,10,70,4,4,1.0,1000,5,1,true,87
730,1417,4246,989,4246,6916.0,10,70,4,4,1.0,1000,5,1,true,87
730,1418,4249,989,4249,6916.0,10,70,4,4,1.0,1000,5,1,true,87
730,1419,4252,989,4252,6916.0,10,70,4,4,1.0,1000,5,1,true,87
730,1420,4256,989,4256,6916.0,10,70,4,4,1.0,1000,5,1,true,87
730,1421,4259,989,4259,6916.0,10,70,4,4,1.0,1000,5,1,true,87
730,1422,4262,989,4262,6916.0,10,70,4,4,1.0,1000,5,1,true,87
730,1423,4265,989,4265,6916.0,10,70,4,4,1.0,1000,5,1,true,87
730,1424,4268,989,4268,6916.0,10,70,4,4,1.0,1000,5,1,true,87
730,1425,4271,989,4271,6916.0,10,70,4,4,1.0,1000,5,1,true,87
730,1426,4274,989,4274,6916.0,10,70,4,4,1.0,1000,5,1,true,87
730,1427,4277,989,4277,6916.0,10,70,4,4,1.0,1000,5,1,true,87
730,1428,4280,989,4280,6916.0,10,70,4,4,1.0,1000,5,1,true,87
730,1429,4283,989,4283,6916.0,10,70,4,4,1.0,1000,5,1,true,87
730,1430,4286,989,4286,6916.0,10,70,4,4,1.0,1000,5,1,true,87
730,1431,4289,989,4289,6916.0,10,70,4,4,1.0,1000,5,1,true,87
730,1432,4292,989,4292,6916.0,10,70,4,4,1.0,1000,5,1,true,87
730,1433,4295,989,4295,6916.0,10,70,4,4,1.0,1000,5,1,true,87
730,1434,4298,989,4298,6916.0,10,70,4,4,1.0,1000,5,1,true,87
730,1435,4301,989,4301,6916.0,10,70,4,4,1.0,1000,5,1,true,87
730,1436,4304,989,4304,6916.0,10,70,4,4,1.0,1000,5,1,true,87
730,1437,4307,989,4307,6916.0,10,70,4,4,1.0,1000,5,1,true,87
730,1438,4310,989,4310,6916.0,10,70,4,4,1.0,1000,5,1,true,87
730,1439,4313,989,4313,6916.0,10,70,4,4,1.0,1000,5,1,true,87
730,1440,4316,989,4316,6916.0,10,70,4,4,1.0,1000,5,1,true,87
730,1441,4319,989,4319,6916.0,10,70,4,4,1.0,1000,5,1,true,87
730,1442,4322,989,4322,6916.0,10,70,4,4,1.0,1000,5,1,true,87
730,1443,4325,989,4325,6916.0,10,70,4,4,1.0,1000,5,1,true,87
730,1444,4328,989,4328,6916.0,10,70,4,4,1.0,1000,5,1,true,87
730,1445,4331,989,4331,6916.0,10,70,4,4,1.0,1000,5,1,true,87
730,1446,4334,989,4334,6916.0,10,70,4,4,1.0,1000,5,1,true,87
730,1447,4337,989,4337,6916.0,10,70,4,4,1.0,1000,5,1,true,87
730,1448,4340,990,4340,6923.0,10,70,4,4,1.0,1000,5,1,true,87
730,1449,4343,990,4343,6923.0,10,70,4,4,1.0,1000,5,1,true,87
730,1450,4346,990,4346,6923.0,10,70,4,4,1.0,1000,5,1,true,87
730,1451,4349,990,4349,6923.0,10,70,4,4,1.0,1000,5,1,true,87
730,1452,4352,990,4352,6923.0,10,70,4,4,1.0,1000,5,1,true,87
730,1453,4355,990,4355,6923.0,10,70,4,4,1.0,1000,5,1,true,87
730,1454,4358,990,4358,6923.0,10,70,4,4,1.0,1000,5,1,true,87
730,1455,4361,990,4361,6923.0,10,70,4,4,1.0,1000,5,1,true,87
730,1456,4364,990,4364,6923.0,10,70,4,4,1.0,1000,5,1,true,87
730,1457,4367,990,4367,6923.0,10,70,4,4,1.0,1000,5,1,true,87
730,1458,4370,990,4370,6923.0,10,70,4,4,1.0,1000,5,1,true,87
730,1459,4373,990,4373,6923.0,10,70,4,4,1.0,1000,5,1,true,87
730,1460,4376,990,4376,6923.0,10,70,4,4,1.0,1000,5,1,true,87
730,1461,4378,990,4378,6923.0,10,70,4,4,1.0,1000,5,1,true,87
730,1462,4381,990,4381,6923.0,10,70,4,4,1.0,1000,5,1,true,87
730,1463,4384,990,4384,6923.0,10,70,4,4,1.0,1000,5,1,true,87
730,1464,4387,990,4387,6923.0,10,70,4,4,1.0,1000,5,1,true,87
730,1465,4390,990,4390,6923.0,10,70,4,4,1.0,1000,5,1,true,87
730,1466,4393,990,4393,6923.0,10,70,4,4,1.0,1000,5,1,true,87
730,1467,4396,990,4396,6923.0,10,70,4,4,1.0,1000,5,1,true,87
730,1469,4402,990,4402,6923.0,10,70,4,4,1.0,1000,5,1,true,87
730,1469,4402,990,4402,6923.0,10,70,4,4,1.0,1000,5,1,true,87
730,1470,4405,990,4405,6923.0,10,70,4,4,1.0,1000,5,1,true,87
730,1471,4408,990,4408,6923.0,10,70,4,4,1.0,1000,5,1,true,87
730,1472,4411,990,4411,6923.0,10,70,4,4,1.0,1000,5,1,true,87
730,1473,4414,990,4414,6923.0,10,70,4,4,1.0,1000,5,1,true,87
730,1474,4417,990,4417,6923.0,10,70,4,4,1.0,1000,5,1,true,87
730,1475,4420,990,4420,6923.0,10,70,4,4,1.0,1000,5,1,true,87
730,1476,4423,990,4423,6923.0,10,70,4,4,1.0,1000,5,1,true,87
730,1477,4426,990,4426,6923.0,10,70,4,4,1.0,1000,5,1,true,87
730,1478,4429,990,4429,6923.0,10,70,4,4,1.0,1000,5,1,true,87
730,1479,4432,990,4432,6923.0,10,70,4,4,1.0,1000,5,1,true,87
730,1480,4435,990,4435,6923.0,10,70,4,4,1.0,1000,5,1,true,87
730,1481,4438,990,4438,6923.0,10,70,4,4,1.0,1000,5,1,true,87
730,1482,4441,990,4441,6923.0,10,70,4,4,1.0,1000,5,1,true,87
730,1483,4444,990,4444,6923.0,10,70,4,4,1.0,1000,5,1,true,87
730,1484,4447,990,4447,6923.0,10,70,4,4,1.0,1000,5,1,true,87
730,1485,4450,990,4450,6923.0,10,70,4,4,1.0,1000,5,1,true,87
730,1486,4453,990,4453,6923.0,10,70,4,4,1.0,1000,5,1,true,87
730,1487,4456,990,4456,6923.0,10,70,4,4,1.0,1000,5,1,true,87
730,1488,4459,990,4459,6923.0,10,70,4,4,1.0,1000,5,1,true,87
730,1489,4462,990,4462,6923.0,10,70,4,4,1.0,1000,5,1,true,87
730,1490,4465,990,4465,6923.0,10,70,4,4,1.0,1000,5,1,true,87
730,1491,4468,990,4468,6923.0,10,70,4,4,1.0,1000,5,1,true,87
730,1492,4471,990,4471,6923.0,10,70,4,4,1.0,1000,5,1,true,87
730,1493,4474,990,4474,6923.0,10,70,4,4,1.0,1000,5,1,true,87
730,1494,4477,990,4477,6923.0,10,70,4,4,1.0,1000,5,1,true,87
730,1495,4480,990,4480,6923.0,10,70,4,4,1.0,1000,5,1,true,87
730,1496,4483,990,4483,6923.0,10,70,4,4,1.0,1000,5,1,true,87
730,1497,4486,990,4486,6923.0,10,70,4,4,1.0,1000,5,1,true,87
730,1498,4489,990,4489,6923.0,10,70,4,4,1.0,1000,5,1,true,87
730,1499,4492,990,4492,6923.0,10,70,4,4,1.0,1000,5,1,true,87
730,1500,4495,990,4495,6923.0,10,70,4,4,1.0,1000,5,1,true,87
730,1501,4498,990,4498,6923.0,10,70,4,4,1.0,1000,5,1,true,87
730,1502,4501,990,4501,6923.0,10,70,4,4,1.0,1000,5,1,true,87
730,1503,4504,990,4504,6923.0,10,70,4,4,1.0,1000,5,1,true,87
730,1504,4507,990,4507,6923.0,10,70,4,4,1.0,1000,5,1,true,87
730,1505,4510,990,4510,6923.0,10,70,4,4,1.0,1000,5,1,true,87
730,1506,4513,990,4513,6923.0,10,70,4,4,1.0,1000,5,1,true,87
730,1507,4516,990,4516,6923.0,10,70,4,4,1.0,1000,5,1,true,87
730,1508,4519,990,4519,6923.0,10,70,4,4,1.0,1000,5,1,true,87
730,1509,4522,990,4522,6923.0,10,70,4,4,1.0,1000,5,1,true,87
730,1510,4525,990,4525,6923.0,10,70,4,4,1.0,1000,5,1,true,87
730,1511,4528,990,4528,6923.0,10,70,4,4,1.0,1000,5,1,true,87
730,1512,4531,990,4531,6923.0,10,70,4,4,1.0,1000,5,1,true,87
730,1513,4534,992,4534,6937.0,10,70,4,4,1.0,1000,5,1,true,87
730,1514,4537,992,4537,6937.0,10,70,4,4,1.0,1000,5,1,true,87
730,1515,4540,992,4540,6937.0,10,70,4,4,1.0,1000,5,1,true,87
730,1516,4543,992,4543,6937.0,10,70,4,4,1.0,1000,5,1,true,87
730,1517,4546,992,4546,6937.0,10,70,4,4,1.0,1000,5,1,true,87
730,1518,4549,992,4549,6937.0,10,70,4,4,1.0,1000,5,1,true,87
730,1519,4552,992,4552,6937.0,10,70,4,4,1.0,1000,5,1,true,87
730,1520,4555,992,4555,6937.0,10,70,4,4,1.0,1000,5,1,true,87
730,1521,4558,992,4558,6937.0,10,70,4,4,1.0,1000,5,1,true,87
730,1522,4561,992,4561,6937.0,10,70,4,4,1.0,1000,5,1,true,87
730,1523,4564,992,4564,6937.0,10,70,4,4,1.0,1000,5,1,true,87
730,1524,4567,992,4567,6937.0,10,70,4,4,1.0,1000,5,1,true,87
730,1525,4570,992,4570,6937.0,10,70,4,4,1.0,1000,5,1,true,87
730,1526,4573,992,4573,6937.0,10,70,4,4,1.0,1000,5,1,true,87
730,1527,4576,992,4576,6937.0,10,70,4,4,1.0,1000,5,1,true,87
730,1528,4579,992,4579,6937.0,10,70,4,4,1.0,1000,5,1,true,87
730,1529,4582,992,4582,6937.0,10,70,4,4,1.0,1000,5,1,true,87
730,1530,4585,992,4585,6937.0,10,70,4,4,1.0,1000,5,1,true,87
730,1531,4588,992,4588,6937.0,10,70,4,4,1.0,1000,5,1,true,87
730,1532,4591,992,4591,6937.0,10,70,4,4,1.0,1000,5,1,true,87
730,1533,4594,992,4594,6937.0,10,70,4,4,1.0,1000,5,1,true,87
730,1534,4597,992,4597,6937.0,10,70,4,4,1.0,1000,5,1,true,87
730,1535,4600,992,4600,6937.0,10,70,4,4,1.0,1000,5,1,true,87
730,1536,4603,992,4603,6937.0,10,70,4,4,1.0,1000,5,1,true,87
730,1537,4606,992,4606,6937.0,10,70,4,4,1.0,1000,5,1,true,87
730,1538,4609,992,4609,6937.0,10,70,4,4,1.0,1000,5,1,true,87
730,1539,4612,992,4612,6937.0,10,70,4,4,1.0,1000,5,1,true,87
730,1540,4615,992,4615,6937.0,10,70,4,4,1.0,1000,5,1,true,87
730,1541,4618,992,4618,6937.0,10,70,4,4,1.0,1000,5,1,true,87
730,1542,4621,992,4621,6937.0,10,70,4,4,1.0,1000,5,1,true,87
730,1543,4624,992,4624,6937.0,10,70,4,4,1.0,1000,5,1,true,87
730,1544,4627,992,4627,6937.0,10,70,4,4,1.0,1000,5,1,true,87
730,1545,4630,992,4630,6937.0,10,70,4,4,1.0,1000,5,1,true,87
730,1546,4633,992,4633,6937.0,10,70,4,4,1.0,1000,5,1,true,87
730,1547,4636,992,4636,6937.0,10,70,4,4,1.0,1000,5,1,true,87
730,1548,4639,992,4639,6937.0,10,70,4,4,1.0,1000,5,1,true,87
730,1549,4642,992,4642,6937.0,10,70,4,4,1.0,1000,5,1,true,87
730,1550,4645,992,4645,6937.0,10,70,4,4,1.0,1000,5,1,true,87
730,1551,4648,992,4648,6937.0,10,70,4,4,1.0,1000,5,1,true,87
730,1552,4651,992,4651,6937.0,10,70,4,4,1.0,1000,5,1,true,87
730,1553,4654,992,4654,6937.0,10,70,4,4,1.0,1000,5,1,true,87
730,1554,4657,992,4657,6937.0,10,70,4,4,1.0,1000,5,1,true,87
730,1555,4660,992,4660,6937.0,10,70,4,4,1.0,1000,5,1,true,87
730,1556,4663,992,4663,6937.0,10,70,4,4,1.0,1000,5,1,true,87
730,1557,4666,992,4666,6937.0,10,70,4,4,1.0,1000,5,1,true,87
730,1558,4669,992,4669,6937.0,10,70,4,4,1.0,1000,5,1,true,87
730,1559,4672,992,4672,6937.0,10,70,4,4,1.0,1000,5,1,true,87
730,1560,4675,992,4675,6937.0,10,70,4,4,1.0,1000,5,1,true,87
730,1561,4678,992,4678,6937.0,10,70,4,4,1.0,1000,5,1,true,87
730,1562,4681,992,4681,6937.0,10,70,4,4,1.0,1000,5,1,true,87
730,1563,4684,992,4684,6937.0,10,70,4,4,1.0,1000,5,1,true,87
730,1564,4687,992,4687,6937.0,10,70,4,4,1.0,1000,5,1,true,87
730,1565,4690,992,4690,6937.0,10,70,4,4,1.0,1000,5,1,true,87
730,1566,4693,992,4693,6937.0,10,70,4,4,1.0,1000,5,1,true,87
730,1567,4696,992,4696,6937.0,10,70,4,4,1.0,1000,5,1,true,87
730,1568,4699,992,4699,6937.0,10,70,4,4,1.0,1000,5,1,true,87
730,1569,4702,992,4702,6937.0,10,70,4,4,1.0,1000,5,1,true,87
730,1570,4705,992,4705,6937.0,10,70,4,4,1.0,1000,5,1,true,87
730,1571,4708,992,4708,6937.0,10,70,4,4,1.0,1000,5,1,true,87
730,1572,4711,992,4711,6937.0,10,70,4,4,1.0,1000,5,1,true,87
730,1573,4714,992,4714,6937.0,10,70,4,4,1.0,1000,5,1,true,87
730,1574,4717,992,4717,6937.0,10,70,4,4,1.0,1000,5,1,true,87
730,1575,4720,992,4720,6937.0,10,70,4,4,1.0,1000,5,1,true,87
730,1576,4723,992,4723,6937.0,10,70,4,4,1.0,1000,5,1,true,87
730,1577,4726,992,4726,6937.0,10,70,4,4,1.0,1000,5,1,true,87
730,1578,4729,992,4729,6937.0,10,70,4,4,1.0,1000,5,1,true,87
730,1579,4732,992,4732,6937.0,10,70,4,4,1.0,1000,5,1,true,87
730,1580,4735,992,4735,6937.0,10,70,4,4,1.0,1000,5,1,true,87
730,1581,4738,992,4738,6937.0,10,70,4,4,1.0,1000,5,1,true,87
730,1582,4741,992,4741,6937.0,10,70,4,4,1.0,1000,5,1,true,87
730,1583,4744,992,4744,6937.0,10,70,4,4,1.0,1000,5,1,true,87
730,1584,4747,992,4747,6937.0,10,70,4,4,1.0,1000,5,1,true,87
730,1585,4750,992,4750,6937.0,10,70,4,4,1.0,1000,5,1,true,87
730,1586,4753,992,4753,6937.0,10,70,4,4,1.0,1000,5,1,true,87
730,1587,4756,992,4756,6937.0,10,70,4,4,1.0,1000,5,1,true,87
730,1588,4759,992,4759,6937.0,10,70,4,4,1.0,1000,5,1,true,87
730,1589,4762,992,4762,6937.0,10,70,4,4,1.0,1000,5,1,true,87
730,1590,4765,992,4765,6937.0,10,70,4,4,1.0,1000,5,1,true,87
730,1591,4768,992,4768,6937.0,10,70,4,4,1.0,1000,5,1,true,87
730,1592,4771,992,4771,6937.0,10,70,4,4,1.0,1000,5,1,true,87
730,1593,4774,992,4774,6937.0,10,70,4,4,1.0,1000,5,1,true,87
730,1594,4777,992,4777,6937.0,10,70,4,4,1.0,1000,5,1,true,87
730,1595,4780,992,4780,6937.0,10,70,4,4,1.0,1000,5,1,true,87
730,1596,4783,992,4783,6937.0,10,70,4,4,1.0,1000,5,1,true,87
730,1597,4786,992,4786,6937.0,10,70,4,4,1.0,1000,5,1,true,87
730,1598,4789,993,4789,6944.0,10,70,4,4,1.0,1000,5,1,true,87
730,1599,4792,993,4792,6944.0,10,70,4,4,1.0,1000,5,1,true,87
730,1600,4795,993,4795,6944.0,10,70,4,4,1.0,1000,5,1,true,87
730,1601,4798,993,4798,6944.0,10,70,4,4,1.0,1000,5,1,true,87
730,1602,4801,993,4801,6944.0,10,70,4,4,1.0,1000,5,1,true,87
730,1603,4804,993,4804,6944.0,10,70,4,4,1.0,1000,5,1,true,87
730,1604,4807,993,4807,6944.0,10,70,4,4,1.0,1000,5,1,true,87
730,1605,4810,993,4810,6944.0,10,70,4,4,1.0,1000,5,1,true,87
730,1606,4813,993,4813,6944.0,10,70,4,4,1.0,1000,5,1,true,87
730,1607,4816,993,4816,6944.0,10,70,4,4,1.0,1000,5,1,true,87
730,1608,4819,993,4819,6944.0,10,70,4,4,1.0,1000,5,1,true,87
730,1609,4822,993,4822,6944.0,10,70,4,4,1.0,1000,5,1,true,87
730,1610,4825,993,4825,6944.0,10,70,4,4,1.0,1000,5,1,true,87
730,1611,4828,993,4828,6944.0,10,70,4,4,1.0,1000,5,1,true,87
730,1612,4831,993,4831,6944.0,10,70,4,4,1.0,1000,5,1,true,87
730,1613,4834,993,4834,6944.0,10,70,4,4,1.0,1000,5,1,true,87
730,1614,4837,993,4837,6944.0,10,70,4,4,1.0,1000,5,1,true,87
730,1615,4840,993,4840,6944.0,10,70,4,4,1.0,1000,5,1,true,87
730,1616,4843,993,4843,6944.0,10,70,4,4,1.0,1000,5,1,true,87
730,1617,4846,994,4846,6951.0,10,70,4,4,1.0,1000,5,1,true,87
730,1618,4849,994,4849,6951.0,10,70,4,4,1.0,1000,5,1,true,87
730,1619,4852,994,4852,6951.0,10,70,4,4,1.0,1000,5,1,true,87
730,1620,4855,994,4855,6951.0,10,70,4,4,1.0,1000,5,1,true,87
730,1621,4858,994,4858,6951.0,10,70,4,4,1.0,1000,5,1,true,87
730,1622,4861,994,4861,6951.0,10,70,4,4,1.0,1000,5,1,true,87
730,1623,4864,994,4864,6951.0,10,70,4,4,1.0,1000,5,1,true,87
730,1624,4867,994,4867,6951.0,10,70,4,4,1.0,1000,5,1,true,87
730,1625,4870,994,4870,6951.0,10,70,4,4,1.0,1000,5,1,true,87
730,1626,4873,994,4873,6951.0,10,70,4,4,1.0,1000,5,1,true,87
730,1627,4876,994,4876,6951.0,10,70,4,4,1.0,1000,5,1,true,87
730,1628,4879,994,4879,6951.0,10,70,4,4,1.0,1000,5,1,true,87
730,1629,4882,994,4882,6951.0,10,70,4,4,1.0,1000,5,1,true,87
730,1630,4885,994,4885,6951.0,10,70,4,4,1.0,1000,5,1,true,87
730,1631,4888,994,4888,6951.0,10,70,4,4,1.0,1000,5,1,true,87
730,1632,4891,994,4891,6951.0,10,70,4,4,1.0,1000,5,1,true,87
730,1633,4894,994,4894,6951.0,10,70,4,4,1.0,1000,5,1,true,87
730,1634,4897,994,4897,6951.0,10,70,4,4,1.0,1000,5,1,true,87
730,1635,4900,994,4900,6951.0,10,70,4,4,1.0,1000,5,1,true,87
730,1636,4903,995,4903,6958.0,10,70,4,4,1.0,1000,5,1,true,87
730,1637,4906,995,4906,6958.0,10,70,4,4,1.0,1000,5,1,true,87
730,1638,4909,995,4909,6958.0,10,70,4,4,1.0,1000,5,1,true,87
730,1639,4912,995,4912,6958.0,10,70,4,4,1.0,1000,5,1,true,87
730,1640,4915,995,4915,6958.0,10,70,4,4,1.0,1000,5,1,true,87
730,1641,4918,995,4918,6958.0,10,70,4,4,1.0,1000,5,1,true,87
730,1642,4921,995,4921,6958.0,10,70,4,4,1.0,1000,5,1,true,87
730,1643,4924,995,4924,6958.0,10,70,4,4,1.0,1000,5,1,true,87
730,1644,4927,995,4927,6958.0,10,70,4,4,1.0,1000,5,1,true,87
730,1645,4930,995,4930,6958.0,10,70,4,4,1.0,1000,5,1,true,87
730,1646,4933,995,4933,6958.0,10,70,4,4,1.0,1000,5,1,true,87
730,1647,4936,995,4936,6958.0,10,70,4,4,1.0,1000,5,1,true,87
730,1648,4939,995,4939,6958.0,10,70,4,4,1.0,1000,5,1,true,87
730,1649,4942,995,4942,6958.0,10,70,4,4,1.0,1000,5,1,true,87
730,1650,4945,995,4945,6958.0,10,70,4,4,1.0,1000,5,1,true,87
730,1651,4948,995,4948,6958.0,10,70,4,4,1.0,1000,5,1,true,87
730,1652,4951,995,4951,6958.0,10,70,4,4,1.0,1000,5,1,true,87
730,1653,4954,995,4954,6958.0,10,70,4,4,1.0,1000,5,1,true,87
730,1654,4957,995,4957,6958.0,10,70,4,4,1.0,1000,5,1,true,87
730,1655,4960,995,4960,6958.0,10,70,4,4,1.0,1000,5,1,true,87
730,1656,4963,995,4963,6958.0,10,70,4,4,1.0,1000,5,1,true,87
730,1657,4966,995,4966,6958.0,10,70,4,4,1.0,1000,5,1,true,87
730,1658,4969,995,4969,6958.0,10,70,4,4,1.0,1000,5,1,true,87
730,1659,4972,995,4972,6958.0,10,70,4,4,1.0,1000,5,1,true,87
730,1660,4975,995,4975,6958.0,10,70,4,4,1.0,1000,5,1,true,87
730,1661,4978,995,4978,6958.0,10,70,4,4,1.0,1000,5,1,true,87
730,1662,4981,995,4981,6958.0,10,70,4,4,1.0,1000,5,1,true,87
730,1663,4984,995,4984,6958.0,10,70,4,4,1.0,1000,5,1,true,87
730,1664,4987,995,4987,6958.0,10,70,4,4,1.0,1000,5,1,true,87
730,1665,4990,995,4990,6958.0,10,70,4,4,1.0,1000,5,1,true,87
730,1666,4993,995,4993,6958.0,10,70,4,4,1.0,1000,5,1,true,87
730,1667,4996,995,4996,6958.0,10,70,4,4,1.0,1000,5,1,true,87
730,1668,4999,995,4999,6958.0,10,70,4,4,1.0,1000,5,1,true,87
730,1669,5002,995,5002,6958.0,10,70,4,4,1.0,1000,5,1,true,87
730,1670,5005,995,5005,6958.0,10,70,4,4,1.0,1000,5,1,true,87
730,1671,5008,995,5008,6958.0,10,70,4,4,1.0,1000,5,1,true,87
730,1672,5011,995,5011,6958.0,10,70,4,4,1.0,1000,5,1,true,87
730,1673,5014,995,5014,6958.0,10,70,4,4,1.0,1000,5,1,true,87
730,1674,5017,995,5017,6958.0,10,70,4,4,1.0,1000,5,1,true,87
730,1675,5020,995,5020,6958.0,10,70,4,4,1.0,1000,5,1,true,87
730,1676,5023,995,5023,6958.0,10,70,4,4,1.0,1000,5,1,true,87
730,1677,5026,995,5026,6958.0,10,70,4,4,1.0,1000,5,1,true,87
730,1678,5029,995,5029,6958.0,10,70,4,4,1.0,1000,5,1,true,87
730,1679,5032,995,5032,6958.0,10,70,4,4,1.0,1000,5,1,true,87
730,1680,5035,995,5035,6958.0,10,70,4,4,1.0,1000,5,1,true,87
730,1681,5038,995,5038,6958.0,10,70,4,4,1.0,1000,5,1,true,87
730,1682,5041,995,5041,6958.0,10,70,4,4,1.0,1000,5,1,true,87
730,1683,5044,995,5044,6958.0,10,70,4,4,1.0,1000,5,1,true,87
730,1684,5047,995,5047,6958.0,10,70,4,4,1.0,1000,5,1,true,87
730,1685,5050,995,5050,6958.0,10,70,4,4,1.0,1000,5,1,true,87
730,1686,5053,995,5053,6958.0,10,70,4,4,1.0,1000,5,1,true,87
730,1687,5056,995,5056,6958.0,10,70,4,4,1.0,1000,5,1,true,87
730,1688,5059,995,5059,6958.0,10,70,4,4,1.0,1000,5,1,true,87
730,1689,5062,995,5062,6958.0,10,70,4,4,1.0,1000,5,1,true,87
730,1690,5065,995,5065,6958.0,10,70,4,4,1.0,1000,5,1,true,87
730,1691,5068,995,5068,6958.0,10,70,4,4,1.0,1000,5,1,true,87
730,1692,5071,995,5071,6958.0,10,70,4,4,1.0,1000,5,1,true,87
730,1693,5074,995,5074,6958.0,10,70,4,4,1.0,1000,5,1,true,87
730,1694,5077,995,5077,6958.0,10,70,4,4,1.0,1000,5,1,true,87
730,1695,5079,995,5079,6958.0,10,70,4,4,1.0,1000,5,1,true,87
730,1696,5083,995,5083,6958.0,10,70,4,4,1.0,1000,5,1,true,87
730,1698,5089,995,5089,6958.0,10,70,4,4,1.0,1000,5,1,true,87
730,1698,5089,995,5089,6958.0,10,70,4,4,1.0,1000,5,1,true,87
730,1699,5092,995,5092,6958.0,10,70,4,4,1.0,1000,5,1,true,87
730,1700,5095,995,5095,6958.0,10,70,4,4,1.0,1000,5,1,true,87
730,1701,5098,995,5098,6958.0,10,70,4,4,1.0,1000,5,1,true,87
730,1702,5101,995,5101,6958.0,10,70,4,4,1.0,1000,5,1,true,87
730,1703,5104,995,5104,6958.0,10,70,4,4,1.0,1000,5,1,true,87
730,1704,5107,995,5107,6958.0,10,70,4,4,1.0,1000,5,1,true,87
730,1705,5110,995,5110,6958.0,10,70,4,4,1.0,1000,5,1,true,87
730,1706,5113,995,5113,6958.0,10,70,4,4,1.0,1000,5,1,true,87
730,1707,5116,995,5116,6958.0,10,70,4,4,1.0,1000,5,1,true,87
730,1708,5119,995,5119,6958.0,10,70,4,4,1.0,1000,5,1,true,87
730,1709,5122,995,5122,6958.0,10,70,4,4,1.0,1000,5,1,true,87
730,1710,5125,995,5125,6958.0,10,70,4,4,1.0,1000,5,1,true,87
730,1711,5128,995,5128,6958.0,10,70,4,4,1.0,1000,5,1,true,87
730,1712,5131,995,5131,6958.0,10,70,4,4,1.0,1000,5,1,true,87
730,1713,5134,995,5134,6958.0,10,70,4,4,1.0,1000,5,1,true,87
730,1714,5137,995,5137,6958.0,10,70,4,4,1.0,1000,5,1,true,87
730,1715,5140,995,5140,6958.0,10,70,4,4,1.0,1000,5,1,true,87
730,1716,5143,995,5143,6958.0,10,70,4,4,1.0,1000,5,1,true,87
730,1717,5146,995,5146,6958.0,10,70,4,4,1.0,1000,5,1,true,87
730,1718,5149,995,5149,6958.0,10,70,4,4,1.0,1000,5,1,true,87
730,1719,5152,995,5152,6958.0,10,70,4,4,1.0,1000,5,1,true,87
730,1720,5155,995,5155,6958.0,10,70,4,4,1.0,1000,5,1,true,87
730,1721,5158,995,5158,6958.0,10,70,4,4,1.0,1000,5,1,true,87
730,1722,5161,995,5161,6958.0,10,70,4,4,1.0,1000,5,1,true,87
730,1723,5164,995,5164,6958.0,10,70,4,4,1.0,1000,5,1,true,87
730,1724,5167,995,5167,6958.0,10,70,4,4,1.0,1000,5,1,true,87
730,1725,5170,995,5170,6958.0,10,70,4,4,1.0,1000,5,1,true,87
730,1726,5173,995,5173,6958.0,10,70,4,4,1.0,1000,5,1,true,87
730,1727,5176,995,5176,6958.0,10,70,4,4,1.0,1000,5,1,true,87
730,1728,5179,995,5179,6958.0,10,70,4,4,1.0,1000,5,1,true,87
730,1729,5182,995,5182,6958.0,10,70,4,4,1.0,1000,5,1,true,87
730,1730,5185,995,5185,6958.0,10,70,4,4,1.0,1000,5,1,true,87
730,1731,5188,995,5188,6958.0,10,70,4,4,1.0,1000,5,1,true,87
730,1732,5191,995,5191,6958.0,10,70,4,4,1.0,1000,5,1,true,87
730,1733,5194,995,5194,6958.0,10,70,4,4,1.0,1000,5,1,true,87
730,1734,5197,995,5197,6958.0,10,70,4,4,1.0,1000,5,1,true,87
730,1735,5200,995,5200,6958.0,10,70,4,4,1.0,1000,5,1,true,87
730,1736,5203,995,5203,6958.0,10,70,4,4,1.0,1000,5,1,true,87
730,1737,5206,995,5206,6958.0,10,70,4,4,1.0,1000,5,1,true,87
730,1738,5209,995,5209,6958.0,10,70,4,4,1.0,1000,5,1,true,87
730,1739,5212,995,5212,6958.0,10,70,4,4,1.0,1000,5,1,true,87
730,1740,5215,995,5215,6958.0,10,70,4,4,1.0,1000,5,1,true,87
730,1741,5218,995,5218,6958.0,10,70,4,4,1.0,1000,5,1,true,87
730,1742,5221,995,5221,6958.0,10,70,4,4,1.0,1000,5,1,true,87
730,1743,5224,995,5224,6958.0,10,70,4,4,1.0,1000,5,1,true,87
730,1744,5227,995,5227,6958.0,10,70,4,4,1.0,1000,5,1,true,87
730,1745,5230,995,5230,6958.0,10,70,4,4,1.0,1000,5,1,true,87
730,1747,5236,995,5236,6958.0,10,70,4,4,1.0,1000,5,1,true,87
730,1747,5236,995,5236,6958.0,10,70,4,4,1.0,1000,5,1,true,87
730,1748,5239,995,5239,6958.0,10,70,4,4,1.0,1000,5,1,true,87
730,1749,5242,995,5242,6958.0,10,70,4,4,1.0,1000,5,1,true,87
730,1750,5245,995,5245,6958.0,10,70,4,4,1.0,1000,5,1,true,87
730,1751,5248,995,5248,6958.0,10,70,4,4,1.0,1000,5,1,true,87
730,1752,5251,995,5251,6958.0,10,70,4,4,1.0,1000,5,1,true,87
730,1753,5254,995,5254,6958.0,10,70,4,4,1.0,1000,5,1,true,87
730,1754,5257,995,5257,6958.0,10,70,4,4,1.0,1000,5,1,true,87
730,1755,5260,995,5260,6958.0,10,70,4,4,1.0,1000,5,1,true,87
730,1756,5263,995,5263,6958.0,10,70,4,4,1.0,1000,5,1,true,87
730,1757,5266,995,5266,6958.0,10,70,4,4,1.0,1000,5,1,true,87
730,1758,5269,995,5269,6958.0,10,70,4,4,1.0,1000,5,1,true,87
730,1759,5272,995,5272,6958.0,10,70,4,4,1.0,1000,5,1,true,87
730,1760,5275,995,5275,6958.0,10,70,4,4,1.0,1000,5,1,true,87
730,1761,5278,995,5278,6958.0,10,70,4,4,1.0,1000,5,1,true,87
730,1762,5281,995,5281,6958.0,10,70,4,4,1.0,1000,5,1,true,87
730,1763,5284,995,5284,6958.0,10,70,4,4,1.0,1000,5,1,true,87
730,1764,5287,995,5287,6958.0,10,70,4,4,1.0,1000,5,1,true,87
730,1765,5290,995,5290,6958.0,10,70,4,4,1.0,1000,5,1,true,87
730,1766,5293,995,5293,6958.0,10,70,4,4,1.0,1000,5,1,true,87
730,1767,5296,995,5296,6958.0,10,70,4,4,1.0,1000,5,1,true,87
730,1768,5299,995,5299,6958.0,10,70,4,4,1.0,1000,5,1,true,87
730,1769,5302,995,5302,6958.0,10,70,4,4,1.0,1000,5,1,true,87
730,1770,5305,995,5305,6958.0,10,70,4,4,1.0,1000,5,1,true,87
730,1771,5308,995,5308,6958.0,10,70,4,4,1.0,1000,5,1,true,87
730,1772,5312,995,5312,6958.0,10,70,4,4,1.0,1000,5,1,true,87
730,1773,5315,995,5315,6958.0,10,70,4,4,1.0,1000,5,1,true,87
730,1774,5318,995,5318,6958.0,10,70,4,4,1.0,1000,5,1,true,87
730,1775,5321,995,5321,6958.0,10,70,4,4,1.0,1000,5,1,true,87
730,1776,5324,995,5324,6958.0,10,70,4,4,1.0,1000,5,1,true,87
730,1777,5327,995,5327,6958.0,10,70,4,4,1.0,1000,5,1,true,87
730,1778,5330,995,5330,6958.0,10,70,4,4,1.0,1000,5,1,true,87
730,1779,5333,996,5333,6965.0,10,70,4,4,1.0,1000,5,1,true,87
730,1780,5336,996,5336,6965.0,10,70,4,4,1.0,1000,5,1,true,87
730,1781,5339,996,5339,6965.0,10,70,4,4,1.0,1000,5,1,true,87
730,1782,5342,996,5342,6965.0,10,70,4,4,1.0,1000,5,1,true,87
730,1783,5345,996,5345,6965.0,10,70,4,4,1.0,1000,5,1,true,87
730,1784,5348,996,5348,6965.0,10,70,4,4,1.0,1000,5,1,true,87
730,1785,5351,996,5351,6965.0,10,70,4,4,1.0,1000,5,1,true,87
730,1786,5354,996,5354,6965.0,10,70,4,4,1.0,1000,5,1,true,87
730,1787,5357,996,5357,6965.0,10,70,4,4,1.0,1000,5,1,true,87
730,1788,5360,996,5360,6965.0,10,70,4,4,1.0,1000,5,1,true,87
730,1789,5363,996,5363,6965.0,10,70,4,4,1.0,1000,5,1,true,87
730,1790,5366,996,5366,6965.0,10,70,4,4,1.0,1000,5,1,true,87
730,1791,5369,996,5369,6965.0,10,70,4,4,1.0,1000,5,1,true,87
730,1792,5372,996,5372,6965.0,10,70,4,4,1.0,1000,5,1,true,87
730,1793,5375,996,5375,6965.0,10,70,4,4,1.0,1000,5,1,true,87
730,1794,5378,996,5378,6965.0,10,70,4,4,1.0,1000,5,1,true,87
730,1795,5381,996,5381,6965.0,10,70,4,4,1.0,1000,5,1,true,87
730,1796,5384,996,5384,6965.0,10,70,4,4,1.0,1000,5,1,true,87
730,1797,5387,996,5387,6965.0,10,70,4,4,1.0,1000,5,1,true,87
730,1798,5390,996,5390,6965.0,10,70,4,4,1.0,1000,5,1,true,87
730,1799,5393,996,5393,6965.0,10,70,4,4,1.0,1000,5,1,true,87
730,1800,5396,996,5396,6965.0,10,70,4,4,1.0,1000,5,1,true,87
730,1801,5399,996,5399,6965.0,10,70,4,4,1.0,1000,5,1,true,87
730,1802,5402,996,5402,6965.0,10,70,4,4,1.0,1000,5,1,true,87
730,1803,5405,996,5405,6965.0,10,70,4,4,1.0,1000,5,1,true,87
730,1804,5408,996,5408,6965.0,10,70,4,4,1.0,1000,5,1,true,87
730,1805,5411,996,5411,6965.0,10,70,4,4,1.0,1000,5,1,true,87
730,1806,5414,996,5414,6965.0,10,70,4,4,1.0,1000,5,1,true,87
730,1807,5417,996,5417,6965.0,10,70,4,4,1.0,1000,5,1,true,87
730,1808,5420,996,5420,6965.0,10,70,4,4,1.0,1000,5,1,true,87
730,1809,5422,996,5422,6965.0,10,70,4,4,1.0,1000,5,1,true,87
730,1810,5425,996,5425,6965.0,10,70,4,4,1.0,1000,5,1,true,87
730,1811,5428,996,5428,6965.0,10,70,4,4,1.0,1000,5,1,true,87
730,1812,5431,996,5431,6965.0,10,70,4,4,1.0,1000,5,1,true,87
730,1813,5434,996,5434,6965.0,10,70,4,4,1.0,1000,5,1,true,87
730,1814,5437,996,5437,6965.0,10,70,4,4,1.0,1000,5,1,true,87
730,1815,5440,996,5440,6965.0,10,70,4,4,1.0,1000,5,1,true,87
730,1816,5443,996,5443,6965.0,10,70,4,4,1.0,1000,5,1,true,87
730,1817,5446,996,5446,6965.0,10,70,4,4,1.0,1000,5,1,true,87
730,1818,5449,996,5449,6965.0,10,70,4,4,1.0,1000,5,1,true,87
730,1819,5452,996,5452,6965.0,10,70,4,4,1.0,1000,5,1,true,87
730,1820,5455,996,5455,6965.0,10,70,4,4,1.0,1000,5,1,true,87
730,1821,5458,996,5458,6965.0,10,70,4,4,1.0,1000,5,1,true,87
730,1822,5461,996,5461,6965.0,10,70,4,4,1.0,1000,5,1,true,87
730,1823,5464,996,5464,6965.0,10,70,4,4,1.0,1000,5,1,true,87
730,1824,5467,996,5467,6965.0,10,70,4,4,1.0,1000,5,1,true,87
730,1825,5470,996,5470,6965.0,10,70,4,4,1.0,1000,5,1,true,87
730,1826,5473,996,5473,6965.0,10,70,4,4,1.0,1000,5,1,true,87
730,1827,5476,996,5476,6965.0,10,70,4,4,1.0,1000,5,1,true,87
730,1828,5479,996,5479,6965.0,10,70,4,4,1.0,1000,5,1,true,87
730,1829,5482,996,5482,6965.0,10,70,4,4,1.0,1000,5,1,true,87
730,1830,5485,996,5485,6965.0,10,70,4,4,1.0,1000,5,1,true,87
730,1831,5488,996,5488,6965.0,10,70,4,4,1.0,1000,5,1,true,87
730,1832,5491,996,5491,6965.0,10,70,4,4,1.0,1000,5,1,true,87
730,1833,5494,996,5494,6965.0,10,70,4,4,1.0,1000,5,1,true,87
730,1834,5497,996,5497,6965.0,10,70,4,4,1.0,1000,5,1,true,87
730,1835,5500,996,5500,6965.0,10,70,4,4,1.0,1000,5,1,true,87
730,1836,5503,996,5503,6965.0,10,70,4,4,1.0,1000,5,1,true,87
730,1837,5506,996,5506,6965.0,10,70,4,4,1.0,1000,5,1,true,87
730,1838,5509,996,5509,6965.0,10,70,4,4,1.0,1000,5,1,true,87
730,1839,5512,996,5512,6965.0,10,70,4,4,1.0,1000,5,1,true,87
730,1840,5515,996,5515,6965.0,10,70,4,4,1.0,1000,5,1,true,87
730,1841,5518,996,5518,6965.0,10,70,4,4,1.0,1000,5,1,true,87
730,1842,5521,996,5521,6965.0,10,70,4,4,1.0,1000,5,1,true,87
730,1843,5524,996,5524,6965.0,10,70,4,4,1.0,1000,5,1,true,87
730,1844,5527,996,5527,6965.0,10,70,4,4,1.0,1000,5,1,true,87
730,1845,5530,996,5530,6965.0,10,70,4,4,1.0,1000,5,1,true,87
730,1846,5533,996,5533,6965.0,10,70,4,4,1.0,1000,5,1,true,87
730,1847,5536,996,5536,6965.0,10,70,4,4,1.0,1000,5,1,true,87
730,1848,5539,996,5539,6965.0,10,70,4,4,1.0,1000,5,1,true,87
730,1849,5542,996,5542,6965.0,10,70,4,4,1.0,1000,5,1,true,87
730,1850,5545,996,5545,6965.0,10,70,4,4,1.0,1000,5,1,true,87
730,1851,5548,996,5548,6965.0,10,70,4,4,1.0,1000,5,1,true,87
730,1852,5551,996,5551,6965.0,10,70,4,4,1.0,1000,5,1,true,87
730,1853,5554,996,5554,6965.0,10,70,4,4,1.0,1000,5,1,true,87
730,1854,5557,996,5557,6965.0,10,70,4,4,1.0,1000,5,1,true,87
730,1855,5560,996,5560,6965.0,10,70,4,4,1.0,1000,5,1,true,87
730,1856,5563,996,5563,6965.0,10,70,4,4,1.0,1000,5,1,true,87
730,1857,5566,996,5566,6965.0,10,70,4,4,1.0,1000,5,1,true,87
730,1858,5569,996,5569,6965.0,10,70,4,4,1.0,1000,5,1,true,87
730,1859,5572,996,5572,6965.0,10,70,4,4,1.0,1000,5,1,true,87
730,1860,5575,996,5575,6965.0,10,70,4,4,1.0,1000,5,1,true,87
730,1861,5578,996,5578,6965.0,10,70,4,4,1.0,1000,5,1,true,87
730,1862,5581,996,5581,6965.0,10,70,4,4,1.0,1000,5,1,true,87
730,1863,5584,996,5584,6965.0,10,70,4,4,1.0,1000,5,1,true,87
730,1864,5587,996,5587,6965.0,10,70,4,4,1.0,1000,5,1,true,87
730,1865,5590,996,5590,6965.0,10,70,4,4,1.0,1000,5,1,true,87
730,1866,5593,996,5593,6965.0,10,70,4,4,1.0,1000,5,1,true,87
730,1867,5596,996,5596,6965.0,10,70,4,4,1.0,1000,5,1,true,87
730,1868,5599,996,5599,6965.0,10,70,4,4,1.0,1000,5,1,true,87
730,1869,5602,996,5602,6965.0,10,70,4,4,1.0,1000,5,1,true,87
730,1870,5605,996,5605,6965.0,10,70,4,4,1.0,1000,5,1,true,87
730,1871,5608,996,5608,6965.0,10,70,4,4,1.0,1000,5,1,true,87
730,1872,5611,996,5611,6965.0,10,70,4,4,1.0,1000,5,1,true,87
730,1873,5614,996,5614,6965.0,10,70,4,4,1.0,1000,5,1,true,87
730,1874,5617,996,5617,6965.0,10,70,4,4,1.0,1000,5,1,true,87
730,1875,5620,996,5620,6965.0,10,70,4,4,1.0,1000,5,1,true,87
730,1876,5623,996,5623,6965.0,10,70,4,4,1.0,1000,5,1,true,87
730,1877,5626,996,5626,6965.0,10,70,4,4,1.0,1000,5,1,true,87
730,1878,5629,996,5629,6965.0,10,70,4,4,1.0,1000,5,1,true,87
730,1879,5632,996,5632,6965.0,10,70,4,4,1.0,1000,5,1,true,87
730,1880,5635,996,5635,6965.0,10,70,4,4,1.0,1000,5,1,true,87
730,1881,5638,996,5638,6965.0,10,70,4,4,1.0,1000,5,1,true,87
730,1882,5641,996,5641,6965.0,10,70,4,4,1.0,1000,5,1,true,87
730,1883,5644,996,5644,6965.0,10,70,4,4,1.0,1000,5,1,true,87
730,1884,5647,996,5647,6965.0,10,70,4,4,1.0,1000,5,1,true,87
730,1885,5650,996,5650,6965.0,10,70,4,4,1.0,1000,5,1,true,87
730,1886,5653,996,5653,6965.0,10,70,4,4,1.0,1000,5,1,true,87
730,1887,5656,996,5656,6965.0,10,70,4,4,1.0,1000,5,1,true,87
730,1888,5659,996,5659,6965.0,10,70,4,4,1.0,1000,5,1,true,87
730,1889,5662,997,5662,6972.0,10,70,4,4,1.0,1000,5,1,true,87
730,1890,5665,997,5665,6972.0,10,70,4,4,1.0,1000,5,1,true,87
730,1891,5668,997,5668,6972.0,10,70,4,4,1.0,1000,5,1,true,87
730,1893,5674,997,5674,6972.0,10,70,4,4,1.0,1000,5,1,true,87
730,1893,5674,997,5674,6972.0,10,70,4,4,1.0,1000,5,1,true,87
730,1894,5677,997,5677,6972.0,10,70,4,4,1.0,1000,5,1,true,87
730,1895,5680,997,5680,6972.0,10,70,4,4,1.0,1000,5,1,true,87
730,1896,5683,997,5683,6972.0,10,70,4,4,1.0,1000,5,1,true,87
730,1897,5686,997,5686,6972.0,10,70,4,4,1.0,1000,5,1,true,87
730,1898,5689,997,5689,6972.0,10,70,4,4,1.0,1000,5,1,true,87
730,1899,5692,997,5692,6972.0,10,70,4,4,1.0,1000,5,1,true,87
730,1900,5695,997,5695,6972.0,10,70,4,4,1.0,1000,5,1,true,87
730,1901,5698,997,5698,6972.0,10,70,4,4,1.0,1000,5,1,true,87
730,1902,5701,997,5701,6972.0,10,70,4,4,1.0,1000,5,1,true,87
730,1903,5704,997,5704,6972.0,10,70,4,4,1.0,1000,5,1,true,87
730,1904,5707,997,5707,6972.0,10,70,4,4,1.0,1000,5,1,true,87
730,1905,5710,997,5710,6972.0,10,70,4,4,1.0,1000,5,1,true,87
730,1906,5713,997,5713,6972.0,10,70,4,4,1.0,1000,5,1,true,87
730,1907,5716,997,5716,6972.0,10,70,4,4,1.0,1000,5,1,true,87
730,1908,5719,997,5719,6972.0,10,70,4,4,1.0,1000,5,1,true,87
730,1909,5722,997,5722,6972.0,10,70,4,4,1.0,1000,5,1,true,87
730,1910,5725,997,5725,6972.0,10,70,4,4,1.0,1000,5,1,true,87
730,1911,5728,997,5728,6972.0,10,70,4,4,1.0,1000,5,1,true,87
730,1912,5731,997,5731,6972.0,10,70,4,4,1.0,1000,5,1,true,87
730,1913,5734,997,5734,6972.0,10,70,4,4,1.0,1000,5,1,true,87
730,1914,5737,997,5737,6972.0,10,70,4,4,1.0,1000,5,1,true,87
730,1915,5740,997,5740,6972.0,10,70,4,4,1.0,1000,5,1,true,87
730,1916,5743,997,5743,6972.0,10,70,4,4,1.0,1000,5,1,true,87
730,1917,5746,997,5746,6972.0,10,70,4,4,1.0,1000,5,1,true,87
730,1918,5749,997,5749,6972.0,10,70,4,4,1.0,1000,5,1,true,87
730,1919,5752,997,5752,6972.0,10,70,4,4,1.0,1000,5,1,true,87
730,1920,5755,997,5755,6972.0,10,70,4,4,1.0,1000,5,1,true,87
730,1921,5758,997,5758,6972.0,10,70,4,4,1.0,1000,5,1,true,87
730,1922,5761,997,5761,6972.0,10,70,4,4,1.0,1000,5,1,true,87
730,1923,5764,997,5764,6972.0,10,70,4,4,1.0,1000,5,1,true,87
730,1924,5767,997,5767,6972.0,10,70,4,4,1.0,1000,5,1,true,87
730,1925,5770,997,5770,6972.0,10,70,4,4,1.0,1000,5,1,true,87
730,1926,5773,997,5773,6972.0,10,70,4,4,1.0,1000,5,1,true,87
730,1927,5776,997,5776,6972.0,10,70,4,4,1.0,1000,5,1,true,87
730,1928,5779,997,5779,6972.0,10,70,4,4,1.0,1000,5,1,true,87
730,1929,5782,997,5782,6972.0,10,70,4,4,1.0,1000,5,1,true,87
730,1930,5785,997,5785,6972.0,10,70,4,4,1.0,1000,5,1,true,87
730,1931,5788,997,5788,6972.0,10,70,4,4,1.0,1000,5,1,true,87
730,1932,5791,997,5791,6972.0,10,70,4,4,1.0,1000,5,1,true,87
730,1933,5794,997,5794,6972.0,10,70,4,4,1.0,1000,5,1,true,87
730,1934,5797,997,5797,6972.0,10,70,4,4,1.0,1000,5,1,true,87
730,1935,5800,997,5800,6972.0,10,70,4,4,1.0,1000,5,1,true,87
730,1936,5803,997,5803,6972.0,10,70,4,4,1.0,1000,5,1,true,87
730,1937,5806,997,5806,6972.0,10,70,4,4,1.0,1000,5,1,true,87
730,1938,5809,997,5809,6972.0,10,70,4,4,1.0,1000,5,1,true,87
730,1939,5812,997,5812,6972.0,10,70,4,4,1.0,1000,5,1,true,87
730,1940,5815,997,5815,6972.0,10,70,4,4,1.0,1000,5,1,true,87
730,1941,5818,997,5818,6972.0,10,70,4,4,1.0,1000,5,1,true,87
730,1942,5821,997,5821,6972.0,10,70,4,4,1.0,1000,5,1,true,87
730,1943,5824,997,5824,6972.0,10,70,4,4,1.0,1000,5,1,true,87
730,1944,5827,997,5827,6972.0,10,70,4,4,1.0,1000,5,1,true,87
730,1945,5830,997,5830,6972.0,10,70,4,4,1.0,1000,5,1,true,87
730,1946,5833,997,5833,6972.0,10,70,4,4,1.0,1000,5,1,true,87
730,1947,5836,997,5836,6972.0,10,70,4,4,1.0,1000,5,1,true,87
730,1948,5839,997,5839,6972.0,10,70,4,4,1.0,1000,5,1,true,87
730,1949,5842,997,5842,6972.0,10,70,4,4,1.0,1000,5,1,true,87
730,1950,5845,997,5845,6972.0,10,70,4,4,1.0,1000,5,1,true,87
730,1951,5848,997,5848,6972.0,10,70,4,4,1.0,1000,5,1,true,87
730,1952,5851,997,5851,6972.0,10,70,4,4,1.0,1000,5,1,true,87
730,1953,5854,997,5854,6972.0,10,70,4,4,1.0,1000,5,1,true,87
730,1954,5857,997,5857,6972.0,10,70,4,4,1.0,1000,5,1,true,87
730,1955,5860,997,5860,6972.0,10,70,4,4,1.0,1000,5,1,true,87
730,1956,5863,997,5863,6972.0,10,70,4,4,1.0,1000,5,1,true,87
730,1958,5869,997,5869,6972.0,10,70,4,4,1.0,1000,5,1,true,87
730,1958,5869,997,5869,6972.0,10,70,4,4,1.0,1000,5,1,true,87
730,1959,5872,997,5872,6972.0,10,70,4,4,1.0,1000,5,1,true,87
730,1960,5875,997,5875,6972.0,10,70,4,4,1.0,1000,5,1,true,87
730,1961,5878,997,5878,6972.0,10,70,4,4,1.0,1000,5,1,true,87
730,1962,5881,997,5881,6972.0,10,70,4,4,1.0,1000,5,1,true,87
730,1963,5884,997,5884,6972.0,10,70,4,4,1.0,1000,5,1,true,87
730,1964,5887,997,5887,6972.0,10,70,4,4,1.0,1000,5,1,true,87
730,1965,5890,997,5890,6972.0,10,70,4,4,1.0,1000,5,1,true,87
730,1966,5893,997,5893,6972.0,10,70,4,4,1.0,1000,5,1,true,87
730,1967,5896,997,5896,6972.0,10,70,4,4,1.0,1000,5,1,true,87
730,1968,5899,997,5899,6972.0,10,70,4,4,1.0,1000,5,1,true,87
730,1969,5902,997,5902,6972.0,10,70,4,4,1.0,1000,5,1,true,87
730,1970,5905,997,5905,6972.0,10,70,4,4,1.0,1000,5,1,true,87
730,1971,5908,997,5908,6972.0,10,70,4,4,1.0,1000,5,1,true,87
730,1972,5911,997,5911,6972.0,10,70,4,4,1.0,1000,5,1,true,87
730,1973,5914,997,5914,6972.0,10,70,4,4,1.0,1000,5,1,true,87
730,1974,5917,997,5917,6972.0,10,70,4,4,1.0,1000,5,1,true,87
730,1975,5920,997,5920,6972.0,10,70,4,4,1.0,1000,5,1,true,87
730,1976,5923,997,5923,6972.0,10,70,4,4,1.0,1000,5,1,true,87
730,1977,5926,997,5926,6972.0,10,70,4,4,1.0,1000,5,1,true,87
730,1978,5929,997,5929,6972.0,10,70,4,4,1.0,1000,5,1,true,87
730,1979,5932,997,5932,6972.0,10,70,4,4,1.0,1000,5,1,true,87
730,1980,5935,997,5935,6972.0,10,70,4,4,1.0,1000,5,1,true,87
730,1981,5938,997,5938,6972.0,10,70,4,4,1.0,1000,5,1,true,87
730,1982,5941,997,5941,6972.0,10,70,4,4,1.0,1000,5,1,true,87
730,1983,5944,997,5944,6972.0,10,70,4,4,1.0,1000,5,1,true,87
730,1984,5947,997,5947,6972.0,10,70,4,4,1.0,1000,5,1,true,87
730,1985,5950,997,5950,6972.0,10,70,4,4,1.0,1000,5,1,true,87
730,1986,5953,997,5953,6972.0,10,70,4,4,1.0,1000,5,1,true,87
730,1987,5956,997,5956,6972.0,10,70,4,4,1.0,1000,5,1,true,87
730,1988,5959,997,5959,6972.0,10,70,4,4,1.0,1000,5,1,true,87
730,1989,5962,997,5962,6972.0,10,70,4,4,1.0,1000,5,1,true,87
730,1990,5965,997,5965,6972.0,10,70,4,4,1.0,1000,5,1,true,87
730,1991,5968,997,5968,6972.0,10,70,4,4,1.0,1000,5,1,true,87
730,1992,5970,997,5970,6972.0,10,70,4,4,1.0,1000,5,1,true,87
730,1993,5973,997,5973,6972.0,10,70,4,4,1.0,1000,5,1,true,87
730,1994,5976,997,5976,6972.0,10,70,4,4,1.0,1000,5,1,true,87
730,1995,5979,997,5979,6972.0,10,70,4,4,1.0,1000,5,1,true,87
730,1996,5982,997,5982,6972.0,10,70,4,4,1.0,1000,5,1,true,87
730,1997,5985,997,5985,6972.0,10,70,4,4,1.0,1000,5,1,true,87
730,1998,5988,997,5988,6972.0,10,70,4,4,1.0,1000,5,1,true,87
730,1999,5991,997,5991,6972.0,10,70,4,4,1.0,1000,5,1,true,87
730,2000,5994,997,5994,6972.0,10,70,4,4,1.0,1000,5,1,true,87
730,2001,5997,997,5997,6972.0,10,70,4,4,1.0,1000,5,1,true,87
730,2002,6000,997,6000,6972.0,10,70,4,4,1.0,1000,5,1,true,87
730,2003,6003,997,6003,6972.0,10,70,4,4,1.0,1000,5,1,true,87
730,2004,6006,997,6006,6972.0,10,70,4,4,1.0,1000,5,1,true,87
730,2006,6012,997,6012,6972.0,10,70,4,4,1.0,1000,5,1,true,87
730,2006,6012,997,6012,6972.0,10,70,4,4,1.0,1000,5,1,true,87
730,2007,6015,997,6015,6972.0,10,70,4,4,1.0,1000,5,1,true,87
730,2008,6018,997,6018,6972.0,10,70,4,4,1.0,1000,5,1,true,87
730,2009,6021,997,6021,6972.0,10,70,4,4,1.0,1000,5,1,true,87
730,2010,6024,997,6024,6972.0,10,70,4,4,1.0,1000,5,1,true,87
730,2011,6027,997,6027,6972.0,10,70,4,4,1.0,1000,5,1,true,87
730,2012,6030,997,6030,6972.0,10,70,4,4,1.0,1000,5,1,true,87
730,2013,6033,997,6033,6972.0,10,70,4,4,1.0,1000,5,1,true,87
730,2014,6036,997,6036,6972.0,10,70,4,4,1.0,1000,5,1,true,87
730,2015,6039,997,6039,6972.0,10,70,4,4,1.0,1000,5,1,true,87
730,2016,6042,997,6042,6972.0,10,70,4,4,1.0,1000,5,1,true,87
730,2017,6045,997,6045,6972.0,10,70,4,4,1.0,1000,5,1,true,87
730,2018,6048,997,6048,6972.0,10,70,4,4,1.0,1000,5,1,true,87
730,2019,6051,997,6051,6972.0,10,70,4,4,1.0,1000,5,1,true,87
730,2020,6054,997,6054,6972.0,10,70,4,4,1.0,1000,5,1,true,87
730,2021,6057,997,6057,6972.0,10,70,4,4,1.0,1000,5,1,true,87
730,2022,6060,997,6060,6972.0,10,70,4,4,1.0,1000,5,1,true,87
730,2023,6063,997,6063,6972.0,10,70,4,4,1.0,1000,5,1,true,87
730,2024,6066,997,6066,6972.0,10,70,4,4,1.0,1000,5,1,true,87
730,2025,6069,997,6069,6972.0,10,70,4,4,1.0,1000,5,1,true,87
730,2026,6071,997,6071,6972.0,10,70,4,4,1.0,1000,5,1,true,87
730,2027,6074,997,6074,6972.0,10,70,4,4,1.0,1000,5,1,true,87
730,2028,6077,997,6077,6972.0,10,70,4,4,1.0,1000,5,1,true,87
730,2029,6080,997,6080,6972.0,10,70,4,4,1.0,1000,5,1,true,87
730,2030,6083,997,6083,6972.0,10,70,4,4,1.0,1000,5,1,true,87
730,2031,6086,997,6086,6972.0,10,70,4,4,1.0,1000,5,1,true,87
730,2032,6089,997,6089,6972.0,10,70,4,4,1.0,1000,5,1,true,87
730,2033,6092,997,6092,6972.0,10,70,4,4,1.0,1000,5,1,true,87
730,2034,6095,997,6095,6972.0,10,70,4,4,1.0,1000,5,1,true,87
730,2035,6098,997,6098,6972.0,10,70,4,4,1.0,1000,5,1,true,87
730,2036,6101,997,6101,6972.0,10,70,4,4,1.0,1000,5,1,true,87
730,2037,6104,997,6104,6972.0,10,70,4,4,1.0,1000,5,1,true,87
730,2038,6107,997,6107,6972.0,10,70,4,4,1.0,1000,5,1,true,87
730,2039,6110,997,6110,6972.0,10,70,4,4,1.0,1000,5,1,true,87
730,2040,6113,997,6113,6972.0,10,70,4,4,1.0,1000,5,1,true,87
730,2042,6119,997,6119,6972.0,10,70,4,4,1.0,1000,5,1,true,87
730,2042,6119,997,6119,6972.0,10,70,4,4,1.0,1000,5,1,true,87
730,2043,6122,997,6122,6972.0,10,70,4,4,1.0,1000,5,1,true,87
730,2044,6125,997,6125,6972.0,10,70,4,4,1.0,1000,5,1,true,87
730,2045,6128,997,6128,6972.0,10,70,4,4,1.0,1000,5,1,true,87
730,2046,6131,997,6131,6972.0,10,70,4,4,1.0,1000,5,1,true,87
730,2047,6134,997,6134,6972.0,10,70,4,4,1.0,1000,5,1,true,87
730,2048,6137,997,6137,6972.0,10,70,4,4,1.0,1000,5,1,true,87
730,2049,6140,997,6140,6972.0,10,70,4,4,1.0,1000,5,1,true,87
730,2050,6143,997,6143,6972.0,10,70,4,4,1.0,1000,5,1,true,87
730,2051,6146,997,6146,6972.0,10,70,4,4,1.0,1000,5,1,true,87
730,2052,6149,997,6149,6972.0,10,70,4,4,1.0,1000,5,1,true,87
730,2053,6152,997,6152,6972.0,10,70,4,4,1.0,1000,5,1,true,87
730,2054,6155,997,6155,6972.0,10,70,4,4,1.0,1000,5,1,true,87
730,2055,6158,997,6158,6972.0,10,70,4,4,1.0,1000,5,1,true,87
730,2056,6161,997,6161,6972.0,10,70,4,4,1.0,1000,5,1,true,87
730,2057,6164,998,6164,6979.0,10,70,4,4,1.0,1000,5,1,true,87
730,2058,6167,998,6167,6979.0,10,70,4,4,1.0,1000,5,1,true,87
730,2059,6170,998,6170,6979.0,10,70,4,4,1.0,1000,5,1,true,87
730,2060,6173,998,6173,6979.0,10,70,4,4,1.0,1000,5,1,true,87
730,2061,6176,998,6176,6979.0,10,70,4,4,1.0,1000,5,1,true,87
730,2062,6179,998,6179,6979.0,10,70,4,4,1.0,1000,5,1,true,87
730,2063,6182,998,6182,6979.0,10,70,4,4,1.0,1000,5,1,true,87
730,2064,6185,998,6185,6979.0,10,70,4,4,1.0,1000,5,1,true,87
730,2065,6188,998,6188,6979.0,10,70,4,4,1.0,1000,5,1,true,87
730,2066,6191,998,6191,6979.0,10,70,4,4,1.0,1000,5,1,true,87
730,2067,6194,998,6194,6979.0,10,70,4,4,1.0,1000,5,1,true,87
730,2068,6197,998,6197,6979.0,10,70,4,4,1.0,1000,5,1,true,87
730,2069,6200,998,6200,6979.0,10,70,4,4,1.0,1000,5,1,true,87
730,2070,6203,998,6203,6979.0,10,70,4,4,1.0,1000,5,1,true,87
730,2071,6206,998,6206,6979.0,10,70,4,4,1.0,1000,5,1,true,87
730,2072,6209,998,6209,6979.0,10,70,4,4,1.0,1000,5,1,true,87
730,2073,6212,998,6212,6979.0,10,70,4,4,1.0,1000,5,1,true,87
730,2074,6215,998,6215,6979.0,10,70,4,4,1.0,1000,5,1,true,87
730,2075,6218,998,6218,6979.0,10,70,4,4,1.0,1000,5,1,true,87
730,2076,6221,998,6221,6979.0,10,70,4,4,1.0,1000,5,1,true,87
730,2077,6224,998,6224,6979.0,10,70,4,4,1.0,1000,5,1,true,87
730,2078,6227,998,6227,6979.0,10,70,4,4,1.0,1000,5,1,true,87
730,2079,6230,998,6230,6979.0,10,70,4,4,1.0,1000,5,1,true,87
730,2080,6233,998,6233,6979.0,10,70,4,4,1.0,1000,5,1,true,87
730,2081,6236,998,6236,6979.0,10,70,4,4,1.0,1000,5,1,true,87
730,2082,6239,998,6239,6979.0,10,70,4,4,1.0,1000,5,1,true,87
730,2083,6242,998,6242,6979.0,10,70,4,4,1.0,1000,5,1,true,87
730,2084,6245,998,6245,6979.0,10,70,4,4,1.0,1000,5,1,true,87
730,2085,6248,998,6248,6979.0,10,70,4,4,1.0,1000,5,1,true,87
730,2086,6251,998,6251,6979.0,10,70,4,4,1.0,1000,5,1,true,87
730,2087,6254,998,6254,6979.0,10,70,4,4,1.0,1000,5,1,true,87
730,2088,6257,998,6257,6979.0,10,70,4,4,1.0,1000,5,1,true,87
730,2089,6260,998,6260,6979.0,10,70,4,4,1.0,1000,5,1,true,87
730,2090,6263,998,6263,6979.0,10,70,4,4,1.0,1000,5,1,true,87
730,2091,6266,998,6266,6979.0,10,70,4,4,1.0,1000,5,1,true,87
730,2092,6269,998,6269,6979.0,10,70,4,4,1.0,1000,5,1,true,87
730,2093,6272,998,6272,6979.0,10,70,4,4,1.0,1000,5,1,true,87
730,2094,6275,998,6275,6979.0,10,70,4,4,1.0,1000,5,1,true,87
730,2095,6278,998,6278,6979.0,10,70,4,4,1.0,1000,5,1,true,87
730,2096,6281,998,6281,6979.0,10,70,4,4,1.0,1000,5,1,true,87
730,2097,6284,998,6284,6979.0,10,70,4,4,1.0,1000,5,1,true,87
730,2098,6287,998,6287,6979.0,10,70,4,4,1.0,1000,5,1,true,87
730,2099,6290,998,6290,6979.0,10,70,4,4,1.0,1000,5,1,true,87
730,2100,6293,998,6293,6979.0,10,70,4,4,1.0,1000,5,1,true,87
730,2101,6296,998,6296,6979.0,10,70,4,4,1.0,1000,5,1,true,87
730,2102,6299,998,6299,6979.0,10,70,4,4,1.0,1000,5,1,true,87
730,2103,6302,998,6302,6979.0,10,70,4,4,1.0,1000,5,1,true,87
730,2104,6305,998,6305,6979.0,10,70,4,4,1.0,1000,5,1,true,87
730,2105,6308,998,6308,6979.0,10,70,4,4,1.0,1000,5,1,true,87
730,2106,6311,998,6311,6979.0,10,70,4,4,1.0,1000,5,1,true,87
730,2107,6314,998,6314,6979.0,10,70,4,4,1.0,1000,5,1,true,87
730,2108,6317,998,6317,6979.0,10,70,4,4,1.0,1000,5,1,true,87
730,2109,6320,998,6320,6979.0,10,70,4,4,1.0,1000,5,1,true,87
730,2110,6323,998,6323,6979.0,10,70,4,4,1.0,1000,5,1,true,87
730,2111,6326,998,6326,6979.0,10,70,4,4,1.0,1000,5,1,true,87
730,2112,6329,998,6329,6979.0,10,70,4,4,1.0,1000,5,1,true,87
730,2113,6332,998,6332,6979.0,10,70,4,4,1.0,1000,5,1,true,87
730,2114,6335,998,6335,6979.0,10,70,4,4,1.0,1000,5,1,true,87
730,2115,6338,998,6338,6979.0,10,70,4,4,1.0,1000,5,1,true,87
730,2116,6341,998,6341,6979.0,10,70,4,4,1.0,1000,5,1,true,87
730,2117,6344,998,6344,6979.0,10,70,4,4,1.0,1000,5,1,true,87
730,2118,6347,998,6347,6979.0,10,70,4,4,1.0,1000,5,1,true,87
730,2119,6350,998,6350,6979.0,10,70,4,4,1.0,1000,5,1,true,87
730,2120,6353,998,6353,6979.0,10,70,4,4,1.0,1000,5,1,true,87
730,2121,6356,998,6356,6979.0,10,70,4,4,1.0,1000,5,1,true,87
730,2122,6359,998,6359,6979.0,10,70,4,4,1.0,1000,5,1,true,87
730,2123,6362,998,6362,6979.0,10,70,4,4,1.0,1000,5,1,true,87
730,2124,6365,998,6365,6979.0,10,70,4,4,1.0,1000,5,1,true,87
730,2125,6368,998,6368,6979.0,10,70,4,4,1.0,1000,5,1,true,87
730,2126,6371,998,6371,6979.0,10,70,4,4,1.0,1000,5,1,true,87
730,2127,6374,998,6374,6979.0,10,70,4,4,1.0,1000,5,1,true,87
730,2128,6377,998,6377,6979.0,10,70,4,4,1.0,1000,5,1,true,87
730,2129,6380,998,6380,6979.0,10,70,4,4,1.0,1000,5,1,true,87
730,2130,6383,998,6383,6979.0,10,70,4,4,1.0,1000,5,1,true,87
730,2131,6386,998,6386,6979.0,10,70,4,4,1.0,1000,5,1,true,87
730,2132,6389,998,6389,6979.0,10,70,4,4,1.0,1000,5,1,true,87
730,2133,6392,998,6392,6979.0,10,70,4,4,1.0,1000,5,1,true,87
730,2134,6395,998,6395,6979.0,10,70,4,4,1.0,1000,5,1,true,87
730,2135,6398,998,6398,6979.0,10,70,4,4,1.0,1000,5,1,true,87
730,2136,6401,998,6401,6979.0,10,70,4,4,1.0,1000,5,1,true,87
730,2137,6403,998,6403,6979.0,10,70,4,4,1.0,1000,5,1,true,87
730,2138,6406,998,6406,6979.0,10,70,4,4,1.0,1000,5,1,true,87
730,2139,6409,998,6409,6979.0,10,70,4,4,1.0,1000,5,1,true,87
730,2140,6412,998,6412,6979.0,10,70,4,4,1.0,1000,5,1,true,87
730,2141,6415,998,6415,6979.0,10,70,4,4,1.0,1000,5,1,true,87
730,2142,6418,998,6418,6979.0,10,70,4,4,1.0,1000,5,1,true,87
730,2143,6421,998,6421,6979.0,10,70,4,4,1.0,1000,5,1,true,87
730,2144,6424,998,6424,6979.0,10,70,4,4,1.0,1000,5,1,true,87
730,2145,6427,998,6427,6979.0,10,70,4,4,1.0,1000,5,1,true,87
730,2146,6430,998,6430,6979.0,10,70,4,4,1.0,1000,5,1,true,87
730,2147,6433,998,6433,6979.0,10,70,4,4,1.0,1000,5,1,true,87
730,2148,6436,998,6436,6979.0,10,70,4,4,1.0,1000,5,1,true,87
730,2149,6439,998,6439,6979.0,10,70,4,4,1.0,1000,5,1,true,87
730,2150,6442,998,6442,6979.0,10,70,4,4,1.0,1000,5,1,true,87
730,2151,6445,998,6445,6979.0,10,70,4,4,1.0,1000,5,1,true,87
730,2152,6448,998,6448,6979.0,10,70,4,4,1.0,1000,5,1,true,87
730,2153,6451,998,6451,6979.0,10,70,4,4,1.0,1000,5,1,true,87
730,2154,6454,998,6454,6979.0,10,70,4,4,1.0,1000,5,1,true,87
730,2155,6457,998,6457,6979.0,10,70,4,4,1.0,1000,5,1,true,87
730,2156,6460,998,6460,6979.0,10,70,4,4,1.0,1000,5,1,true,87
730,2157,6463,998,6463,6979.0,10,70,4,4,1.0,1000,5,1,true,87
730,2158,6466,998,6466,6979.0,10,70,4,4,1.0,1000,5,1,true,87
730,2159,6469,998,6469,6979.0,10,70,4,4,1.0,1000,5,1,true,87
730,2160,6472,998,6472,6979.0,10,70,4,4,1.0,1000,5,1,true,87
730,2161,6475,998,6475,6979.0,10,70,4,4,1.0,1000,5,1,true,87
730,2162,6478,998,6478,6979.0,10,70,4,4,1.0,1000,5,1,true,87
730,2163,6481,998,6481,6979.0,10,70,4,4,1.0,1000,5,1,true,87
730,2164,6484,998,6484,6979.0,10,70,4,4,1.0,1000,5,1,true,87
730,2165,6487,998,6487,6979.0,10,70,4,4,1.0,1000,5,1,true,87
730,2166,6490,998,6490,6979.0,10,70,4,4,1.0,1000,5,1,true,87
730,2167,6493,998,6493,6979.0,10,70,4,4,1.0,1000,5,1,true,87
730,2168,6496,998,6496,6979.0,10,70,4,4,1.0,1000,5,1,true,87
730,2169,6499,998,6499,6979.0,10,70,4,4,1.0,1000,5,1,true,87
730,2170,6502,998,6502,6979.0,10,70,4,4,1.0,1000,5,1,true,87
730,2171,6505,998,6505,6979.0,10,70,4,4,1.0,1000,5,1,true,87
730,2172,6508,998,6508,6979.0,10,70,4,4,1.0,1000,5,1,true,87
730,2173,6510,998,6510,6979.0,10,70,4,4,1.0,1000,5,1,true,87
730,2174,6513,998,6513,6979.0,10,70,4,4,1.0,1000,5,1,true,87
730,2175,6516,998,6516,6979.0,10,70,4,4,1.0,1000,5,1,true,87
730,2176,6519,998,6519,6979.0,10,70,4,4,1.0,1000,5,1,true,87
730,2177,6522,998,6522,6979.0,10,70,4,4,1.0,1000,5,1,true,87
730,2178,6525,998,6525,6979.0,10,70,4,4,1.0,1000,5,1,true,87
730,2179,6528,998,6528,6979.0,10,70,4,4,1.0,1000,5,1,true,87
730,2180,6531,998,6531,6979.0,10,70,4,4,1.0,1000,5,1,true,87
730,2181,6534,998,6534,6979.0,10,70,4,4,1.0,1000,5,1,true,87
730,2182,6537,998,6537,6979.0,10,70,4,4,1.0,1000,5,1,true,87
730,2183,6540,998,6540,6979.0,10,70,4,4,1.0,1000,5,1,true,87
730,2184,6543,998,6543,6979.0,10,70,4,4,1.0,1000,5,1,true,87
730,2185,6546,998,6546,6979.0,10,70,4,4,1.0,1000,5,1,true,87
730,2186,6549,998,6549,6979.0,10,70,4,4,1.0,1000,5,1,true,87
730,2187,6552,998,6552,6979.0,10,70,4,4,1.0,1000,5,1,true,87
730,2188,6555,998,6555,6979.0,10,70,4,4,1.0,1000,5,1,true,87
730,2189,6558,998,6558,6979.0,10,70,4,4,1.0,1000,5,1,true,87
730,2190,6561,998,6561,6979.0,10,70,4,4,1.0,1000,5,1,true,87
730,2191,6564,998,6564,6979.0,10,70,4,4,1.0,1000,5,1,true,87
730,2192,6567,998,6567,6979.0,10,70,4,4,1.0,1000,5,1,true,87
730,2193,6570,998,6570,6979.0,10,70,4,4,1.0,1000,5,1,true,87
730,2194,6573,998,6573,6979.0,10,70,4,4,1.0,1000,5,1,true,87
730,2195,6576,998,6576,6979.0,10,70,4,4,1.0,1000,5,1,true,87
730,2196,6579,998,6579,6979.0,10,70,4,4,1.0,1000,5,1,true,87
730,2197,6582,998,6582,6979.0,10,70,4,4,1.0,1000,5,1,true,87
730,2198,6585,998,6585,6979.0,10,70,4,4,1.0,1000,5,1,true,87
730,2199,6588,998,6588,6979.0,10,70,4,4,1.0,1000,5,1,true,87
730,2200,6591,998,6591,6979.0,10,70,4,4,1.0,1000,5,1,true,87
730,2201,6594,998,6594,6979.0,10,70,4,4,1.0,1000,5,1,true,87
730,2202,6597,998,6597,6979.0,10,70,4,4,1.0,1000,5,1,true,87
730,2203,6600,998,6600,6979.0,10,70,4,4,1.0,1000,5,1,true,87
730,2204,6603,998,6603,6979.0,10,70,4,4,1.0,1000,5,1,true,87
730,2205,6606,998,6606,6979.0,10,70,4,4,1.0,1000,5,1,true,87
730,2206,6609,998,6609,6979.0,10,70,4,4,1.0,1000,5,1,true,87
730,2207,6612,998,6612,6979.0,10,70,4,4,1.0,1000,5,1,true,87
730,2208,6615,998,6615,6979.0,10,70,4,4,1.0,1000,5,1,true,87
730,2209,6618,998,6618,6979.0,10,70,4,4,1.0,1000,5,1,true,87
730,2210,6621,998,6621,6979.0,10,70,4,4,1.0,1000,5,1,true,87
730,2211,6624,998,6624,6979.0,10,70,4,4,1.0,1000,5,1,true,87
730,2212,6627,998,6627,6979.0,10,70,4,4,1.0,1000,5,1,true,87
730,2213,6630,999,6630,6986.0,10,70,4,4,1.0,1000,5,1,true,87
730,2214,6633,999,6633,6986.0,10,70,4,4,1.0,1000,5,1,true,87
730,2215,6636,999,6636,6986.0,10,70,4,4,1.0,1000,5,1,true,87
730,2216,6639,999,6639,6986.0,10,70,4,4,1.0,1000,5,1,true,87
730,2217,6642,999,6642,6986.0,10,70,4,4,1.0,1000,5,1,true,87
730,2218,6645,999,6645,6986.0,10,70,4,4,1.0,1000,5,1,true,87
730,2219,6648,999,6648,6986.0,10,70,4,4,1.0,1000,5,1,true,87
730,2220,6650,999,6650,6986.0,10,70,4,4,1.0,1000,5,1,true,87
730,2221,6653,999,6653,6986.0,10,70,4,4,1.0,1000,5,1,true,87
730,2222,6656,999,6656,6986.0,10,70,4,4,1.0,1000,5,1,true,87
730,2223,6659,999,6659,6986.0,10,70,4,4,1.0,1000,5,1,true,87
730,2224,6662,999,6662,6986.0,10,70,4,4,1.0,1000,5,1,true,87
730,2225,6665,999,6665,6986.0,10,70,4,4,1.0,1000,5,1,true,87
730,2226,6668,999,6668,6986.0,10,70,4,4,1.0,1000,5,1,true,87
730,2227,6671,999,6671,6986.0,10,70,4,4,1.0,1000,5,1,true,87
730,2228,6674,999,6674,6986.0,10,70,4,4,1.0,1000,5,1,true,87
730,2229,6677,999,6677,6986.0,10,70,4,4,1.0,1000,5,1,true,87
730,2230,6680,999,6680,6986.0,10,70,4,4,1.0,1000,5,1,true,87
730,2231,6683,999,6683,6986.0,10,70,4,4,1.0,1000,5,1,true,87
730,2232,6686,999,6686,6986.0,10,70,4,4,1.0,1000,5,1,true,87
730,2233,6689,999,6689,6986.0,10,70,4,4,1.0,1000,5,1,true,87
730,2234,6692,999,6692,6986.0,10,70,4,4,1.0,1000,5,1,true,87
730,2235,6695,999,6695,6986.0,10,70,4,4,1.0,1000,5,1,true,87
730,2236,6698,999,6698,6986.0,10,70,4,4,1.0,1000,5,1,true,87
730,2237,6701,999,6701,6986.0,10,70,4,4,1.0,1000,5,1,true,87
730,2238,6704,999,6704,6986.0,10,70,4,4,1.0,1000,5,1,true,87
730,2239,6707,999,6707,6986.0,10,70,4,4,1.0,1000,5,1,true,87
730,2240,6710,999,6710,6986.0,10,70,4,4,1.0,1000,5,1,true,87
730,2241,6713,999,6713,6986.0,10,70,4,4,1.0,1000,5,1,true,87
730,2242,6716,999,6716,6986.0,10,70,4,4,1.0,1000,5,1,true,87
730,2243,6718,999,6718,6986.0,10,70,4,4,1.0,1000,5,1,true,87
730,2244,6721,999,6721,6986.0,10,70,4,4,1.0,1000,5,1,true,87
730,2245,6724,999,6724,6986.0,10,70,4,4,1.0,1000,5,1,true,87
730,2246,6727,999,6727,6986.0,10,70,4,4,1.0,1000,5,1,true,87
730,2247,6730,999,6730,6986.0,10,70,4,4,1.0,1000,5,1,true,87
730,2248,6733,999,6733,6986.0,10,70,4,4,1.0,1000,5,1,true,87
730,2249,6736,999,6736,6986.0,10,70,4,4,1.0,1000,5,1,true,87
730,2250,6739,999,6739,6986.0,10,70,4,4,1.0,1000,5,1,true,87
730,2251,6742,999,6742,6986.0,10,70,4,4,1.0,1000,5,1,true,87
730,2252,6745,999,6745,6986.0,10,70,4,4,1.0,1000,5,1,true,87
730,2253,6748,999,6748,6986.0,10,70,4,4,1.0,1000,5,1,true,87
730,2254,6750,999,6750,6986.0,10,70,4,4,1.0,1000,5,1,true,87
730,2255,6753,999,6753,6986.0,10,70,4,4,1.0,1000,5,1,true,87
730,2256,6756,999,6756,6986.0,10,70,4,4,1.0,1000,5,1,true,87
730,2257,6759,999,6759,6986.0,10,70,4,4,1.0,1000,5,1,true,87
730,2258,6762,999,6762,6986.0,10,70,4,4,1.0,1000,5,1,true,87
730,2259,6765,999,6765,6986.0,10,70,4,4,1.0,1000,5,1,true,87
730,2260,6768,999,6768,6986.0,10,70,4,4,1.0,1000,5,1,true,87
730,2261,6771,999,6771,6986.0,10,70,4,4,1.0,1000,5,1,true,87
730,2262,6774,999,6774,6986.0,10,70,4,4,1.0,1000,5,1,true,87
730,2263,6777,999,6777,6986.0,10,70,4,4,1.0,1000,5,1,true,87
730,2264,6780,999,6780,6986.0,10,70,4,4,1.0,1000,5,1,true,87
730,2265,6783,999,6783,6986.0,10,70,4,4,1.0,1000,5,1,true,87
730,2266,6786,999,6786,6986.0,10,70,4,4,1.0,1000,5,1,true,87
730,2267,6789,999,6789,6986.0,10,70,4,4,1.0,1000,5,1,true,87
730,2268,6792,999,6792,6986.0,10,70,4,4,1.0,1000,5,1,true,87
730,2269,6795,999,6795,6986.0,10,70,4,4,1.0,1000,5,1,true,87
730,2270,6798,999,6798,6986.0,10,70,4,4,1.0,1000,5,1,true,87
730,2271,6801,999,6801,6986.0,10,70,4,4,1.0,1000,5,1,true,87
730,2272,6804,999,6804,6986.0,10,70,4,4,1.0,1000,5,1,true,87
730,2273,6807,999,6807,6986.0,10,70,4,4,1.0,1000,5,1,true,87
730,2274,6810,999,6810,6986.0,10,70,4,4,1.0,1000,5,1,true,87
730,2275,6813,999,6813,6986.0,10,70,4,4,1.0,1000,5,1,true,87
730,2276,6816,999,6816,6986.0,10,70,4,4,1.0,1000,5,1,true,87
730,2277,6819,999,6819,6986.0,10,70,4,4,1.0,1000,5,1,true,87
730,2278,6822,999,6822,6986.0,10,70,4,4,1.0,1000,5,1,true,87
730,2279,6825,999,6825,6986.0,10,70,4,4,1.0,1000,5,1,true,87
730,2280,6828,999,6828,6986.0,10,70,4,4,1.0,1000,5,1,true,87
730,2281,6831,999,6831,6986.0,10,70,4,4,1.0,1000,5,1,true,87
730,2282,6834,999,6834,6986.0,10,70,4,4,1.0,1000,5,1,true,87
730,2283,6837,999,6837,6986.0,10,70,4,4,1.0,1000,5,1,true,87
730,2284,6840,999,6840,6986.0,10,70,4,4,1.0,1000,5,1,true,87
730,2285,6844,999,6844,6986.0,10,70,4,4,1.0,1000,5,1,true,87
730,2286,6847,999,6847,6986.0,10,70,4,4,1.0,1000,5,1,true,87
730,2287,6850,999,6850,6986.0,10,70,4,4,1.0,1000,5,1,true,87
730,2288,6853,999,6853,6986.0,10,70,4,4,1.0,1000,5,1,true,87
730,2289,6856,999,6856,6986.0,10,70,4,4,1.0,1000,5,1,true,87
730,2290,6859,999,6859,6986.0,10,70,4,4,1.0,1000,5,1,true,87
730,2291,6862,999,6862,6986.0,10,70,4,4,1.0,1000,5,1,true,87
730,2292,6865,999,6865,6986.0,10,70,4,4,1.0,1000,5,1,true,87
730,2293,6868,999,6868,6986.0,10,70,4,4,1.0,1000,5,1,true,87
730,2294,6871,999,6871,6986.0,10,70,4,4,1.0,1000,5,1,true,87
730,2295,6874,999,6874,6986.0,10,70,4,4,1.0,1000,5,1,true,87
730,2296,6877,999,6877,6986.0,10,70,4,4,1.0,1000,5,1,true,87
730,2297,6879,999,6879,6986.0,10,70,4,4,1.0,1000,5,1,true,87
730,2298,6882,999,6882,6986.0,10,70,4,4,1.0,1000,5,1,true,87
730,2299,6885,999,6885,6986.0,10,70,4,4,1.0,1000,5,1,true,87
730,2300,6888,999,6888,6986.0,10,70,4,4,1.0,1000,5,1,true,87
730,2301,6891,999,6891,6986.0,10,70,4,4,1.0,1000,5,1,true,87
730,2302,6894,999,6894,6986.0,10,70,4,4,1.0,1000,5,1,true,87
730,2303,6897,999,6897,6986.0,10,70,4,4,1.0,1000,5,1,true,87
730,2304,6900,999,6900,6986.0,10,70,4,4,1.0,1000,5,1,true,87
730,2305,6903,999,6903,6986.0,10,70,4,4,1.0,1000,5,1,true,87
730,2306,6906,999,6906,6986.0,10,70,4,4,1.0,1000,5,1,true,87
730,2307,6909,999,6909,6986.0,10,70,4,4,1.0,1000,5,1,true,87
730,2308,6912,999,6912,6986.0,10,70,4,4,1.0,1000,5,1,true,87
730,2309,6915,999,6915,6986.0,10,70,4,4,1.0,1000,5,1,true,87
730,2310,6918,999,6918,6986.0,10,70,4,4,1.0,1000,5,1,true,87
730,2311,6921,999,6921,6986.0,10,70,4,4,1.0,1000,5,1,true,87
730,2312,6924,999,6924,6986.0,10,70,4,4,1.0,1000,5,1,true,87
730,2313,6927,999,6927,6986.0,10,70,4,4,1.0,1000,5,1,true,87
730,2314,6930,999,6930,6986.0,10,70,4,4,1.0,1000,5,1,true,87
730,2315,6933,999,6933,6986.0,10,70,4,4,1.0,1000,5,1,true,87
730,2316,6936,999,6936,6986.0,10,70,4,4,1.0,1000,5,1,true,87
730,2317,6939,999,6939,6986.0,10,70,4,4,1.0,1000,5,1,true,87
730,2318,6942,999,6942,6986.0,10,70,4,4,1.0,1000,5,1,true,87
730,2319,6945,999,6945,6986.0,10,70,4,4,1.0,1000,5,1,true,87
730,2320,6948,999,6948,6986.0,10,70,4,4,1.0,1000,5,1,true,87
730,2321,6951,999,6951,6986.0,10,70,4,4,1.0,1000,5,1,true,87
730,2322,6954,999,6954,6986.0,10,70,4,4,1.0,1000,5,1,true,87
730,2323,6957,999,6957,6986.0,10,70,4,4,1.0,1000,5,1,true,87
730,2324,6960,999,6960,6986.0,10,70,4,4,1.0,1000,5,1,true,87
730,2325,6963,999,6963,6986.0,10,70,4,4,1.0,1000,5,1,true,87
730,2326,6966,999,6966,6986.0,10,70,4,4,1.0,1000,5,1,true,87
730,2327,6969,999,6969,6986.0,10,70,4,4,1.0,1000,5,1,true,87
730,2328,6972,999,6972,6986.0,10,70,4,4,1.0,1000,5,1,true,87
730,2329,6975,999,6975,6986.0,10,70,4,4,1.0,1000,5,1,true,87
730,2330,6978,999,6978,6986.0,10,70,4,4,1.0,1000,5,1,true,87
730,2331,6981,999,6981,6986.0,10,70,4,4,1.0,1000,5,1,true,87
730,2332,6984,999,6984,6986.0,10,70,4,4,1.0,1000,5,1,true,87
730,2333,6987,999,6987,6986.0,10,70,4,4,1.0,1000,5,1,true,87
730,2334,6990,999,6990,6986.0,10,70,4,4,1.0,1000,5,1,true,87
730,2335,6993,999,6993,6986.0,10,70,4,4,1.0,1000,5,1,true,87
730,2336,6996,999,6996,6986.0,10,70,4,4,1.0,1000,5,1,true,87
730,2337,6999,999,6999,6986.0,10,70,4,4,1.0,1000,5,1,true,87
730,2338,7002,999,7002,6986.0,10,70,4,4,1.0,1000,5,1,true,87
730,2339,7005,999,7005,6986.0,10,70,4,4,1.0,1000,5,1,true,87
730,2340,7008,999,7008,6986.0,10,70,4,4,1.0,1000,5,1,true,87
730,2341,7011,999,7011,6986.0,10,70,4,4,1.0,1000,5,1,true,87
730,2342,7014,999,7014,6986.0,10,70,4,4,1.0,1000,5,1,true,87
730,2343,7017,999,7017,6986.0,10,70,4,4,1.0,1000,5,1,true,87
730,2344,7020,999,7020,6986.0,10,70,4,4,1.0,1000,5,1,true,87
730,2345,7023,999,7023,6986.0,10,70,4,4,1.0,1000,5,1,true,87
730,2346,7026,999,7026,6986.0,10,70,4,4,1.0,1000,5,1,true,87
730,2347,7029,999,7029,6986.0,10,70,4,4,1.0,1000,5,1,true,87
730,2348,7032,999,7032,6986.0,10,70,4,4,1.0,1000,5,1,true,87
730,2349,7035,999,7035,6986.0,10,70,4,4,1.0,1000,5,1,true,87
730,2350,7038,999,7038,6986.0,10,70,4,4,1.0,1000,5,1,true,87
730,2351,7041,999,7041,6986.0,10,70,4,4,1.0,1000,5,1,true,87
730,2352,7044,999,7044,6986.0,10,70,4,4,1.0,1000,5,1,true,87
730,2353,7047,999,7047,6986.0,10,70,4,4,1.0,1000,5,1,true,87
730,2354,7050,999,7050,6986.0,10,70,4,4,1.0,1000,5,1,true,87
730,2355,7053,999,7053,6986.0,10,70,4,4,1.0,1000,5,1,true,87
730,2356,7056,999,7056,6986.0,10,70,4,4,1.0,1000,5,1,true,87
730,2357,7059,999,7059,6986.0,10,70,4,4,1.0,1000,5,1,true,87
730,2358,7062,999,7062,6986.0,10,70,4,4,1.0,1000,5,1,true,87
730,2359,7065,999,7065,6986.0,10,70,4,4,1.0,1000,5,1,true,87
730,2360,7068,999,7068,6986.0,10,70,4,4,1.0,1000,5,1,true,87
730,2361,7071,999,7071,6986.0,10,70,4,4,1.0,1000,5,1,true,87
730,2362,7074,999,7074,6986.0,10,70,4,4,1.0,1000,5,1,true,87
730,2363,7077,999,7077,6986.0,10,70,4,4,1.0,1000,5,1,true,87
730,2364,7080,999,7080,6986.0,10,70,4,4,1.0,1000,5,1,true,87
730,2365,7083,999,7083,6986.0,10,70,4,4,1.0,1000,5,1,true,87
730,2366,7086,999,7086,6986.0,10,70,4,4,1.0,1000,5,1,true,87
730,2367,7089,999,7089,6986.0,10,70,4,4,1.0,1000,5,1,true,87
730,2368,7092,999,7092,6986.0,10,70,4,4,1.0,1000,5,1,true,87
730,2369,7095,999,7095,6986.0,10,70,4,4,1.0,1000,5,1,true,87
730,2370,7098,999,7098,6986.0,10,70,4,4,1.0,1000,5,1,true,87
730,2371,7101,999,7101,6986.0,10,70,4,4,1.0,1000,5,1,true,87
730,2372,7104,999,7104,6986.0,10,70,4,4,1.0,1000,5,1,true,87
730,2373,7107,999,7107,6986.0,10,70,4,4,1.0,1000,5,1,true,87
730,2374,7110,999,7110,6986.0,10,70,4,4,1.0,1000,5,1,true,87
730,2375,7113,999,7113,6986.0,10,70,4,4,1.0,1000,5,1,true,87
730,2376,7116,999,7116,6986.0,10,70,4,4,1.0,1000,5,1,true,87
730,2377,7119,999,7119,6986.0,10,70,4,4,1.0,1000,5,1,true,87
730,2378,7122,999,7122,6986.0,10,70,4,4,1.0,1000,5,1,true,87
730,2379,7125,999,7125,6986.0,10,70,4,4,1.0,1000,5,1,true,87
730,2380,7128,999,7128,6986.0,10,70,4,4,1.0,1000,5,1,true,87
730,2381,7131,999,7131,6986.0,10,70,4,4,1.0,1000,5,1,true,87
730,2382,7134,999,7134,6986.0,10,70,4,4,1.0,1000,5,1,true,87
730,2383,7137,999,7137,6986.0,10,70,4,4,1.0,1000,5,1,true,87
730,2384,7140,999,7140,6986.0,10,70,4,4,1.0,1000,5,1,true,87
730,2385,7143,999,7143,6986.0,10,70,4,4,1.0,1000,5,1,true,87
730,2386,7146,999,7146,6986.0,10,70,4,4,1.0,1000,5,1,true,87
730,2387,7149,999,7149,6986.0,10,70,4,4,1.0,1000,5,1,true,87
730,2388,7152,999,7152,6986.0,10,70,4,4,1.0,1000,5,1,true,87
730,2389,7155,999,7155,6986.0,10,70,4,4,1.0,1000,5,1,true,87
730,2390,7158,999,7158,6986.0,10,70,4,4,1.0,1000,5,1,true,87
730,2391,7161,999,7161,6986.0,10,70,4,4,1.0,1000,5,1,true,87
730,2392,7164,999,7164,6986.0,10,70,4,4,1.0,1000,5,1,true,87
730,2393,7167,999,7167,6986.0,10,70,4,4,1.0,1000,5,1,true,87
730,2394,7170,999,7170,6986.0,10,70,4,4,1.0,1000,5,1,true,87
730,2395,7173,999,7173,6986.0,10,70,4,4,1.0,1000,5,1,true,87
730,2396,7176,999,7176,6986.0,10,70,4,4,1.0,1000,5,1,true,87
730,2397,7179,999,7179,6986.0,10,70,4,4,1.0,1000,5,1,true,87
730,2398,7182,999,7182,6986.0,10,70,4,4,1.0,1000,5,1,true,87
730,2399,7185,999,7185,6986.0,10,70,4,4,1.0,1000,5,1,true,87
730,2400,7188,999,7188,6986.0,10,70,4,4,1.0,1000,5,1,true,87
730,2401,7191,999,7191,6986.0,10,70,4,4,1.0,1000,5,1,true,87
730,2402,7194,999,7194,6986.0,10,70,4,4,1.0,1000,5,1,true,87
730,2403,7197,999,7197,6986.0,10,70,4,4,1.0,1000,5,1,true,87
730,2404,7200,999,7200,6986.0,10,70,4,4,1.0,1000,5,1,true,87
730,2405,7203,999,7203,6986.0,10,70,4,4,1.0,1000,5,1,true,87
730,2406,7206,999,7206,6986.0,10,70,4,4,1.0,1000,5,1,true,87
730,2407,7209,999,7209,6986.0,10,70,4,4,1.0,1000,5,1,true,87
730,2408,7212,999,7212,6986.0,10,70,4,4,1.0,1000,5,1,true,87
730,2409,7215,999,7215,6986.0,10,70,4,4,1.0,1000,5,1,true,87
730,2410,7218,999,7218,6986.0,10,70,4,4,1.0,1000,5,1,true,87
730,2411,7221,999,7221,6986.0,10,70,4,4,1.0,1000,5,1,true,87
730,2412,7224,999,7224,6986.0,10,70,4,4,1.0,1000,5,1,true,87
730,2413,7227,999,7227,6986.0,10,70,4,4,1.0,1000,5,1,true,87
730,2415,7233,999,7233,6986.0,10,70,4,4,1.0,1000,5,1,true,87
730,2416,7236,999,7236,6986.0,10,70,4,4,1.0,1000,5,1,true,87
730,2416,7236,999,7236,6986.0,10,70,4,4,1.0,1000,5,1,true,87
730,2417,7239,999,7239,6986.0,10,70,4,4,1.0,1000,5,1,true,87
730,2418,7242,999,7242,6986.0,10,70,4,4,1.0,1000,5,1,true,87
730,2419,7245,999,7245,6986.0,10,70,4,4,1.0,1000,5,1,true,87
730,2420,7248,999,7248,6986.0,10,70,4,4,1.0,1000,5,1,true,87
730,2421,7251,999,7251,6986.0,10,70,4,4,1.0,1000,5,1,true,87
730,2422,7254,999,7254,6986.0,10,70,4,4,1.0,1000,5,1,true,87
730,2423,7257,999,7257,6986.0,10,70,4,4,1.0,1000,5,1,true,87
730,2424,7260,999,7260,6986.0,10,70,4,4,1.0,1000,5,1,true,87
730,2425,7263,999,7263,6986.0,10,70,4,4,1.0,1000,5,1,true,87
730,2426,7266,999,7266,6986.0,10,70,4,4,1.0,1000,5,1,true,87
730,2427,7269,999,7269,6986.0,10,70,4,4,1.0,1000,5,1,true,87
730,2428,7272,999,7272,6986.0,10,70,4,4,1.0,1000,5,1,true,87
730,2429,7275,999,7275,6986.0,10,70,4,4,1.0,1000,5,1,true,87
730,2430,7278,999,7278,6986.0,10,70,4,4,1.0,1000,5,1,true,87
730,2431,7281,999,7281,6986.0,10,70,4,4,1.0,1000,5,1,true,87
730,2432,7284,999,7284,6986.0,10,70,4,4,1.0,1000,5,1,true,87
730,2433,7287,999,7287,6986.0,10,70,4,4,1.0,1000,5,1,true,87
730,2434,7290,1000,7290,6993.0,10,70,4,4,1.0,1000,5,1,true,87
730,2435,7293,1000,7293,6993.0,10,70,4,4,1.0,1000,5,1,true,87
730,2436,7296,1000,7296,6993.0,10,70,4,4,1.0,1000,5,1,true,87
730,2437,7299,1000,7299,6993.0,10,70,4,4,1.0,1000,5,1,true,87
730,2438,7302,1000,7302,6993.0,10,70,4,4,1.0,1000,5,1,true,87
730,2439,7305,1000,7305,6993.0,10,70,4,4,1.0,1000,5,1,true,87
730,2440,7308,1000,7308,6993.0,10,70,4,4,1.0,1000,5,1,true,87
730,2441,7311,1000,7311,6993.0,10,70,4,4,1.0,1000,5,1,true,87
730,2442,7314,1000,7314,6993.0,10,70,4,4,1.0,1000,5,1,true,87
730,2443,7317,1000,7317,6993.0,10,70,4,4,1.0,1000,5,1,true,87
730,2444,7320,1000,7320,6993.0,10,70,4,4,1.0,1000,5,1,true,87
730,2445,7323,1000,7323,6993.0,10,70,4,4,1.0,1000,5,1,true,87
730,2446,7326,1000,7326,6993.0,10,70,4,4,1.0,1000,5,1,true,87
730,2447,7329,1000,7329,6993.0,10,70,4,4,1.0,1000,5,1,true,87
730,2448,7332,1000,7332,6993.0,10,70,4,4,1.0,1000,5,1,true,87
730,2449,7335,1000,7335,6993.0,10,70,4,4,1.0,1000,5,1,true,87
730,2450,7338,1000,7338,6993.0,10,70,4,4,1.0,1000,5,1,true,87
730,2451,7341,1000,7341,6993.0,10,70,4,4,1.0,1000,5,1,true,87
730,2452,7344,1000,7344,6993.0,10,70,4,4,1.0,1000,5,1,true,87
730,2453,7347,1000,7347,6993.0,10,70,4,4,1.0,1000,5,1,true,87
730,2454,7350,1000,7350,6993.0,10,70,4,4,1.0,1000,5,1,true,87
730,2455,7353,1000,7353,6993.0,10,70,4,4,1.0,1000,5,1,true,87
730,2456,7356,1000,7356,6993.0,10,70,4,4,1.0,1000,5,1,true,87
730,2457,7359,1000,7359,6993.0,10,70,4,4,1.0,1000,5,1,true,87
730,2458,7362,1000,7362,6993.0,10,70,4,4,1.0,1000,5,1,true,87
730,2459,7365,1000,7365,6993.0,10,70,4,4,1.0,1000,5,1,true,87
730,2460,7368,1000,7368,6993.0,10,70,4,4,1.0,1000,5,1,true,87
730,2461,7371,1000,7371,6993.0,10,70,4,4,1.0,1000,5,1,true,87
730,2462,7374,1000,7374,6993.0,10,70,4,4,1.0,1000,5,1,true,87
730,2463,7377,1000,7377,6993.0,10,70,4,4,1.0,1000,5,1,true,87
730,2464,7380,1000,7380,6993.0,10,70,4,4,1.0,1000,5,1,true,87
730,2465,7383,1000,7383,6993.0,10,70,4,4,1.0,1000,5,1,true,87
730,2466,7386,1000,7386,6993.0,10,70,4,4,1.0,1000,5,1,true,87
730,2467,7389,1000,7389,6993.0,10,70,4,4,1.0,1000,5,1,true,87
730,2468,7392,1000,7392,6993.0,10,70,4,4,1.0,1000,5,1,true,87
730,2469,7395,1000,7395,6993.0,10,70,4,4,1.0,1000,5,1,true,87
730,2470,7398,1000,7398,6993.0,10,70,4,4,1.0,1000,5,1,true,87
730,2471,7401,1000,7401,6993.0,10,70,4,4,1.0,1000,5,1,true,87
730,2472,7404,1000,7404,6993.0,10,70,4,4,1.0,1000,5,1,true,87
730,2473,7407,1000,7407,6993.0,10,70,4,4,1.0,1000,5,1,true,87
730,2474,7410,1000,7410,6993.0,10,70,4,4,1.0,1000,5,1,true,87
730,2475,7413,1000,7413,6993.0,10,70,4,4,1.0,1000,5,1,true,87
730,2476,7416,1000,7416,6993.0,10,70,4,4,1.0,1000,5,1,true,87
730,2477,7419,1000,7419,6993.0,10,70,4,4,1.0,1000,5,1,true,87
730,2478,7422,1000,7422,6993.0,10,70,4,4,1.0,1000,5,1,true,87
730,2479,7425,1000,7425,6993.0,10,70,4,4,1.0,1000,5,1,true,87
730,2480,7428,1000,7428,6993.0,10,70,4,4,1.0,1000,5,1,true,87
730,2481,7431,1000,7431,6993.0,10,70,4,4,1.0,1000,5,1,true,87
730,2482,7434,1000,7434,6993.0,10,70,4,4,1.0,1000,5,1,true,87
730,2483,7437,1000,7437,6993.0,10,70,4,4,1.0,1000,5,1,true,87
730,2484,7440,1000,7440,6993.0,10,70,4,4,1.0,1000,5,1,true,87
730,2485,7443,1000,7443,6993.0,10,70,4,4,1.0,1000,5,1,true,87
730,2486,7446,1000,7446,6993.0,10,70,4,4,1.0,1000,5,1,true,87
730,2487,7449,1000,7449,6993.0,10,70,4,4,1.0,1000,5,1,true,87
730,2488,7452,1000,7452,6993.0,10,70,4,4,1.0,1000,5,1,true,87
730,2489,7455,1000,7455,6993.0,10,70,4,4,1.0,1000,5,1,true,87
730,2490,7458,1000,7458,6993.0,10,70,4,4,1.0,1000,5,1,true,87
730,2491,7461,1000,7461,6993.0,10,70,4,4,1.0,1000,5,1,true,87
730,2492,7464,1000,7464,6993.0,10,70,4,4,1.0,1000,5,1,true,87
730,2493,7467,1000,7467,6993.0,10,70,4,4,1.0,1000,5,1,true,87
730,2494,7470,1000,7470,6993.0,10,70,4,4,1.0,1000,5,1,true,87
730,2495,7473,1000,7473,6993.0,10,70,4,4,1.0,1000,5,1,true,87
730,2496,7476,1000,7476,6993.0,10,70,4,4,1.0,1000,5,1,true,87
730,2497,7479,1000,7479,6993.0,10,70,4,4,1.0,1000,5,1,true,87
730,2498,7482,1000,7482,6993.0,10,70,4,4,1.0,1000,5,1,true,87
730,2499,7485,1000,7485,6993.0,10,70,4,4,1.0,1000,5,1,true,87
730,2500,7488,1000,7488,6993.0,10,70,4,4,1.0,1000,5,1,true,87
730,2501,7491,1000,7491,6993.0,10,70,4,4,1.0,1000,5,1,true,87
730,2502,7494,1000,7494,6993.0,10,70,4,4,1.0,1000,5,1,true,87
730,2503,7497,1000,7497,6993.0,10,70,4,4,1.0,1000,5,1,true,87
730,2504,7500,1000,7500,6993.0,10,70,4,4,1.0,1000,5,1,true,87
730,2505,7503,1000,7503,6993.0,10,70,4,4,1.0,1000,5,1,true,87
730,2506,7506,1000,7506,6993.0,10,70,4,4,1.0,1000,5,1,true,87
730,2507,7509,1000,7509,6993.0,10,70,4,4,1.0,1000,5,1,true,87
730,2508,7512,1000,7512,6993.0,10,70,4,4,1.0,1000,5,1,true,87
730,2509,7515,1000,7515,6993.0,10,70,4,4,1.0,1000,5,1,true,87
730,2510,7518,1000,7518,6993.0,10,70,4,4,1.0,1000,5,1,true,87
730,2511,7521,1000,7521,6993.0,10,70,4,4,1.0,1000,5,1,true,87
730,2512,7524,1000,7524,6993.0,10,70,4,4,1.0,1000,5,1,true,87
730,2513,7527,1000,7527,6993.0,10,70,4,4,1.0,1000,5,1,true,87
730,2514,7530,1000,7530,6993.0,10,70,4,4,1.0,1000,5,1,true,87
730,2515,7533,1000,7533,6993.0,10,70,4,4,1.0,1000,5,1,true,87
730,2516,7536,1000,7536,6993.0,10,70,4,4,1.0,1000,5,1,true,87
730,2517,7539,1000,7539,6993.0,10,70,4,4,1.0,1000,5,1,true,87
730,2518,7542,1000,7542,6993.0,10,70,4,4,1.0,1000,5,1,true,87
730,2519,7545,1000,7545,6993.0,10,70,4,4,1.0,1000,5,1,true,87
730,2520,7548,1000,7548,6993.0,10,70,4,4,1.0,1000,5,1,true,87
730,2521,7550,1000,7550,6993.0,10,70,4,4,1.0,1000,5,1,true,87
730,2522,7553,1000,7553,6993.0,10,70,4,4,1.0,1000,5,1,true,87
730,2523,7556,1000,7556,6993.0,10,70,4,4,1.0,1000,5,1,true,87
730,2524,7559,1000,7559,6993.0,10,70,4,4,1.0,1000,5,1,true,87
730,2525,7562,1000,7562,6993.0,10,70,4,4,1.0,1000,5,1,true,87
730,2526,7565,1000,7565,6993.0,10,70,4,4,1.0,1000,5,1,true,87
730,2527,7568,1000,7568,6993.0,10,70,4,4,1.0,1000,5,1,true,87
730,2528,7571,1000,7571,6993.0,10,70,4,4,1.0,1000,5,1,true,87
730,2529,7574,1000,7574,6993.0,10,70,4,4,1.0,1000,5,1,true,87
730,2530,7577,1000,7577,6993.0,10,70,4,4,1.0,1000,5,1,true,87
730,2531,7580,1000,7580,6993.0,10,70,4,4,1.0,1000,5,1,true,87
730,2532,7583,1000,7583,6993.0,10,70,4,4,1.0,1000,5,1,true,87
730,2533,7586,1000,7586,6993.0,10,70,4,4,1.0,1000,5,1,true,87
730,2534,7589,1000,7589,6993.0,10,70,4,4,1.0,1000,5,1,true,87
730,2535,7592,1000,7592,6993.0,10,70,4,4,1.0,1000,5,1,true,87
730,2536,7595,1000,7595,6993.0,10,70,4,4,1.0,1000,5,1,true,87
730,2537,7597,1000,7597,6993.0,10,70,4,4,1.0,1000,5,1,true,87
730,2538,7600,1000,7600,6993.0,10,70,4,4,1.0,1000,5,1,true,87
730,2539,7602,1000,7602,6993.0,10,70,4,4,1.0,1000,5,1,true,87
730,2540,7605,1000,7605,6993.0,10,70,4,4,1.0,1000,5,1,true,87
730,2541,7608,1000,7608,6993.0,10,70,4,4,1.0,1000,5,1,true,87
730,2542,7611,1000,7611,6993.0,10,70,4,4,1.0,1000,5,1,true,87
730,2543,7614,1000,7614,6993.0,10,70,4,4,1.0,1000,5,1,true,87
730,2544,7617,1000,7617,6993.0,10,70,4,4,1.0,1000,5,1,true,87
730,2545,7620,1000,7620,6993.0,10,70,4,4,1.0,1000,5,1,true,87
730,2546,7623,1000,7623,6993.0,10,70,4,4,1.0,1000,5,1,true,87
730,2547,7626,1000,7626,6993.0,10,70,4,4,1.0,1000,5,1,true,87
730,2548,7629,1000,7629,6993.0,10,70,4,4,1.0,1000,5,1,true,87
730,2549,7632,1000,7632,6993.0,10,70,4,4,1.0,1000,5,1,true,87
730,2550,7635,1000,7635,6993.0,10,70,4,4,1.0,1000,5,1,true,87
730,2551,7638,1000,7638,6993.0,10,70,4,4,1.0,1000,5,1,true,87
730,2552,7641,1000,7641,6993.0,10,70,4,4,1.0,1000,5,1,true,87
730,2553,7644,1000,7644,6993.0,10,70,4,4,1.0,1000,5,1,true,87
730,2554,7647,1000,7647,6993.0,10,70,4,4,1.0,1000,5,1,true,87
730,2555,7650,1000,7650,6993.0,10,70,4,4,1.0,1000,5,1,true,87
730,2556,7653,1000,7653,6993.0,10,70,4,4,1.0,1000,5,1,true,87
730,2557,7656,1000,7656,6993.0,10,70,4,4,1.0,1000,5,1,true,87
730,2558,7659,1000,7659,6993.0,10,70,4,4,1.0,1000,5,1,true,87
730,2559,7662,1000,7662,6993.0,10,70,4,4,1.0,1000,5,1,true,87
730,2560,7665,1000,7665,6993.0,10,70,4,4,1.0,1000,5,1,true,87
730,2561,7668,1000,7668,6993.0,10,70,4,4,1.0,1000,5,1,true,87
730,2562,7671,1000,7671,6993.0,10,70,4,4,1.0,1000,5,1,true,87
730,2563,7674,1000,7674,6993.0,10,70,4,4,1.0,1000,5,1,true,87
730,2564,7677,1000,7677,6993.0,10,70,4,4,1.0,1000,5,1,true,87
730,2565,7680,1000,7680,6993.0,10,70,4,4,1.0,1000,5,1,true,87
730,2566,7683,1000,7683,6993.0,10,70,4,4,1.0,1000,5,1,true,87
730,2567,7686,1000,7686,6993.0,10,70,4,4,1.0,1000,5,1,true,87
730,2568,7689,1000,7689,6993.0,10,70,4,4,1.0,1000,5,1,true,87
730,2569,7692,1000,7692,6993.0,10,70,4,4,1.0,1000,5,1,true,87
730,2570,7695,1000,7695,6993.0,10,70,4,4,1.0,1000,5,1,true,87
730,2571,7698,1000,7698,6993.0,10,70,4,4,1.0,1000,5,1,true,87
730,2572,7701,1000,7701,6993.0,10,70,4,4,1.0,1000,5,1,true,87
730,2573,7704,1000,7704,6993.0,10,70,4,4,1.0,1000,5,1,true,87
730,2574,7707,1000,7707,6993.0,10,70,4,4,1.0,1000,5,1,true,87
730,2575,7710,1000,7710,6993.0,10,70,4,4,1.0,1000,5,1,true,87
730,2576,7713,1000,7713,6993.0,10,70,4,4,1.0,1000,5,1,true,87
730,2577,7716,1000,7716,6993.0,10,70,4,4,1.0,1000,5,1,true,87
730,2578,7719,1000,7719,6993.0,10,70,4,4,1.0,1000,5,1,true,87
730,2579,7722,1000,7722,6993.0,10,70,4,4,1.0,1000,5,1,true,87
730,2580,7725,1000,7725,6993.0,10,70,4,4,1.0,1000,5,1,true,87
730,2581,7728,1000,7728,6993.0,10,70,4,4,1.0,1000,5,1,true,87
730,2582,7731,1000,7731,6993.0,10,70,4,4,1.0,1000,5,1,true,87
730,2583,7734,1000,7734,6993.0,10,70,4,4,1.0,1000,5,1,true,87
730,2584,7737,1000,7737,6993.0,10,70,4,4,1.0,1000,5,1,true,87
730,2585,7740,1000,7740,6993.0,10,70,4,4,1.0,1000,5,1,true,87
730,2586,7743,1000,7743,6993.0,10,70,4,4,1.0,1000,5,1,true,87
730,2587,7746,1000,7746,6993.0,10,70,4,4,1.0,1000,5,1,true,87
730,2588,7749,1000,7749,6993.0,10,70,4,4,1.0,1000,5,1,true,87
730,2589,7752,1000,7752,6993.0,10,70,4,4,1.0,1000,5,1,true,87
730,2590,7755,1000,7755,6993.0,10,70,4,4,1.0,1000,5,1,true,87
730,2591,7758,1000,7758,6993.0,10,70,4,4,1.0,1000,5,1,true,87
730,2592,7761,1000,7761,6993.0,10,70,4,4,1.0,1000,5,1,true,87
730,2593,7764,1000,7764,6993.0,10,70,4,4,1.0,1000,5,1,true,87
730,2594,7767,1000,7767,6993.0,10,70,4,4,1.0,1000,5,1,true,87
730,2595,7770,1000,7770,6993.0,10,70,4,4,1.0,1000,5,1,true,87
730,2596,7773,1000,7773,6993.0,10,70,4,4,1.0,1000,5,1,true,87
730,2597,7776,1000,7776,6993.0,10,70,4,4,1.0,1000,5,1,true,87
730,2598,7779,1000,7779,6993.0,10,70,4,4,1.0,1000,5,1,true,87
730,2599,7782,1000,7782,6993.0,10,70,4,4,1.0,1000,5,1,true,87
730,2600,7785,1000,7785,6993.0,10,70,4,4,1.0,1000,5,1,true,87
730,2601,7788,1000,7788,6993.0,10,70,4,4,1.0,1000,5,1,true,87
730,2602,7791,1000,7791,6993.0,10,70,4,4,1.0,1000,5,1,true,87
730,2603,7794,1000,7794,6993.0,10,70,4,4,1.0,1000,5,1,true,87
730,2604,7797,1000,7797,6993.0,10,70,4,4,1.0,1000,5,1,true,87
730,2605,7800,1000,7800,6993.0,10,70,4,4,1.0,1000,5,1,true,87
730,2606,7803,1000,7803,6993.0,10,70,4,4,1.0,1000,5,1,true,87
730,2607,7806,1000,7806,6993.0,10,70,4,4,1.0,1000,5,1,true,87
730,2608,7809,1000,7809,6993.0,10,70,4,4,1.0,1000,5,1,true,87
730,2609,7812,1000,7812,6993.0,10,70,4,4,1.0,1000,5,1,true,87
730,2610,7815,1000,7815,6993.0,10,70,4,4,1.0,1000,5,1,true,87
730,2611,7818,1000,7818,6993.0,10,70,4,4,1.0,1000,5,1,true,87
730,2612,7821,1000,7821,6993.0,10,70,4,4,1.0,1000,5,1,true,87
730,2613,7824,1000,7824,6993.0,10,70,4,4,1.0,1000,5,1,true,87
730,2614,7827,1000,7827,6993.0,10,70,4,4,1.0,1000,5,1,true,87
730,2615,7830,1000,7830,6993.0,10,70,4,4,1.0,1000,5,1,true,87
730,2616,7833,1000,7833,6993.0,10,70,4,4,1.0,1000,5,1,true,87
730,2617,7836,1000,7836,6993.0,10,70,4,4,1.0,1000,5,1,true,87
730,2618,7839,1000,7839,6993.0,10,70,4,4,1.0,1000,5,1,true,87
730,2619,7842,1000,7842,6993.0,10,70,4,4,1.0,1000,5,1,true,87
730,2620,7845,1000,7845,6993.0,10,70,4,4,1.0,1000,5,1,true,87
730,2621,7848,1000,7848,6993.0,10,70,4,4,1.0,1000,5,1,true,87
730,2622,7851,1000,7851,6993.0,10,70,4,4,1.0,1000,5,1,true,87
730,2623,7854,1000,7854,6993.0,10,70,4,4,1.0,1000,5,1,true,87
730,2624,7857,1000,7857,6993.0,10,70,4,4,1.0,1000,5,1,true,87
730,2625,7860,1000,7860,6993.0,10,70,4,4,1.0,1000,5,1,true,87
730,2626,7863,1000,7863,6993.0,10,70,4,4,1.0,1000,5,1,true,87
730,2627,7866,1000,7866,6993.0,10,70,4,4,1.0,1000,5,1,true,87
730,2628,7869,1000,7869,6993.0,10,70,4,4,1.0,1000,5,1,true,87
730,2629,7872,1000,7872,6993.0,10,70,4,4,1.0,1000,5,1,true,87
730,2630,7875,1000,7875,6993.0,10,70,4,4,1.0,1000,5,1,true,87
730,2631,7878,1000,7878,6993.0,10,70,4,4,1.0,1000,5,1,true,87
730,2632,7881,1000,7881,6993.0,10,70,4,4,1.0,1000,5,1,true,87
730,2633,7884,1000,7884,6993.0,10,70,4,4,1.0,1000,5,1,true,87
730,2634,7887,1000,7887,6993.0,10,70,4,4,1.0,1000,5,1,true,87
730,2635,7890,1000,7890,6993.0,10,70,4,4,1.0,1000,5,1,true,87
730,2636,7893,1000,7893,6993.0,10,70,4,4,1.0,1000,5,1,true,87
730,2637,7896,1000,7896,6993.0,10,70,4,4,1.0,1000,5,1,true,87
730,2638,7899,1000,7899,6993.0,10,70,4,4,1.0,1000,5,1,true,87
730,2639,7902,1000,7902,6993.0,10,70,4,4,1.0,1000,5,1,true,87
730,2640,7905,1000,7905,6993.0,10,70,4,4,1.0,1000,5,1,true,87
730,2641,7908,1000,7908,6993.0,10,70,4,4,1.0,1000,5,1,true,87
730,2642,7911,1000,7911,6993.0,10,70,4,4,1.0,1000,5,1,true,87
730,2643,7914,1000,7914,6993.0,10,70,4,4,1.0,1000,5,1,true,87
730,2644,7917,1000,7917,6993.0,10,70,4,4,1.0,1000,5,1,true,87
730,2645,7920,1000,7920,6993.0,10,70,4,4,1.0,1000,5,1,true,87
730,2646,7923,1000,7923,6993.0,10,70,4,4,1.0,1000,5,1,true,87
730,2647,7926,1000,7926,6993.0,10,70,4,4,1.0,1000,5,1,true,87
730,2648,7929,1000,7929,6993.0,10,70,4,4,1.0,1000,5,1,true,87
730,2649,7932,1000,7932,6993.0,10,70,4,4,1.0,1000,5,1,true,87
730,2650,7935,1000,7935,6993.0,10,70,4,4,1.0,1000,5,1,true,87
730,2651,7938,1000,7938,6993.0,10,70,4,4,1.0,1000,5,1,true,87
730,2652,7941,1000,7941,6993.0,10,70,4,4,1.0,1000,5,1,true,87
730,2653,7944,1000,7944,6993.0,10,70,4,4,1.0,1000,5,1,true,87
730,2654,7947,1000,7947,6993.0,10,70,4,4,1.0,1000,5,1,true,87
730,2655,7950,1000,7950,6993.0,10,70,4,4,1.0,1000,5,1,true,87
730,2656,7953,1000,7953,6993.0,10,70,4,4,1.0,1000,5,1,true,87
730,2657,7956,1000,7956,6993.0,10,70,4,4,1.0,1000,5,1,true,87
730,2658,7959,1000,7959,6993.0,10,70,4,4,1.0,1000,5,1,true,87
730,2659,7962,1000,7962,6993.0,10,70,4,4,1.0,1000,5,1,true,87
730,2660,7965,1000,7965,6993.0,10,70,4,4,1.0,1000,5,1,true,87
730,2661,7968,1000,7968,6993.0,10,70,4,4,1.0,1000,5,1,true,87
730,2662,7971,1000,7971,6993.0,10,70,4,4,1.0,1000,5,1,true,87
730,2663,7974,1000,7974,6993.0,10,70,4,4,1.0,1000,5,1,true,87
730,2664,7977,1000,7977,6993.0,10,70,4,4,1.0,1000,5,1,true,87
730,2665,7980,1000,7980,6993.0,10,70,4,4,1.0,1000,5,1,true,87
730,2666,7983,1000,7983,6993.0,10,70,4,4,1.0,1000,5,1,true,87
730,2667,7986,1000,7986,6993.0,10,70,4,4,1.0,1000,5,1,true,87
730,2668,7989,1000,7989,6993.0,10,70,4,4,1.0,1000,5,1,true,87
730,2669,7992,1000,7992,6993.0,10,70,4,4,1.0,1000,5,1,true,87
730,2670,7995,1000,7995,6993.0,10,70,4,4,1.0,1000,5,1,true,87
730,2671,7998,1000,7998,6993.0,10,70,4,4,1.0,1000,5,1,true,87
730,2673,8004,1000,8004,6993.0,10,70,4,4,1.0,1000,5,1,true,87
730,2673,8004,1000,8004,6993.0,10,70,4,4,1.0,1000,5,1,true,87
730,2674,8007,1000,8007,6993.0,10,70,4,4,1.0,1000,5,1,true,87
730,2675,8010,1000,8010,6993.0,10,70,4,4,1.0,1000,5,1,true,87
730,2676,8013,1000,8013,6993.0,10,70,4,4,1.0,1000,5,1,true,87
730,2677,8016,1000,8016,6993.0,10,70,4,4,1.0,1000,5,1,true,87
730,2678,8019,1000,8019,6993.0,10,70,4,4,1.0,1000,5,1,true,87
730,2679,8022,1000,8022,6993.0,10,70,4,4,1.0,1000,5,1,true,87
730,2680,8025,1000,8025,6993.0,10,70,4,4,1.0,1000,5,1,true,87
730,2681,8028,1000,8028,6993.0,10,70,4,4,1.0,1000,5,1,true,87
730,2682,8031,1000,8031,6993.0,10,70,4,4,1.0,1000,5,1,true,87
730,2683,8034,1000,8034,6993.0,10,70,4,4,1.0,1000,5,1,true,87
730,2684,8037,1000,8037,6993.0,10,70,4,4,1.0,1000,5,1,true,87
730,2685,8040,1000,8040,6993.0,10,70,4,4,1.0,1000,5,1,true,87
730,2686,8043,1000,8043,6993.0,10,70,4,4,1.0,1000,5,1,true,87
730,2687,8046,1000,8046,6993.0,10,70,4,4,1.0,1000,5,1,true,87
730,2688,8049,1000,8049,6993.0,10,70,4,4,1.0,1000,5,1,true,87
730,2689,8052,1000,8052,6993.0,10,70,4,4,1.0,1000,5,1,true,87
730,2690,8055,1000,8055,6993.0,10,70,4,4,1.0,1000,5,1,true,87
730,2691,8058,1000,8058,6993.0,10,70,4,4,1.0,1000,5,1,true,87
730,2692,8061,1000,8061,6993.0,10,70,4,4,1.0,1000,5,1,true,87
730,2693,8064,1000,8064,6993.0,10,70,4,4,1.0,1000,5,1,true,87
730,2694,8067,1000,8067,6993.0,10,70,4,4,1.0,1000,5,1,true,87
730,2695,8070,1000,8070,6993.0,10,70,4,4,1.0,1000,5,1,true,87
730,2696,8073,1000,8073,6993.0,10,70,4,4,1.0,1000,5,1,true,87
730,2697,8076,1000,8076,6993.0,10,70,4,4,1.0,1000,5,1,true,87
730,2698,8079,1000,8079,6993.0,10,70,4,4,1.0,1000,5,1,true,87
730,2699,8082,1000,8082,6993.0,10,70,4,4,1.0,1000,5,1,true,87
730,2700,8085,1000,8085,6993.0,10,70,4,4,1.0,1000,5,1,true,87
730,2701,8088,1000,8088,6993.0,10,70,4,4,1.0,1000,5,1,true,87
730,2702,8091,1000,8091,6993.0,10,70,4,4,1.0,1000,5,1,true,87
730,2703,8094,1000,8094,6993.0,10,70,4,4,1.0,1000,5,1,true,87
730,2704,8097,1000,8097,6993.0,10,70,4,4,1.0,1000,5,1,true,87
730,2705,8100,1000,8100,6993.0,10,70,4,4,1.0,1000,5,1,true,87
730,2706,8103,1000,8103,6993.0,10,70,4,4,1.0,1000,5,1,true,87
730,2707,8106,1000,8106,6993.0,10,70,4,4,1.0,1000,5,1,true,87
730,2708,8109,1000,8109,6993.0,10,70,4,4,1.0,1000,5,1,true,87
730,2709,8112,1000,8112,6993.0,10,70,4,4,1.0,1000,5,1,true,87
730,2710,8115,1000,8115,6993.0,10,70,4,4,1.0,1000,5,1,true,87
730,2711,8118,1000,8118,6993.0,10,70,4,4,1.0,1000,5,1,true,87
730,2712,8121,1000,8121,6993.0,10,70,4,4,1.0,1000,5,1,true,87
730,2713,8124,1000,8124,6993.0,10,70,4,4,1.0,1000,5,1,true,87
730,2714,8127,1000,8127,6993.0,10,70,4,4,1.0,1000,5,1,true,87
730,2715,8130,1000,8130,6993.0,10,70,4,4,1.0,1000,5,1,true,87
730,2716,8133,1000,8133,6993.0,10,70,4,4,1.0,1000,5,1,true,87
730,2717,8136,1000,8136,6993.0,10,70,4,4,1.0,1000,5,1,true,87
730,2718,8139,1000,8139,6993.0,10,70,4,4,1.0,1000,5,1,true,87
730,2719,8142,1000,8142,6993.0,10,70,4,4,1.0,1000,5,1,true,87
730,2720,8145,1000,8145,6993.0,10,70,4,4,1.0,1000,5,1,true,87
730,2721,8148,1000,8148,6993.0,10,70,4,4,1.0,1000,5,1,true,87
730,2722,8151,1000,8151,6993.0,10,70,4,4,1.0,1000,5,1,true,87
730,2723,8154,1000,8154,6993.0,10,70,4,4,1.0,1000,5,1,true,87
730,2724,8157,1000,8157,6993.0,10,70,4,4,1.0,1000,5,1,true,87
730,2725,8160,1000,8160,6993.0,10,70,4,4,1.0,1000,5,1,true,87
730,2726,8163,1000,8163,6993.0,10,70,4,4,1.0,1000,5,1,true,87
730,2727,8166,1000,8166,6993.0,10,70,4,4,1.0,1000,5,1,true,87
730,2728,8169,1000,8169,6993.0,10,70,4,4,1.0,1000,5,1,true,87
730,2729,8172,1000,8172,6993.0,10,70,4,4,1.0,1000,5,1,true,87
730,2730,8175,1000,8175,6993.0,10,70,4,4,1.0,1000,5,1,true,87
730,2731,8178,1000,8178,6993.0,10,70,4,4,1.0,1000,5,1,true,87
730,2732,8181,1000,8181,6993.0,10,70,4,4,1.0,1000,5,1,true,87
730,2733,8184,1000,8184,6993.0,10,70,4,4,1.0,1000,5,1,true,87
730,2734,8187,1000,8187,6993.0,10,70,4,4,1.0,1000,5,1,true,87
730,2735,8190,1000,8190,6993.0,10,70,4,4,1.0,1000,5,1,true,87
730,2736,8193,1000,8193,6993.0,10,70,4,4,1.0,1000,5,1,true,87
730,2737,8196,1000,8196,6993.0,10,70,4,4,1.0,1000,5,1,true,87
730,2738,8199,1000,8199,6993.0,10,70,4,4,1.0,1000,5,1,true,87
730,2739,8202,1000,8202,6993.0,10,70,4,4,1.0,1000,5,1,true,87
730,2740,8205,1000,8205,6993.0,10,70,4,4,1.0,1000,5,1,true,87
730,2741,8208,1000,8208,6993.0,10,70,4,4,1.0,1000,5,1,true,87
730,2742,8211,1000,8211,6993.0,10,70,4,4,1.0,1000,5,1,true,87
730,2743,8214,1000,8214,6993.0,10,70,4,4,1.0,1000,5,1,true,87
730,2744,8217,1000,8217,6993.0,10,70,4,4,1.0,1000,5,1,true,87
730,2745,8220,1000,8220,6993.0,10,70,4,4,1.0,1000,5,1,true,87
730,2746,8223,1000,8223,6993.0,10,70,4,4,1.0,1000,5,1,true,87
730,2747,8226,1000,8226,6993.0,10,70,4,4,1.0,1000,5,1,true,87
730,2748,8229,1000,8229,6993.0,10,70,4,4,1.0,1000,5,1,true,87
730,2749,8232,1000,8232,6993.0,10,70,4,4,1.0,1000,5,1,true,87
730,2750,8235,1000,8235,6993.0,10,70,4,4,1.0,1000,5,1,true,87
730,2751,8238,1000,8238,6993.0,10,70,4,4,1.0,1000,5,1,true,87
730,2752,8241,1000,8241,6993.0,10,70,4,4,1.0,1000,5,1,true,87
730,2754,8247,1000,8247,6993.0,10,70,4,4,1.0,1000,5,1,true,87
730,2754,8247,1000,8247,6993.0,10,70,4,4,1.0,1000,5,1,true,87
730,2755,8250,1000,8250,6993.0,10,70,4,4,1.0,1000,5,1,true,87
730,2756,8253,1000,8253,6993.0,10,70,4,4,1.0,1000,5,1,true,87
730,2757,8256,1000,8256,6993.0,10,70,4,4,1.0,1000,5,1,true,87
730,2758,8259,1000,8259,6993.0,10,70,4,4,1.0,1000,5,1,true,87
730,2759,8262,1000,8262,6993.0,10,70,4,4,1.0,1000,5,1,true,87
730,2760,8265,1000,8265,6993.0,10,70,4,4,1.0,1000,5,1,true,87
730,2761,8268,1000,8268,6993.0,10,70,4,4,1.0,1000,5,1,true,87
730,2762,8271,1000,8271,6993.0,10,70,4,4,1.0,1000,5,1,true,87
730,2763,8274,1000,8274,6993.0,10,70,4,4,1.0,1000,5,1,true,87
730,2764,8277,1000,8277,6993.0,10,70,4,4,1.0,1000,5,1,true,87
730,2765,8280,1000,8280,6993.0,10,70,4,4,1.0,1000,5,1,true,87
730,2766,8283,1000,8283,6993.0,10,70,4,4,1.0,1000,5,1,true,87
730,2767,8286,1000,8286,6993.0,10,70,4,4,1.0,1000,5,1,true,87
730,2768,8289,1000,8289,6993.0,10,70,4,4,1.0,1000,5,1,true,87
730,2769,8292,1000,8292,6993.0,10,70,4,4,1.0,1000,5,1,true,87
730,2770,8295,1000,8295,6993.0,10,70,4,4,1.0,1000,5,1,true,87
730,2771,8298,1000,8298,6993.0,10,70,4,4,1.0,1000,5,1,true,87
730,2772,8301,1000,8301,6993.0,10,70,4,4,1.0,1000,5,1,true,87
730,2773,8304,1000,8304,6993.0,10,70,4,4,1.0,1000,5,1,true,87
730,2774,8307,1000,8307,6993.0,10,70,4,4,1.0,1000,5,1,true,87
730,2775,8310,1000,8310,6993.0,10,70,4,4,1.0,1000,5,1,true,87
730,2776,8313,1000,8313,6993.0,10,70,4,4,1.0,1000,5,1,true,87
730,2777,8316,1000,8316,6993.0,10,70,4,4,1.0,1000,5,1,true,87
730,2778,8319,1000,8319,6993.0,10,70,4,4,1.0,1000,5,1,true,87
730,2779,8322,1000,8322,6993.0,10,70,4,4,1.0,1000,5,1,true,87
730,2780,8325,1000,8325,6993.0,10,70,4,4,1.0,1000,5,1,true,87
730,2781,8328,1000,8328,6993.0,10,70,4,4,1.0,1000,5,1,true,87
730,2782,8331,1000,8331,6993.0,10,70,4,4,1.0,1000,5,1,true,87
730,2783,8334,1000,8334,6993.0,10,70,4,4,1.0,1000,5,1,true,87
730,2784,8337,1000,8337,6993.0,10,70,4,4,1.0,1000,5,1,true,87
730,2785,8340,1000,8340,6993.0,10,70,4,4,1.0,1000,5,1,true,87
730,2786,8343,1000,8343,6993.0,10,70,4,4,1.0,1000,5,1,true,87
730,2787,8346,1000,8346,6993.0,10,70,4,4,1.0,1000,5,1,true,87
730,2788,8349,1000,8349,6993.0,10,70,4,4,1.0,1000,5,1,true,87
730,2789,8352,1000,8352,6993.0,10,70,4,4,1.0,1000,5,1,true,87
730,2790,8355,1000,8355,6993.0,10,70,4,4,1.0,1000,5,1,true,87
730,2791,8358,1000,8358,6993.0,10,70,4,4,1.0,1000,5,1,true,87
730,2792,8361,1000,8361,6993.0,10,70,4,4,1.0,1000,5,1,true,87
730,2793,8364,1000,8364,6993.0,10,70,4,4,1.0,1000,5,1,true,87
730,2794,8367,1000,8367,6993.0,10,70,4,4,1.0,1000,5,1,true,87
730,2795,8370,1000,8370,6993.0,10,70,4,4,1.0,1000,5,1,true,87
730,2796,8373,1000,8373,6993.0,10,70,4,4,1.0,1000,5,1,true,87
730,2797,8376,1000,8376,6993.0,10,70,4,4,1.0,1000,5,1,true,87
730,2798,8379,1000,8379,6993.0,10,70,4,4,1.0,1000,5,1,true,87
730,2799,8382,1000,8382,6993.0,10,70,4,4,1.0,1000,5,1,true,87
730,2800,8385,1000,8385,6993.0,10,70,4,4,1.0,1000,5,1,true,87
730,2801,8388,1000,8388,6993.0,10,70,4,4,1.0,1000,5,1,true,87
730,2802,8391,1000,8391,6993.0,10,70,4,4,1.0,1000,5,1,true,87
730,2803,8394,1000,8394,6993.0,10,70,4,4,1.0,1000,5,1,true,87
730,2804,8397,1000,8397,6993.0,10,70,4,4,1.0,1000,5,1,true,87
730,2805,8400,1000,8400,6993.0,10,70,4,4,1.0,1000,5,1,true,87
730,2806,8403,1000,8403,6993.0,10,70,4,4,1.0,1000,5,1,true,87
730,2807,8406,1000,8406,6993.0,10,70,4,4,1.0,1000,5,1,true,87
730,2808,8409,1000,8409,6993.0,10,70,4,4,1.0,1000,5,1,true,87
730,2809,8412,1000,8412,6993.0,10,70,4,4,1.0,1000,5,1,true,87
730,2810,8415,1000,8415,6993.0,10,70,4,4,1.0,1000,5,1,true,87
730,2811,8418,1000,8418,6993.0,10,70,4,4,1.0,1000,5,1,true,87
730,2812,8420,1000,8420,6993.0,10,70,4,4,1.0,1000,5,1,true,87
730,2813,8424,1000,8424,6993.0,10,70,4,4,1.0,1000,5,1,true,87
730,2814,8427,1000,8427,6993.0,10,70,4,4,1.0,1000,5,1,true,87
730,2815,8430,1000,8430,6993.0,10,70,4,4,1.0,1000,5,1,true,87
730,2816,8433,1000,8433,6993.0,10,70,4,4,1.0,1000,5,1,true,87
730,2817,8436,1000,8436,6993.0,10,70,4,4,1.0,1000,5,1,true,87
730,2818,8439,1000,8439,6993.0,10,70,4,4,1.0,1000,5,1,true,87
730,2819,8442,1000,8442,6993.0,10,70,4,4,1.0,1000,5,1,true,87
730,2820,8445,1000,8445,6993.0,10,70,4,4,1.0,1000,5,1,true,87
730,2821,8448,1000,8448,6993.0,10,70,4,4,1.0,1000,5,1,true,87
730,2822,8451,1000,8451,6993.0,10,70,4,4,1.0,1000,5,1,true,87
730,2823,8454,1000,8454,6993.0,10,70,4,4,1.0,1000,5,1,true,87
730,2824,8457,1000,8457,6993.0,10,70,4,4,1.0,1000,5,1,true,87
730,2825,8460,1000,8460,6993.0,10,70,4,4,1.0,1000,5,1,true,87
730,2826,8463,1000,8463,6993.0,10,70,4,4,1.0,1000,5,1,true,87
730,2827,8466,1000,8466,6993.0,10,70,4,4,1.0,1000,5,1,true,87
730,2828,8469,1000,8469,6993.0,10,70,4,4,1.0,1000,5,1,true,87
730,2829,8472,1000,8472,6993.0,10,70,4,4,1.0,1000,5,1,true,87
730,2830,8475,1000,8475,6993.0,10,70,4,4,1.0,1000,5,1,true,87
730,2831,8478,1000,8478,6993.0,10,70,4,4,1.0,1000,5,1,true,87
730,2832,8481,1000,8481,6993.0,10,70,4,4,1.0,1000,5,1,true,87
730,2833,8484,1000,8484,6993.0,10,70,4,4,1.0,1000,5,1,true,87
730,2834,8487,1000,8487,6993.0,10,70,4,4,1.0,1000,5,1,true,87
730,2835,8490,1000,8490,6993.0,10,70,4,4,1.0,1000,5,1,true,87
730,2836,8493,1000,8493,6993.0,10,70,4,4,1.0,1000,5,1,true,87
730,2837,8496,1000,8496,6993.0,10,70,4,4,1.0,1000,5,1,true,87
730,2838,8499,1000,8499,6993.0,10,70,4,4,1.0,1000,5,1,true,87
730,2839,8502,1000,8502,6993.0,10,70,4,4,1.0,1000,5,1,true,87
730,2840,8505,1000,8505,6993.0,10,70,4,4,1.0,1000,5,1,true,87
730,2841,8508,1000,8508,6993.0,10,70,4,4,1.0,1000,5,1,true,87
730,2842,8511,1000,8511,6993.0,10,70,4,4,1.0,1000,5,1,true,87
730,2843,8514,1000,8514,6993.0,10,70,4,4,1.0,1000,5,1,true,87
730,2844,8517,1000,8517,6993.0,10,70,4,4,1.0,1000,5,1,true,87
730,2845,8520,1000,8520,6993.0,10,70,4,4,1.0,1000,5,1,true,87
730,2846,8523,1000,8523,6993.0,10,70,4,4,1.0,1000,5,1,true,87
730,2847,8526,1000,8526,6993.0,10,70,4,4,1.0,1000,5,1,true,87
730,2848,8529,1000,8529,6993.0,10,70,4,4,1.0,1000,5,1,true,87
730,2849,8532,1000,8532,6993.0,10,70,4,4,1.0,1000,5,1,true,87
730,2850,8535,1000,8535,6993.0,10,70,4,4,1.0,1000,5,1,true,87
730,2851,8538,1000,8538,6993.0,10,70,4,4,1.0,1000,5,1,true,87
730,2852,8541,1000,8541,6993.0,10,70,4,4,1.0,1000,5,1,true,87
730,2853,8544,1000,8544,6993.0,10,70,4,4,1.0,1000,5,1,true,87
730,2854,8547,1000,8547,6993.0,10,70,4,4,1.0,1000,5,1,true,87
730,2855,8550,1000,8550,6993.0,10,70,4,4,1.0,1000,5,1,true,87
730,2856,8553,1000,8553,6993.0,10,70,4,4,1.0,1000,5,1,true,87
730,2857,8556,1000,8556,6993.0,10,70,4,4,1.0,1000,5,1,true,87
730,2858,8559,1000,8559,6993.0,10,70,4,4,1.0,1000,5,1,true,87
730,2859,8562,1000,8562,6993.0,10,70,4,4,1.0,1000,5,1,true,87
730,2860,8565,1000,8565,6993.0,10,70,4,4,1.0,1000,5,1,true,87
730,2861,8568,1000,8568,6993.0,10,70,4,4,1.0,1000,5,1,true,87
730,2862,8571,1000,8571,6993.0,10,70,4,4,1.0,1000,5,1,true,87
730,2863,8574,1000,8574,6993.0,10,70,4,4,1.0,1000,5,1,true,87
730,2864,8577,1000,8577,6993.0,10,70,4,4,1.0,1000,5,1,true,87
730,2865,8580,1000,8580,6993.0,10,70,4,4,1.0,1000,5,1,true,87
730,2866,8583,1000,8583,6993.0,10,70,4,4,1.0,1000,5,1,true,87
730,2867,8586,1000,8586,6993.0,10,70,4,4,1.0,1000,5,1,true,87
730,2868,8589,1000,8589,6993.0,10,70,4,4,1.0,1000,5,1,true,87
730,2869,8592,1000,8592,6993.0,10,70,4,4,1.0,1000,5,1,true,87
730,2870,8595,1000,8595,6993.0,10,70,4,4,1.0,1000,5,1,true,87
730,2871,8598,1000,8598,6993.0,10,70,4,4,1.0,1000,5,1,true,87
730,2872,8601,1000,8601,6993.0,10,70,4,4,1.0,1000,5,1,true,87
730,2873,8604,1000,8604,6993.0,10,70,4,4,1.0,1000,5,1,true,87
730,2874,8607,1000,8607,6993.0,10,70,4,4,1.0,1000,5,1,true,87
730,2875,8610,1000,8610,6993.0,10,70,4,4,1.0,1000,5,1,true,87
730,2876,8613,1000,8613,6993.0,10,70,4,4,1.0,1000,5,1,true,87
730,2877,8616,1000,8616,6993.0,10,70,4,4,1.0,1000,5,1,true,87
730,2878,8619,1000,8619,6993.0,10,70,4,4,1.0,1000,5,1,true,87
730,2879,8622,1000,8622,6993.0,10,70,4,4,1.0,1000,5,1,true,87
730,2880,8625,1000,8625,6993.0,10,70,4,4,1.0,1000,5,1,true,87
730,2881,8628,1000,8628,6993.0,10,70,4,4,1.0,1000,5,1,true,87
730,2882,8631,1000,8631,6993.0,10,70,4,4,1.0,1000,5,1,true,87
730,2883,8634,1000,8634,6993.0,10,70,4,4,1.0,1000,5,1,true,87
730,2884,8637,1000,8637,6993.0,10,70,4,4,1.0,1000,5,1,true,87
730,2885,8640,1000,8640,6993.0,10,70,4,4,1.0,1000,5,1,true,87
730,2886,8643,1000,8643,6993.0,10,70,4,4,1.0,1000,5,1,true,87
730,2887,8646,1000,8646,6993.0,10,70,4,4,1.0,1000,5,1,true,87
730,2888,8649,1000,8649,6993.0,10,70,4,4,1.0,1000,5,1,true,87
730,2889,8652,1000,8652,6993.0,10,70,4,4,1.0,1000,5,1,true,87
730,2890,8655,1000,8655,6993.0,10,70,4,4,1.0,1000,5,1,true,87
730,2891,8658,1000,8658,6993.0,10,70,4,4,1.0,1000,5,1,true,87
730,2892,8661,1000,8661,6993.0,10,70,4,4,1.0,1000,5,1,true,87
730,2893,8664,1000,8664,6993.0,10,70,4,4,1.0,1000,5,1,true,87
730,2894,8667,1000,8667,6993.0,10,70,4,4,1.0,1000,5,1,true,87
730,2895,8670,1000,8670,6993.0,10,70,4,4,1.0,1000,5,1,true,87
730,2896,8673,1000,8673,6993.0,10,70,4,4,1.0,1000,5,1,true,87
730,2897,8676,1000,8676,6993.0,10,70,4,4,1.0,1000,5,1,true,87
730,2898,8679,1000,8679,6993.0,10,70,4,4,1.0,1000,5,1,true,87
730,2899,8682,1000,8682,6993.0,10,70,4,4,1.0,1000,5,1,true,87
730,2900,8685,1000,8685,6993.0,10,70,4,4,1.0,1000,5,1,true,87
730,2901,8688,1000,8688,6993.0,10,70,4,4,1.0,1000,5,1,true,87
730,2902,8691,1000,8691,6993.0,10,70,4,4,1.0,1000,5,1,true,87
730,2903,8694,1000,8694,6993.0,10,70,4,4,1.0,1000,5,1,true,87
730,2904,8697,1000,8697,6993.0,10,70,4,4,1.0,1000,5,1,true,87
730,2905,8700,1000,8700,6993.0,10,70,4,4,1.0,1000,5,1,true,87
730,2906,8703,1000,8703,6993.0,10,70,4,4,1.0,1000,5,1,true,87
730,2907,8705,1000,8705,6993.0,10,70,4,4,1.0,1000,5,1,true,87
730,2908,8708,1000,8708,6993.0,10,70,4,4,1.0,1000,5,1,true,87
730,2909,8711,1000,8711,6993.0,10,70,4,4,1.0,1000,5,1,true,87
730,2910,8714,1000,8714,6993.0,10,70,4,4,1.0,1000,5,1,true,87
730,2911,8717,1000,8717,6993.0,10,70,4,4,1.0,1000,5,1,true,87
730,2912,8720,1000,8720,6993.0,10,70,4,4,1.0,1000,5,1,true,87
730,2913,8723,1000,8723,6993.0,10,70,4,4,1.0,1000,5,1,true,87
730,2914,8726,1000,8726,6993.0,10,70,4,4,1.0,1000,5,1,true,87
730,2915,8729,1000,8729,6993.0,10,70,4,4,1.0,1000,5,1,true,87
730,2916,8732,1000,8732,6993.0,10,70,4,4,1.0,1000,5,1,true,87
730,2917,8735,1000,8735,6993.0,10,70,4,4,1.0,1000,5,1,true,87
730,2918,8738,1000,8738,6993.0,10,70,4,4,1.0,1000,5,1,true,87
730,2919,8741,1000,8741,6993.0,10,70,4,4,1.0,1000,5,1,true,87
730,2920,8744,1000,8744,6993.0,10,70,4,4,1.0,1000,5,1,true,87
730,2921,8747,1000,8747,6993.0,10,70,4,4,1.0,1000,5,1,true,87
730,2922,8750,1000,8750,6993.0,10,70,4,4,1.0,1000,5,1,true,87
730,2923,8753,1000,8753,6993.0,10,70,4,4,1.0,1000,5,1,true,87
730,2924,8756,1000,8756,6993.0,10,70,4,4,1.0,1000,5,1,true,87
730,2925,8759,1000,8759,6993.0,10,70,4,4,1.0,1000,5,1,true,87
730,2926,8762,1000,8762,6993.0,10,70,4,4,1.0,1000,5,1,true,87
730,2927,8765,1000,8765,6993.0,10,70,4,4,1.0,1000,5,1,true,87
730,2928,8768,1000,8768,6993.0,10,70,4,4,1.0,1000,5,1,true,87
730,2929,8771,1000,8771,6993.0,10,70,4,4,1.0,1000,5,1,true,87
730,2930,8774,1000,8774,6993.0,10,70,4,4,1.0,1000,5,1,true,87
730,2931,8777,1000,8777,6993.0,10,70,4,4,1.0,1000,5,1,true,87
730,2932,8780,1000,8780,6993.0,10,70,4,4,1.0,1000,5,1,true,87
730,2933,8783,1000,8783,6993.0,10,70,4,4,1.0,1000,5,1,true,87
730,2934,8786,1000,8786,6993.0,10,70,4,4,1.0,1000,5,1,true,87
730,2935,8789,1000,8789,6993.0,10,70,4,4,1.0,1000,5,1,true,87
730,2936,8792,1000,8792,6993.0,10,70,4,4,1.0,1000,5,1,true,87
730,2937,8795,1000,8795,6993.0,10,70,4,4,1.0,1000,5,1,true,87
730,2938,8798,1000,8798,6993.0,10,70,4,4,1.0,1000,5,1,true,87
730,2939,8801,1000,8801,6993.0,10,70,4,4,1.0,1000,5,1,true,87
730,2940,8804,1000,8804,6993.0,10,70,4,4,1.0,1000,5,1,true,87
730,2941,8807,1000,8807,6993.0,10,70,4,4,1.0,1000,5,1,true,87
730,2942,8810,1000,8810,6993.0,10,70,4,4,1.0,1000,5,1,true,87
730,2943,8813,1000,8813,6993.0,10,70,4,4,1.0,1000,5,1,true,87
730,2944,8816,1000,8816,6993.0,10,70,4,4,1.0,1000,5,1,true,87
730,2945,8819,1000,8819,6993.0,10,70,4,4,1.0,1000,5,1,true,87
730,2946,8822,1000,8822,6993.0,10,70,4,4,1.0,1000,5,1,true,87
730,2947,8825,1000,8825,6993.0,10,70,4,4,1.0,1000,5,1,true,87
730,2948,8828,1000,8828,6993.0,10,70,4,4,1.0,1000,5,1,true,87
730,2949,8831,1000,8831,6993.0,10,70,4,4,1.0,1000,5,1,true,87
730,2950,8834,1000,8834,6993.0,10,70,4,4,1.0,1000,5,1,true,87
730,2951,8837,1000,8837,6993.0,10,70,4,4,1.0,1000,5,1,true,87
730,2952,8840,1000,8840,6993.0,10,70,4,4,1.0,1000,5,1,true,87
730,2954,8846,1000,8846,6993.0,10,70,4,4,1.0,1000,5,1,true,87
730,2954,8846,1000,8846,6993.0,10,70,4,4,1.0,1000,5,1,true,87
730,2955,8849,1000,8849,6993.0,10,70,4,4,1.0,1000,5,1,true,87
730,2956,8852,1000,8852,6993.0,10,70,4,4,1.0,1000,5,1,true,87
730,2957,8855,1000,8855,6993.0,10,70,4,4,1.0,1000,5,1,true,87
730,2958,8858,1000,8858,6993.0,10,70,4,4,1.0,1000,5,1,true,87
730,2959,8861,1000,8861,6993.0,10,70,4,4,1.0,1000,5,1,true,87
730,2960,8864,1000,8864,6993.0,10,70,4,4,1.0,1000,5,1,true,87
730,2961,8867,1000,8867,6993.0,10,70,4,4,1.0,1000,5,1,true,87
730,2962,8870,1000,8870,6993.0,10,70,4,4,1.0,1000,5,1,true,87
730,2963,8873,1000,8873,6993.0,10,70,4,4,1.0,1000,5,1,true,87
730,2964,8876,1000,8876,6993.0,10,70,4,4,1.0,1000,5,1,true,87
730,2965,8879,1000,8879,6993.0,10,70,4,4,1.0,1000,5,1,true,87
730,2966,8882,1000,8882,6993.0,10,70,4,4,1.0,1000,5,1,true,87
730,2967,8885,1000,8885,6993.0,10,70,4,4,1.0,1000,5,1,true,87
730,2968,8888,1000,8888,6993.0,10,70,4,4,1.0,1000,5,1,true,87
730,2969,8891,1000,8891,6993.0,10,70,4,4,1.0,1000,5,1,true,87
730,2970,8894,1000,8894,6993.0,10,70,4,4,1.0,1000,5,1,true,87
730,2971,8897,1000,8897,6993.0,10,70,4,4,1.0,1000,5,1,true,87
730,2972,8900,1000,8900,6993.0,10,70,4,4,1.0,1000,5,1,true,87
730,2973,8903,1000,8903,6993.0,10,70,4,4,1.0,1000,5,1,true,87
730,2974,8906,1000,8906,6993.0,10,70,4,4,1.0,1000,5,1,true,87
730,2975,8909,1000,8909,6993.0,10,70,4,4,1.0,1000,5,1,true,87
730,2976,8912,1000,8912,6993.0,10,70,4,4,1.0,1000,5,1,true,87
730,2977,8915,1000,8915,6993.0,10,70,4,4,1.0,1000,5,1,true,87
730,2978,8918,1000,8918,6993.0,10,70,4,4,1.0,1000,5,1,true,87
730,2979,8921,1000,8921,6993.0,10,70,4,4,1.0,1000,5,1,true,87
730,2980,8924,1000,8924,6993.0,10,70,4,4,1.0,1000,5,1,true,87
730,2981,8927,1000,8927,6993.0,10,70,4,4,1.0,1000,5,1,true,87
730,2982,8930,1000,8930,6993.0,10,70,4,4,1.0,1000,5,1,true,87
730,2983,8933,1000,8933,6993.0,10,70,4,4,1.0,1000,5,1,true,87
730,2984,8936,1000,8936,6993.0,10,70,4,4,1.0,1000,5,1,true,87
730,2985,8939,1000,8939,6993.0,10,70,4,4,1.0,1000,5,1,true,87
730,2986,8942,1000,8942,6993.0,10,70,4,4,1.0,1000,5,1,true,87
730,2987,8945,1000,8945,6993.0,10,70,4,4,1.0,1000,5,1,true,87
730,2988,8948,1000,8948,6993.0,10,70,4,4,1.0,1000,5,1,true,87
730,2989,8951,1000,8951,6993.0,10,70,4,4,1.0,1000,5,1,true,87
730,2990,8954,1000,8954,6993.0,10,70,4,4,1.0,1000,5,1,true,87
730,2991,8957,1000,8957,6993.0,10,70,4,4,1.0,1000,5,1,true,87
730,2992,8960,1000,8960,6993.0,10,70,4,4,1.0,1000,5,1,true,87
730,2993,8963,1000,8963,6993.0,10,70,4,4,1.0,1000,5,1,true,87
730,2994,8966,1000,8966,6993.0,10,70,4,4,1.0,1000,5,1,true,87
730,2995,8969,1000,8969,6993.0,10,70,4,4,1.0,1000,5,1,true,87
730,2996,8972,1000,8972,6993.0,10,70,4,4,1.0,1000,5,1,true,87
730,2997,8975,1000,8975,6993.0,10,70,4,4,1.0,1000,5,1,true,87
730,2998,8978,1000,8978,6993.0,10,70,4,4,1.0,1000,5,1,true,87
730,2999,8981,1000,8981,6993.0,10,70,4,4,1.0,1000,5,1,true,87
730,3000,8984,1000,8984,6993.0,10,70,4,4,1.0,1000,5,1,true,87
730,3001,8987,1000,8987,6993.0,10,70,4,4,1.0,1000,5,1,true,87
730,3002,8990,1000,8990,6993.0,10,70,4,4,1.0,1000,5,1,true,87
730,3003,8993,1000,8993,6993.0,10,70,4,4,1.0,1000,5,1,true,87
730,3004,8996,1000,8996,6993.0,10,70,4,4,1.0,1000,5,1,true,87
730,3005,8999,1000,8999,6993.0,10,70,4,4,1.0,1000,5,1,true,87
730,3006,9002,1000,9002,6993.0,10,70,4,4,1.0,1000,5,1,true,87
730,3007,9005,1000,9005,6993.0,10,70,4,4,1.0,1000,5,1,true,87
730,3008,9008,1000,9008,6993.0,10,70,4,4,1.0,1000,5,1,true,87
730,3009,9011,1000,9011,6993.0,10,70,4,4,1.0,1000,5,1,true,87
730,3010,9014,1000,9014,6993.0,10,70,4,4,1.0,1000,5,1,true,87
730,3011,9017,1000,9017,6993.0,10,70,4,4,1.0,1000,5,1,true,87
730,3012,9020,1000,9020,6993.0,10,70,4,4,1.0,1000,5,1,true,87
730,3013,9023,1000,9023,6993.0,10,70,4,4,1.0,1000,5,1,true,87
730,3014,9026,1000,9026,6993.0,10,70,4,4,1.0,1000,5,1,true,87
730,3015,9029,1000,9029,6993.0,10,70,4,4,1.0,1000,5,1,true,87
730,3016,9032,1000,9032,6993.0,10,70,4,4,1.0,1000,5,1,true,87
730,3017,9035,1000,9035,6993.0,10,70,4,4,1.0,1000,5,1,true,87
730,3018,9038,1000,9038,6993.0,10,70,4,4,1.0,1000,5,1,true,87
730,3019,9041,1000,9041,6993.0,10,70,4,4,1.0,1000,5,1,true,87
730,3020,9044,1000,9044,6993.0,10,70,4,4,1.0,1000,5,1,true,87
730,3021,9047,1000,9047,6993.0,10,70,4,4,1.0,1000,5,1,true,87
730,3022,9050,1000,9050,6993.0,10,70,4,4,1.0,1000,5,1,true,87
730,3023,9053,1000,9053,6993.0,10,70,4,4,1.0,1000,5,1,true,87
730,3024,9056,1000,9056,6993.0,10,70,4,4,1.0,1000,5,1,true,87
730,3025,9059,1000,9059,6993.0,10,70,4,4,1.0,1000,5,1,true,87
730,3026,9062,1000,9062,6993.0,10,70,4,4,1.0,1000,5,1,true,87
730,3027,9065,1000,9065,6993.0,10,70,4,4,1.0,1000,5,1,true,87
730,3028,9068,1000,9068,6993.0,10,70,4,4,1.0,1000,5,1,true,87
730,3029,9071,1000,9071,6993.0,10,70,4,4,1.0,1000,5,1,true,87
730,3030,9074,1000,9074,6993.0,10,70,4,4,1.0,1000,5,1,true,87
730,3031,9077,1000,9077,6993.0,10,70,4,4,1.0,1000,5,1,true,87
730,3032,9080,1000,9080,6993.0,10,70,4,4,1.0,1000,5,1,true,87
730,3033,9083,1000,9083,6993.0,10,70,4,4,1.0,1000,5,1,true,87
730,3034,9086,1000,9086,6993.0,10,70,4,4,1.0,1000,5,1,true,87
730,3035,9089,1000,9089,6993.0,10,70,4,4,1.0,1000,5,1,true,87
730,3036,9092,1000,9092,6993.0,10,70,4,4,1.0,1000,5,1,true,87
730,3037,9095,1000,9095,6993.0,10,70,4,4,1.0,1000,5,1,true,87
730,3038,9098,1000,9098,6993.0,10,70,4,4,1.0,1000,5,1,true,87
730,3039,9101,1000,9101,6993.0,10,70,4,4,1.0,1000,5,1,true,87
730,3040,9104,1000,9104,6993.0,10,70,4,4,1.0,1000,5,1,true,87
730,3041,9107,1000,9107,6993.0,10,70,4,4,1.0,1000,5,1,true,87
730,3042,9110,1000,9110,6993.0,10,70,4,4,1.0,1000,5,1,true,87
730,3043,9113,1000,9113,6993.0,10,70,4,4,1.0,1000,5,1,true,87
730,3044,9116,1000,9116,6993.0,10,70,4,4,1.0,1000,5,1,true,87
730,3045,9119,1000,9119,6993.0,10,70,4,4,1.0,1000,5,1,true,87
730,3046,9122,1000,9122,6993.0,10,70,4,4,1.0,1000,5,1,true,87
730,3047,9125,1000,9125,6993.0,10,70,4,4,1.0,1000,5,1,true,87
730,3048,9128,1000,9128,6993.0,10,70,4,4,1.0,1000,5,1,true,87
730,3049,9131,1000,9131,6993.0,10,70,4,4,1.0,1000,5,1,true,87
730,3050,9134,1000,9134,6993.0,10,70,4,4,1.0,1000,5,1,true,87
730,3051,9137,1000,9137,6993.0,10,70,4,4,1.0,1000,5,1,true,87
730,3052,9140,1000,9140,6993.0,10,70,4,4,1.0,1000,5,1,true,87
730,3053,9143,1000,9143,6993.0,10,70,4,4,1.0,1000,5,1,true,87
730,3054,9146,1000,9146,6993.0,10,70,4,4,1.0,1000,5,1,true,87
730,3055,9149,1000,9149,6993.0,10,70,4,4,1.0,1000,5,1,true,87
730,3056,9152,1000,9152,6993.0,10,70,4,4,1.0,1000,5,1,true,87
730,3057,9155,1000,9155,6993.0,10,70,4,4,1.0,1000,5,1,true,87
730,3058,9158,1000,9158,6993.0,10,70,4,4,1.0,1000,5,1,true,87
730,3059,9161,1000,9161,6993.0,10,70,4,4,1.0,1000,5,1,true,87
730,3060,9164,1000,9164,6993.0,10,70,4,4,1.0,1000,5,1,true,87
730,3061,9167,1000,9167,6993.0,10,70,4,4,1.0,1000,5,1,true,87
730,3062,9170,1000,9170,6993.0,10,70,4,4,1.0,1000,5,1,true,87
730,3063,9173,1000,9173,6993.0,10,70,4,4,1.0,1000,5,1,true,87
730,3064,9176,1000,9176,6993.0,10,70,4,4,1.0,1000,5,1,true,87
730,3065,9179,1000,9179,6993.0,10,70,4,4,1.0,1000,5,1,true,87
730,3066,9182,1000,9182,6993.0,10,70,4,4,1.0,1000,5,1,true,87
730,3067,9185,1000,9185,6993.0,10,70,4,4,1.0,1000,5,1,true,87
730,3068,9188,1000,9188,6993.0,10,70,4,4,1.0,1000,5,1,true,87
730,3069,9191,1000,9191,6993.0,10,70,4,4,1.0,1000,5,1,true,87
730,3070,9194,1000,9194,6993.0,10,70,4,4,1.0,1000,5,1,true,87
730,3071,9197,1000,9197,6993.0,10,70,4,4,1.0,1000,5,1,true,87
730,3072,9200,1000,9200,6993.0,10,70,4,4,1.0,1000,5,1,true,87
730,3073,9203,1000,9203,6993.0,10,70,4,4,1.0,1000,5,1,true,87
730,3074,9206,1000,9206,6993.0,10,70,4,4,1.0,1000,5,1,true,87
730,3075,9209,1000,9209,6993.0,10,70,4,4,1.0,1000,5,1,true,87
730,3076,9212,1000,9212,6993.0,10,70,4,4,1.0,1000,5,1,true,87
730,3077,9215,1000,9215,6993.0,10,70,4,4,1.0,1000,5,1,true,87
730,3078,9218,1000,9218,6993.0,10,70,4,4,1.0,1000,5,1,true,87
730,3079,9221,1000,9221,6993.0,10,70,4,4,1.0,1000,5,1,true,87
730,3080,9224,1000,9224,6993.0,10,70,4,4,1.0,1000,5,1,true,87
730,3081,9227,1000,9227,6993.0,10,70,4,4,1.0,1000,5,1,true,87
730,3082,9230,1000,9230,6993.0,10,70,4,4,1.0,1000,5,1,true,87
730,3083,9233,1000,9233,6993.0,10,70,4,4,1.0,1000,5,1,true,87
730,3084,9236,1000,9236,6993.0,10,70,4,4,1.0,1000,5,1,true,87
730,3085,9239,1000,9239,6993.0,10,70,4,4,1.0,1000,5,1,true,87
730,3086,9242,1000,9242,6993.0,10,70,4,4,1.0,1000,5,1,true,87
730,3087,9245,1000,9245,6993.0,10,70,4,4,1.0,1000,5,1,true,87
730,3088,9248,1000,9248,6993.0,10,70,4,4,1.0,1000,5,1,true,87
730,3089,9251,1000,9251,6993.0,10,70,4,4,1.0,1000,5,1,true,87
730,3090,9254,1000,9254,6993.0,10,70,4,4,1.0,1000,5,1,true,87
730,3091,9257,1000,9257,6993.0,10,70,4,4,1.0,1000,5,1,true,87
730,3092,9260,1000,9260,6993.0,10,70,4,4,1.0,1000,5,1,true,87
730,3093,9263,1000,9263,6993.0,10,70,4,4,1.0,1000,5,1,true,87
730,3094,9266,1000,9266,6993.0,10,70,4,4,1.0,1000,5,1,true,87
730,3095,9269,1000,9269,6993.0,10,70,4,4,1.0,1000,5,1,true,87
730,3096,9272,1000,9272,6993.0,10,70,4,4,1.0,1000,5,1,true,87
730,3097,9275,1000,9275,6993.0,10,70,4,4,1.0,1000,5,1,true,87
730,3098,9278,1000,9278,6993.0,10,70,4,4,1.0,1000,5,1,true,87
730,3099,9281,1000,9281,6993.0,10,70,4,4,1.0,1000,5,1,true,87
730,3100,9284,1000,9284,6993.0,10,70,4,4,1.0,1000,5,1,true,87
730,3101,9288,1000,9288,6993.0,10,70,4,4,1.0,1000,5,1,true,87
730,3102,9291,1000,9291,6993.0,10,70,4,4,1.0,1000,5,1,true,87
730,3103,9294,1000,9294,6993.0,10,70,4,4,1.0,1000,5,1,true,87
730,3104,9297,1000,9297,6993.0,10,70,4,4,1.0,1000,5,1,true,87
730,3105,9300,1000,9300,6993.0,10,70,4,4,1.0,1000,5,1,true,87
730,3106,9303,1000,9303,6993.0,10,70,4,4,1.0,1000,5,1,true,87
730,3107,9306,1000,9306,6993.0,10,70,4,4,1.0,1000,5,1,true,87
730,3108,9309,1000,9309,6993.0,10,70,4,4,1.0,1000,5,1,true,87
730,3109,9312,1000,9312,6993.0,10,70,4,4,1.0,1000,5,1,true,87
730,3110,9315,1000,9315,6993.0,10,70,4,4,1.0,1000,5,1,true,87
730,3111,9318,1000,9318,6993.0,10,70,4,4,1.0,1000,5,1,true,87
730,3112,9321,1000,9321,6993.0,10,70,4,4,1.0,1000,5,1,true,87
730,3113,9324,1000,9324,6993.0,10,70,4,4,1.0,1000,5,1,true,87
730,3114,9327,1000,9327,6993.0,10,70,4,4,1.0,1000,5,1,true,87
730,3115,9330,1000,9330,6993.0,10,70,4,4,1.0,1000,5,1,true,87
730,3116,9333,1000,9333,6993.0,10,70,4,4,1.0,1000,5,1,true,87
730,3117,9336,1000,9336,6993.0,10,70,4,4,1.0,1000,5,1,true,87
730,3118,9339,1000,9339,6993.0,10,70,4,4,1.0,1000,5,1,true,87
730,3119,9342,1000,9342,6993.0,10,70,4,4,1.0,1000,5,1,true,87
730,3120,9345,1000,9345,6993.0,10,70,4,4,1.0,1000,5,1,true,87
730,3121,9348,1000,9348,6993.0,10,70,4,4,1.0,1000,5,1,true,87
730,3122,9351,1000,9351,6993.0,10,70,4,4,1.0,1000,5,1,true,87
730,3123,9354,1000,9354,6993.0,10,70,4,4,1.0,1000,5,1,true,87
730,3124,9357,1000,9357,6993.0,10,70,4,4,1.0,1000,5,1,true,87
730,3125,9360,1000,9360,6993.0,10,70,4,4,1.0,1000,5,1,true,87
730,3126,9363,1000,9363,6993.0,10,70,4,4,1.0,1000,5,1,true,87
730,3127,9366,1000,9366,6993.0,10,70,4,4,1.0,1000,5,1,true,87
730,3128,9369,1000,9369,6993.0,10,70,4,4,1.0,1000,5,1,true,87
730,3129,9372,1000,9372,6993.0,10,70,4,4,1.0,1000,5,1,true,87
730,3130,9375,1000,9375,6993.0,10,70,4,4,1.0,1000,5,1,true,87
730,3131,9378,1000,9378,6993.0,10,70,4,4,1.0,1000,5,1,true,87
730,3132,9381,1000,9381,6993.0,10,70,4,4,1.0,1000,5,1,true,87
730,3133,9384,1000,9384,6993.0,10,70,4,4,1.0,1000,5,1,true,87
730,3134,9387,1000,9387,6993.0,10,70,4,4,1.0,1000,5,1,true,87
730,3135,9390,1000,9390,6993.0,10,70,4,4,1.0,1000,5,1,true,87
730,3136,9393,1000,9393,6993.0,10,70,4,4,1.0,1000,5,1,true,87
730,3137,9396,1000,9396,6993.0,10,70,4,4,1.0,1000,5,1,true,87
730,3138,9399,1000,9399,6993.0,10,70,4,4,1.0,1000,5,1,true,87
730,3139,9402,1000,9402,6993.0,10,70,4,4,1.0,1000,5,1,true,87
730,3140,9405,1000,9405,6993.0,10,70,4,4,1.0,1000,5,1,true,87
730,3141,9408,1000,9408,6993.0,10,70,4,4,1.0,1000,5,1,true,87
730,3142,9411,1000,9411,6993.0,10,70,4,4,1.0,1000,5,1,true,87
730,3143,9414,1000,9414,6993.0,10,70,4,4,1.0,1000,5,1,true,87
730,3144,9417,1000,9417,6993.0,10,70,4,4,1.0,1000,5,1,true,87
730,3145,9420,1000,9420,6993.0,10,70,4,4,1.0,1000,5,1,true,87
730,3146,9423,1000,9423,6993.0,10,70,4,4,1.0,1000,5,1,true,87
730,3147,9426,1000,9426,6993.0,10,70,4,4,1.0,1000,5,1,true,87
730,3148,9429,1000,9429,6993.0,10,70,4,4,1.0,1000,5,1,true,87
730,3149,9432,1000,9432,6993.0,10,70,4,4,1.0,1000,5,1,true,87
730,3150,9435,1000,9435,6993.0,10,70,4,4,1.0,1000,5,1,true,87
730,3151,9438,1000,9438,6993.0,10,70,4,4,1.0,1000,5,1,true,87
730,3152,9441,1000,9441,6993.0,10,70,4,4,1.0,1000,5,1,true,87
730,3153,9444,1000,9444,6993.0,10,70,4,4,1.0,1000,5,1,true,87
730,3154,9447,1000,9447,6993.0,10,70,4,4,1.0,1000,5,1,true,87
730,3155,9450,1000,9450,6993.0,10,70,4,4,1.0,1000,5,1,true,87
730,3156,9453,1000,9453,6993.0,10,70,4,4,1.0,1000,5,1,true,87
730,3157,9456,1000,9456,6993.0,10,70,4,4,1.0,1000,5,1,true,87
730,3158,9459,1000,9459,6993.0,10,70,4,4,1.0,1000,5,1,true,87
730,3159,9462,1000,9462,6993.0,10,70,4,4,1.0,1000,5,1,true,87
730,3160,9465,1000,9465,6993.0,10,70,4,4,1.0,1000,5,1,true,87
730,3161,9468,1000,9468,6993.0,10,70,4,4,1.0,1000,5,1,true,87
730,3162,9471,1000,9471,6993.0,10,70,4,4,1.0,1000,5,1,true,87
730,3163,9474,1000,9474,6993.0,10,70,4,4,1.0,1000,5,1,true,87
730,3164,9477,1000,9477,6993.0,10,70,4,4,1.0,1000,5,1,true,87
730,3165,9480,1000,9480,6993.0,10,70,4,4,1.0,1000,5,1,true,87
730,3166,9483,1000,9483,6993.0,10,70,4,4,1.0,1000,5,1,true,87
730,3167,9486,1000,9486,6993.0,10,70,4,4,1.0,1000,5,1,true,87
730,3168,9489,1000,9489,6993.0,10,70,4,4,1.0,1000,5,1,true,87
730,3169,9492,1000,9492,6993.0,10,70,4,4,1.0,1000,5,1,true,87
730,3170,9495,1000,9495,6993.0,10,70,4,4,1.0,1000,5,1,true,87
730,3171,9498,1000,9498,6993.0,10,70,4,4,1.0,1000,5,1,true,87
730,3172,9501,1000,9501,6993.0,10,70,4,4,1.0,1000,5,1,true,87
730,3173,9504,1000,9504,6993.0,10,70,4,4,1.0,1000,5,1,true,87
730,3174,9507,1000,9507,6993.0,10,70,4,4,1.0,1000,5,1,true,87
730,3175,9510,1000,9510,6993.0,10,70,4,4,1.0,1000,5,1,true,87
730,3176,9513,1000,9513,6993.0,10,70,4,4,1.0,1000,5,1,true,87
730,3177,9516,1000,9516,6993.0,10,70,4,4,1.0,1000,5,1,true,87
730,3178,9519,1000,9519,6993.0,10,70,4,4,1.0,1000,5,1,true,87
730,3179,9522,1000,9522,6993.0,10,70,4,4,1.0,1000,5,1,true,87
730,3180,9525,1000,9525,6993.0,10,70,4,4,1.0,1000,5,1,true,87
730,3181,9528,1000,9528,6993.0,10,70,4,4,1.0,1000,5,1,true,87
730,3182,9531,1000,9531,6993.0,10,70,4,4,1.0,1000,5,1,true,87
730,3183,9534,1000,9534,6993.0,10,70,4,4,1.0,1000,5,1,true,87
730,3184,9537,1000,9537,6993.0,10,70,4,4,1.0,1000,5,1,true,87
730,3185,9540,1000,9540,6993.0,10,70,4,4,1.0,1000,5,1,true,87
730,3186,9543,1000,9543,6993.0,10,70,4,4,1.0,1000,5,1,true,87
730,3187,9546,1000,9546,6993.0,10,70,4,4,1.0,1000,5,1,true,87
730,3188,9549,1000,9549,6993.0,10,70,4,4,1.0,1000,5,1,true,87
730,3189,9552,1000,9552,6993.0,10,70,4,4,1.0,1000,5,1,true,87
730,3190,9555,1000,9555,6993.0,10,70,4,4,1.0,1000,5,1,true,87
730,3191,9558,1000,9558,6993.0,10,70,4,4,1.0,1000,5,1,true,87
730,3192,9561,1000,9561,6993.0,10,70,4,4,1.0,1000,5,1,true,87
730,3193,9564,1000,9564,6993.0,10,70,4,4,1.0,1000,5,1,true,87
730,3194,9567,1000,9567,6993.0,10,70,4,4,1.0,1000,5,1,true,87
730,3195,9570,1000,9570,6993.0,10,70,4,4,1.0,1000,5,1,true,87
730,3196,9573,1000,9573,6993.0,10,70,4,4,1.0,1000,5,1,true,87
730,3197,9576,1000,9576,6993.0,10,70,4,4,1.0,1000,5,1,true,87
730,3198,9579,1000,9579,6993.0,10,70,4,4,1.0,1000,5,1,true,87
730,3199,9582,1000,9582,6993.0,10,70,4,4,1.0,1000,5,1,true,87
730,3200,9585,1000,9585,6993.0,10,70,4,4,1.0,1000,5,1,true,87
730,3201,9588,1000,9588,6993.0,10,70,4,4,1.0,1000,5,1,true,87
730,3202,9591,1000,9591,6993.0,10,70,4,4,1.0,1000,5,1,true,87
730,3203,9594,1000,9594,6993.0,10,70,4,4,1.0,1000,5,1,true,87
730,3204,9597,1000,9597,6993.0,10,70,4,4,1.0,1000,5,1,true,87
730,3205,9600,1000,9600,6993.0,10,70,4,4,1.0,1000,5,1,true,87
730,3206,9603,1000,9603,6993.0,10,70,4,4,1.0,1000,5,1,true,87
730,3207,9606,1000,9606,6993.0,10,70,4,4,1.0,1000,5,1,true,87
730,3208,9609,1000,9609,6993.0,10,70,4,4,1.0,1000,5,1,true,87
730,3209,9612,1000,9612,6993.0,10,70,4,4,1.0,1000,5,1,true,87
730,3210,9615,1000,9615,6993.0,10,70,4,4,1.0,1000,5,1,true,87
730,3211,9618,1000,9618,6993.0,10,70,4,4,1.0,1000,5,1,true,87
730,3212,9621,1000,9621,6993.0,10,70,4,4,1.0,1000,5,1,true,87
730,3213,9624,1000,9624,6993.0,10,70,4,4,1.0,1000,5,1,true,87
730,3214,9627,1000,9627,6993.0,10,70,4,4,1.0,1000,5,1,true,87
730,3215,9630,1000,9630,6993.0,10,70,4,4,1.0,1000,5,1,true,87
730,3216,9633,1000,9633,6993.0,10,70,4,4,1.0,1000,5,1,true,87
730,3217,9636,1000,9636,6993.0,10,70,4,4,1.0,1000,5,1,true,87
730,3218,9639,1000,9639,6993.0,10,70,4,4,1.0,1000,5,1,true,87
730,3219,9642,1000,9642,6993.0,10,70,4,4,1.0,1000,5,1,true,87
730,3220,9645,1000,9645,6993.0,10,70,4,4,1.0,1000,5,1,true,87
730,3221,9648,1000,9648,6993.0,10,70,4,4,1.0,1000,5,1,true,87
730,3222,9651,1000,9651,6993.0,10,70,4,4,1.0,1000,5,1,true,87
730,3223,9654,1000,9654,6993.0,10,70,4,4,1.0,1000,5,1,true,87
730,3224,9657,1000,9657,6993.0,10,70,4,4,1.0,1000,5,1,true,87
730,3225,9660,1000,9660,6993.0,10,70,4,4,1.0,1000,5,1,true,87
730,3226,9663,1000,9663,6993.0,10,70,4,4,1.0,1000,5,1,true,87
730,3227,9666,1000,9666,6993.0,10,70,4,4,1.0,1000,5,1,true,87
730,3228,9669,1000,9669,6993.0,10,70,4,4,1.0,1000,5,1,true,87
730,3229,9672,1000,9672,6993.0,10,70,4,4,1.0,1000,5,1,true,87
730,3230,9675,1000,9675,6993.0,10,70,4,4,1.0,1000,5,1,true,87
730,3231,9678,1000,9678,6993.0,10,70,4,4,1.0,1000,5,1,true,87
730,3232,9681,1000,9681,6993.0,10,70,4,4,1.0,1000,5,1,true,87
730,3233,9684,1000,9684,6993.0,10,70,4,4,1.0,1000,5,1,true,87
730,3234,9687,1000,9687,6993.0,10,70,4,4,1.0,1000,5,1,true,87
730,3235,9690,1000,9690,6993.0,10,70,4,4,1.0,1000,5,1,true,87
730,3236,9693,1000,9693,6993.0,10,70,4,4,1.0,1000,5,1,true,87
730,3237,9696,1000,9696,6993.0,10,70,4,4,1.0,1000,5,1,true,87
730,3238,9699,1000,9699,6993.0,10,70,4,4,1.0,1000,5,1,true,87
730,3239,9702,1000,9702,6993.0,10,70,4,4,1.0,1000,5,1,true,87
730,3240,9705,1000,9705,6993.0,10,70,4,4,1.0,1000,5,1,true,87
730,3241,9708,1000,9708,6993.0,10,70,4,4,1.0,1000,5,1,true,87
730,3242,9711,1000,9711,6993.0,10,70,4,4,1.0,1000,5,1,true,87
730,3243,9714,1000,9714,6993.0,10,70,4,4,1.0,1000,5,1,true,87
730,3244,9717,1000,9717,6993.0,10,70,4,4,1.0,1000,5,1,true,87
730,3245,9720,1000,9720,6993.0,10,70,4,4,1.0,1000,5,1,true,87
730,3246,9723,1000,9723,6993.0,10,70,4,4,1.0,1000,5,1,true,87
730,3247,9726,1000,9726,6993.0,10,70,4,4,1.0,1000,5,1,true,87
730,3248,9729,1000,9729,6993.0,10,70,4,4,1.0,1000,5,1,true,87
730,3249,9732,1000,9732,6993.0,10,70,4,4,1.0,1000,5,1,true,87
730,3250,9735,1000,9735,6993.0,10,70,4,4,1.0,1000,5,1,true,87
730,3251,9738,1000,9738,6993.0,10,70,4,4,1.0,1000,5,1,true,87
730,3252,9741,1000,9741,6993.0,10,70,4,4,1.0,1000,5,1,true,87
730,3253,9744,1000,9744,6993.0,10,70,4,4,1.0,1000,5,1,true,87
730,3254,9747,1000,9747,6993.0,10,70,4,4,1.0,1000,5,1,true,87
730,3255,9750,1000,9750,6993.0,10,70,4,4,1.0,1000,5,1,true,87
730,3257,9756,1000,9756,6993.0,10,70,4,4,1.0,1000,5,1,true,87
730,3257,9756,1000,9756,6993.0,10,70,4,4,1.0,1000,5,1,true,87
730,3258,9759,1000,9759,6993.0,10,70,4,4,1.0,1000,5,1,true,87
730,3259,9762,1000,9762,6993.0,10,70,4,4,1.0,1000,5,1,true,87
730,3260,9765,1000,9765,6993.0,10,70,4,4,1.0,1000,5,1,true,87
730,3261,9768,1000,9768,6993.0,10,70,4,4,1.0,1000,5,1,true,87
730,3262,9771,1000,9771,6993.0,10,70,4,4,1.0,1000,5,1,true,87
730,3263,9774,1000,9774,6993.0,10,70,4,4,1.0,1000,5,1,true,87
730,3264,9777,1000,9777,6993.0,10,70,4,4,1.0,1000,5,1,true,87
730,3265,9780,1000,9780,6993.0,10,70,4,4,1.0,1000,5,1,true,87
730,3266,9783,1000,9783,6993.0,10,70,4,4,1.0,1000,5,1,true,87
730,3267,9786,1000,9786,6993.0,10,70,4,4,1.0,1000,5,1,true,87
730,3268,9789,1000,9789,6993.0,10,70,4,4,1.0,1000,5,1,true,87
730,3269,9792,1000,9792,6993.0,10,70,4,4,1.0,1000,5,1,true,87
730,3270,9795,1000,9795,6993.0,10,70,4,4,1.0,1000,5,1,true,87
730,3271,9798,1000,9798,6993.0,10,70,4,4,1.0,1000,5,1,true,87
730,3272,9801,1000,9801,6993.0,10,70,4,4,1.0,1000,5,1,true,87
730,3273,9804,1000,9804,6993.0,10,70,4,4,1.0,1000,5,1,true,87
730,3274,9807,1000,9807,6993.0,10,70,4,4,1.0,1000,5,1,true,87
730,3275,9810,1000,9810,6993.0,10,70,4,4,1.0,1000,5,1,true,87
730,3276,9813,1000,9813,6993.0,10,70,4,4,1.0,1000,5,1,true,87
730,3277,9816,1000,9816,6993.0,10,70,4,4,1.0,1000,5,1,true,87
730,3278,9819,1000,9819,6993.0,10,70,4,4,1.0,1000,5,1,true,87
730,3279,9822,1000,9822,6993.0,10,70,4,4,1.0,1000,5,1,true,87
730,3280,9825,1000,9825,6993.0,10,70,4,4,1.0,1000,5,1,true,87
730,3281,9828,1000,9828,6993.0,10,70,4,4,1.0,1000,5,1,true,87
730,3282,9831,1000,9831,6993.0,10,70,4,4,1.0,1000,5,1,true,87
730,3283,9834,1000,9834,6993.0,10,70,4,4,1.0,1000,5,1,true,87
730,3284,9837,1000,9837,6993.0,10,70,4,4,1.0,1000,5,1,true,87
730,3285,9840,1000,9840,6993.0,10,70,4,4,1.0,1000,5,1,true,87
730,3286,9843,1000,9843,6993.0,10,70,4,4,1.0,1000,5,1,true,87
730,3287,9846,1000,9846,6993.0,10,70,4,4,1.0,1000,5,1,true,87
730,3288,9849,1000,9849,6993.0,10,70,4,4,1.0,1000,5,1,true,87
730,3289,9852,1000,9852,6993.0,10,70,4,4,1.0,1000,5,1,true,87
730,3290,9855,1000,9855,6993.0,10,70,4,4,1.0,1000,5,1,true,87
730,3291,9858,1000,9858,6993.0,10,70,4,4,1.0,1000,5,1,true,87
730,3292,9861,1000,9861,6993.0,10,70,4,4,1.0,1000,5,1,true,87
730,3293,9864,1000,9864,6993.0,10,70,4,4,1.0,1000,5,1,true,87
730,3294,9867,1000,9867,6993.0,10,70,4,4,1.0,1000,5,1,true,87
730,3295,9870,1000,9870,6993.0,10,70,4,4,1.0,1000,5,1,true,87
730,3296,9873,1000,9873,6993.0,10,70,4,4,1.0,1000,5,1,true,87
730,3297,9876,1000,9876,6993.0,10,70,4,4,1.0,1000,5,1,true,87
730,3298,9879,1000,9879,6993.0,10,70,4,4,1.0,1000,5,1,true,87
730,3299,9882,1000,9882,6993.0,10,70,4,4,1.0,1000,5,1,true,87
730,3300,9885,1000,9885,6993.0,10,70,4,4,1.0,1000,5,1,true,87
730,3301,9888,1000,9888,6993.0,10,70,4,4,1.0,1000,5,1,true,87
730,3302,9891,1000,9891,6993.0,10,70,4,4,1.0,1000,5,1,true,87
730,3303,9894,1000,9894,6993.0,10,70,4,4,1.0,1000,5,1,true,87
730,3304,9897,1000,9897,6993.0,10,70,4,4,1.0,1000,5,1,true,87
730,3305,9900,1000,9900,6993.0,10,70,4,4,1.0,1000,5,1,true,87
730,3306,9903,1000,9903,6993.0,10,70,4,4,1.0,1000,5,1,true,87
730,3307,9906,1000,9906,6993.0,10,70,4,4,1.0,1000,5,1,true,87
730,3308,9909,1000,9909,6993.0,10,70,4,4,1.0,1000,5,1,true,87
730,3309,9912,1000,9912,6993.0,10,70,4,4,1.0,1000,5,1,true,87
730,3310,9915,1000,9915,6993.0,10,70,4,4,1.0,1000,5,1,true,87
730,3311,9918,1000,9918,6993.0,10,70,4,4,1.0,1000,5,1,true,87
730,3312,9920,1000,9920,6993.0,10,70,4,4,1.0,1000,5,1,true,87
730,3313,9923,1000,9923,6993.0,10,70,4,4,1.0,1000,5,1,true,87
730,3314,9926,1000,9926,6993.0,10,70,4,4,1.0,1000,5,1,true,87
730,3315,9930,1000,9930,6993.0,10,70,4,4,1.0,1000,5,1,true,87
730,3316,9933,1000,9933,6993.0,10,70,4,4,1.0,1000,5,1,true,87
730,3317,9936,1000,9936,6993.0,10,70,4,4,1.0,1000,5,1,true,87
730,3318,9939,1000,9939,6993.0,10,70,4,4,1.0,1000,5,1,true,87
730,3319,9942,1000,9942,6993.0,10,70,4,4,1.0,1000,5,1,true,87
730,3320,9945,1000,9945,6993.0,10,70,4,4,1.0,1000,5,1,true,87
730,3321,9948,1000,9948,6993.0,10,70,4,4,1.0,1000,5,1,true,87
730,3322,9951,1000,9951,6993.0,10,70,4,4,1.0,1000,5,1,true,87
730,3323,9954,1000,9954,6993.0,10,70,4,4,1.0,1000,5,1,true,87
730,3324,9957,1000,9957,6993.0,10,70,4,4,1.0,1000,5,1,true,87
730,3325,9960,1000,9960,6993.0,10,70,4,4,1.0,1000,5,1,true,87
730,3327,9966,1000,9966,6993.0,10,70,4,4,1.0,1000,5,1,true,87
730,3327,9966,1000,9966,6993.0,10,70,4,4,1.0,1000,5,1,true,87
730,3328,9969,1000,9969,6993.0,10,70,4,4,1.0,1000,5,1,true,87
730,3329,9972,1000,9972,6993.0,10,70,4,4,1.0,1000,5,1,true,87
730,3330,9975,1000,9975,6993.0,10,70,4,4,1.0,1000,5,1,true,87
730,3331,9978,1000,9978,6993.0,10,70,4,4,1.0,1000,5,1,true,87
730,3332,9981,1000,9981,6993.0,10,70,4,4,1.0,1000,5,1,true,87
730,3333,9984,1000,9984,6993.0,10,70,4,4,1.0,1000,5,1,true,87
730,3334,9987,1000,9987,6993.0,10,70,4,4,1.0,1000,5,1,true,87
730,3335,9990,1000,9990,6993.0,10,70,4,4,1.0,1000,5,1,true,87
730,3336,9993,1000,9993,6993.0,10,70,4,4,1.0,1000,5,1,true,87
730,3337,9996,1000,9996,6993.0,10,70,4,4,1.0,1000,5,1,true,87
730,3338,9999,1000,9999,6993.0,10,70,4,4,1.0,1000,5,1,true,87
730,3339,10002,1000,10002,6993.0,10,70,4,4,1.0,1000,5,1,true,87
730,3340,10005,1000,10005,6993.0,10,70,4,4,1.0,1000,5,1,true,87
730,3341,10008,1000,10008,6993.0,10,70,4,4,1.0,1000,5,1,true,87
730,3342,10011,1000,10011,6993.0,10,70,4,4,1.0,1000,5,1,true,87
730,3343,10014,1000,10014,6993.0,10,70,4,4,1.0,1000,5,1,true,87
730,3344,10017,1000,10017,6993.0,10,70,4,4,1.0,1000,5,1,true,87
730,3345,10020,1000,10020,6993.0,10,70,4,4,1.0,1000,5,1,true,87
730,3346,10023,1000,10023,6993.0,10,70,4,4,1.0,1000,5,1,true,87
730,3347,10026,1000,10026,6993.0,10,70,4,4,1.0,1000,5,1,true,87
730,3348,10029,1000,10029,6993.0,10,70,4,4,1.0,1000,5,1,true,87
730,3349,10032,1000,10032,6993.0,10,70,4,4,1.0,1000,5,1,true,87
730,3350,10035,1000,10035,6993.0,10,70,4,4,1.0,1000,5,1,true,87
730,3351,10038,1000,10038,6993.0,10,70,4,4,1.0,1000,5,1,true,87
730,3352,10041,1000,10041,6993.0,10,70,4,4,1.0,1000,5,1,true,87
730,3353,10044,1000,10044,6993.0,10,70,4,4,1.0,1000,5,1,true,87
730,3354,10047,1000,10047,6993.0,10,70,4,4,1.0,1000,5,1,true,87
730,3355,10050,1000,10050,6993.0,10,70,4,4,1.0,1000,5,1,true,87
730,3356,10053,1000,10053,6993.0,10,70,4,4,1.0,1000,5,1,true,87
730,3357,10056,1000,10056,6993.0,10,70,4,4,1.0,1000,5,1,true,87
730,3358,10059,1000,10059,6993.0,10,70,4,4,1.0,1000,5,1,true,87
730,3359,10062,1000,10062,6993.0,10,70,4,4,1.0,1000,5,1,true,87
730,3360,10065,1000,10065,6993.0,10,70,4,4,1.0,1000,5,1,true,87
730,3361,10068,1000,10068,6993.0,10,70,4,4,1.0,1000,5,1,true,87
730,3362,10071,1000,10071,6993.0,10,70,4,4,1.0,1000,5,1,true,87
730,3363,10074,1000,10074,6993.0,10,70,4,4,1.0,1000,5,1,true,87
730,3364,10077,1000,10077,6993.0,10,70,4,4,1.0,1000,5,1,true,87
730,3365,10080,1000,10080,6993.0,10,70,4,4,1.0,1000,5,1,true,87
730,3366,10083,1000,10083,6993.0,10,70,4,4,1.0,1000,5,1,true,87
730,3367,10086,1000,10086,6993.0,10,70,4,4,1.0,1000,5,1,true,87
730,3368,10089,1000,10089,6993.0,10,70,4,4,1.0,1000,5,1,true,87
730,3369,10092,1000,10092,6993.0,10,70,4,4,1.0,1000,5,1,true,87
730,3370,10095,1000,10095,6993.0,10,70,4,4,1.0,1000,5,1,true,87
730,3371,10098,1000,10098,6993.0,10,70,4,4,1.0,1000,5,1,true,87
730,3372,10101,1000,10101,6993.0,10,70,4,4,1.0,1000,5,1,true,87
730,3373,10104,1000,10104,6993.0,10,70,4,4,1.0,1000,5,1,true,87
730,3374,10107,1000,10107,6993.0,10,70,4,4,1.0,1000,5,1,true,87
730,3375,10110,1000,10110,6993.0,10,70,4,4,1.0,1000,5,1,true,87
730,3376,10113,1000,10113,6993.0,10,70,4,4,1.0,1000,5,1,true,87
730,3377,10116,1000,10116,6993.0,10,70,4,4,1.0,1000,5,1,true,87
730,3378,10119,1000,10119,6993.0,10,70,4,4,1.0,1000,5,1,true,87
730,3379,10122,1000,10122,6993.0,10,70,4,4,1.0,1000,5,1,true,87
730,3380,10125,1000,10125,6993.0,10,70,4,4,1.0,1000,5,1,true,87
730,3381,10128,1000,10128,6993.0,10,70,4,4,1.0,1000,5,1,true,87
730,3382,10131,1000,10131,6993.0,10,70,4,4,1.0,1000,5,1,true,87
730,3383,10134,1000,10134,6993.0,10,70,4,4,1.0,1000,5,1,true,87
730,3384,10137,1000,10137,6993.0,10,70,4,4,1.0,1000,5,1,true,87
730,3385,10140,1000,10140,6993.0,10,70,4,4,1.0,1000,5,1,true,87
730,3386,10143,1000,10143,6993.0,10,70,4,4,1.0,1000,5,1,true,87
730,3387,10146,1000,10146,6993.0,10,70,4,4,1.0,1000,5,1,true,87
730,3388,10149,1000,10149,6993.0,10,70,4,4,1.0,1000,5,1,true,87
730,3389,10152,1000,10152,6993.0,10,70,4,4,1.0,1000,5,1,true,87
730,3390,10155,1000,10155,6993.0,10,70,4,4,1.0,1000,5,1,true,87
730,3391,10158,1000,10158,6993.0,10,70,4,4,1.0,1000,5,1,true,87
730,3392,10161,1000,10161,6993.0,10,70,4,4,1.0,1000,5,1,true,87
730,3393,10164,1000,10164,6993.0,10,70,4,4,1.0,1000,5,1,true,87
730,3394,10167,1000,10167,6993.0,10,70,4,4,1.0,1000,5,1,true,87
730,3395,10170,1000,10170,6993.0,10,70,4,4,1.0,1000,5,1,true,87
730,3396,10173,1000,10173,6993.0,10,70,4,4,1.0,1000,5,1,true,87
730,3397,10176,1000,10176,6993.0,10,70,4,4,1.0,1000,5,1,true,87
730,3398,10179,1000,10179,6993.0,10,70,4,4,1.0,1000,5,1,true,87
730,3399,10182,1000,10182,6993.0,10,70,4,4,1.0,1000,5,1,true,87
730,3400,10185,1000,10185,6993.0,10,70,4,4,1.0,1000,5,1,true,87
730,3401,10188,1000,10188,6993.0,10,70,4,4,1.0,1000,5,1,true,87
730,3402,10191,1000,10191,6993.0,10,70,4,4,1.0,1000,5,1,true,87
730,3403,10194,1000,10194,6993.0,10,70,4,4,1.0,1000,5,1,true,87
730,3404,10197,1000,10197,6993.0,10,70,4,4,1.0,1000,5,1,true,87
730,3405,10200,1000,10200,6993.0,10,70,4,4,1.0,1000,5,1,true,87
730,3406,10203,1000,10203,6993.0,10,70,4,4,1.0,1000,5,1,true,87
730,3407,10206,1000,10206,6993.0,10,70,4,4,1.0,1000,5,1,true,87
730,3408,10209,1000,10209,6993.0,10,70,4,4,1.0,1000,5,1,true,87
730,3409,10212,1000,10212,6993.0,10,70,4,4,1.0,1000,5,1,true,87
730,3410,10215,1000,10215,6993.0,10,70,4,4,1.0,1000,5,1,true,87
730,3411,10218,1000,10218,6993.0,10,70,4,4,1.0,1000,5,1,true,87
730,3412,10221,1000,10221,6993.0,10,70,4,4,1.0,1000,5,1,true,87
730,3413,10224,1000,10224,6993.0,10,70,4,4,1.0,1000,5,1,true,87
730,3414,10227,1000,10227,6993.0,10,70,4,4,1.0,1000,5,1,true,87
730,3415,10230,1000,10230,6993.0,10,70,4,4,1.0,1000,5,1,true,87
730,3416,10233,1000,10233,6993.0,10,70,4,4,1.0,1000,5,1,true,87
730,3417,10236,1000,10236,6993.0,10,70,4,4,1.0,1000,5,1,true,87
730,3418,10239,1000,10239,6993.0,10,70,4,4,1.0,1000,5,1,true,87
730,3419,10242,1000,10242,6993.0,10,70,4,4,1.0,1000,5,1,true,87
730,3420,10245,1000,10245,6993.0,10,70,4,4,1.0,1000,5,1,true,87
730,3421,10248,1000,10248,6993.0,10,70,4,4,1.0,1000,5,1,true,87
730,3422,10251,1000,10251,6993.0,10,70,4,4,1.0,1000,5,1,true,87
730,3423,10254,1000,10254,6993.0,10,70,4,4,1.0,1000,5,1,true,87
730,3424,10257,1000,10257,6993.0,10,70,4,4,1.0,1000,5,1,true,87
730,3425,10260,1000,10260,6993.0,10,70,4,4,1.0,1000,5,1,true,87
730,3426,10263,1000,10263,6993.0,10,70,4,4,1.0,1000,5,1,true,87
730,3427,10266,1000,10266,6993.0,10,70,4,4,1.0,1000,5,1,true,87
730,3428,10269,1000,10269,6993.0,10,70,4,4,1.0,1000,5,1,true,87
730,3429,10272,1000,10272,6993.0,10,70,4,4,1.0,1000,5,1,true,87
730,3430,10275,1000,10275,6993.0,10,70,4,4,1.0,1000,5,1,true,87
730,3431,10278,1000,10278,6993.0,10,70,4,4,1.0,1000,5,1,true,87
730,3432,10281,1000,10281,6993.0,10,70,4,4,1.0,1000,5,1,true,87
730,3433,10284,1000,10284,6993.0,10,70,4,4,1.0,1000,5,1,true,87
730,3434,10287,1000,10287,6993.0,10,70,4,4,1.0,1000,5,1,true,87
730,3435,10290,1000,10290,6993.0,10,70,4,4,1.0,1000,5,1,true,87
730,3436,10293,1000,10293,6993.0,10,70,4,4,1.0,1000,5,1,true,87
730,3437,10296,1000,10296,6993.0,10,70,4,4,1.0,1000,5,1,true,87
730,3438,10299,1000,10299,6993.0,10,70,4,4,1.0,1000,5,1,true,87
730,3439,10302,1000,10302,6993.0,10,70,4,4,1.0,1000,5,1,true,87
730,3440,10305,1000,10305,6993.0,10,70,4,4,1.0,1000,5,1,true,87
730,3441,10308,1000,10308,6993.0,10,70,4,4,1.0,1000,5,1,true,87
730,3442,10311,1000,10311,6993.0,10,70,4,4,1.0,1000,5,1,true,87
730,3443,10314,1000,10314,6993.0,10,70,4,4,1.0,1000,5,1,true,87
730,3444,10317,1000,10317,6993.0,10,70,4,4,1.0,1000,5,1,true,87
730,3445,10320,1000,10320,6993.0,10,70,4,4,1.0,1000,5,1,true,87
730,3446,10323,1000,10323,6993.0,10,70,4,4,1.0,1000,5,1,true,87
730,3447,10326,1000,10326,6993.0,10,70,4,4,1.0,1000,5,1,true,87
730,3448,10329,1000,10329,6993.0,10,70,4,4,1.0,1000,5,1,true,87
730,3449,10332,1000,10332,6993.0,10,70,4,4,1.0,1000,5,1,true,87
730,3450,10335,1000,10335,6993.0,10,70,4,4,1.0,1000,5,1,true,87
730,3451,10338,1000,10338,6993.0,10,70,4,4,1.0,1000,5,1,true,87
730,3452,10341,1000,10341,6993.0,10,70,4,4,1.0,1000,5,1,true,87
730,3453,10344,1000,10344,6993.0,10,70,4,4,1.0,1000,5,1,true,87
730,3454,10347,1000,10347,6993.0,10,70,4,4,1.0,1000,5,1,true,87
730,3455,10350,1000,10350,6993.0,10,70,4,4,1.0,1000,5,1,true,87
730,3456,10353,1000,10353,6993.0,10,70,4,4,1.0,1000,5,1,true,87
730,3457,10356,1000,10356,6993.0,10,70,4,4,1.0,1000,5,1,true,87
730,3458,10359,1000,10359,6993.0,10,70,4,4,1.0,1000,5,1,true,87
730,3459,10362,1000,10362,6993.0,10,70,4,4,1.0,1000,5,1,true,87
730,3460,10365,1000,10365,6993.0,10,70,4,4,1.0,1000,5,1,true,87
730,3461,10368,1000,10368,6993.0,10,70,4,4,1.0,1000,5,1,true,87
730,3462,10371,1000,10371,6993.0,10,70,4,4,1.0,1000,5,1,true,87
730,3463,10374,1000,10374,6993.0,10,70,4,4,1.0,1000,5,1,true,87
730,3464,10377,1000,10377,6993.0,10,70,4,4,1.0,1000,5,1,true,87
730,3465,10380,1000,10380,6993.0,10,70,4,4,1.0,1000,5,1,true,87
730,3466,10383,1000,10383,6993.0,10,70,4,4,1.0,1000,5,1,true,87
730,3467,10386,1000,10386,6993.0,10,70,4,4,1.0,1000,5,1,true,87
730,3468,10389,1000,10389,6993.0,10,70,4,4,1.0,1000,5,1,true,87
730,3469,10392,1000,10392,6993.0,10,70,4,4,1.0,1000,5,1,true,87
730,3470,10395,1000,10395,6993.0,10,70,4,4,1.0,1000,5,1,true,87
730,3471,10398,1000,10398,6993.0,10,70,4,4,1.0,1000,5,1,true,87
730,3472,10401,1000,10401,6993.0,10,70,4,4,1.0,1000,5,1,true,87
730,3473,10404,1000,10404,6993.0,10,70,4,4,1.0,1000,5,1,true,87
730,3474,10407,1000,10407,6993.0,10,70,4,4,1.0,1000,5,1,true,87
730,3475,10410,1000,10410,6993.0,10,70,4,4,1.0,1000,5,1,true,87
730,3476,10413,1000,10413,6993.0,10,70,4,4,1.0,1000,5,1,true,87
730,3477,10416,1000,10416,6993.0,10,70,4,4,1.0,1000,5,1,true,87
730,3478,10419,1000,10419,6993.0,10,70,4,4,1.0,1000,5,1,true,87
730,3479,10422,1000,10422,6993.0,10,70,4,4,1.0,1000,5,1,true,87
730,3480,10425,1000,10425,6993.0,10,70,4,4,1.0,1000,5,1,true,87
730,3481,10428,1000,10428,6993.0,10,70,4,4,1.0,1000,5,1,true,87
730,3482,10430,1000,10430,6993.0,10,70,4,4,1.0,1000,5,1,true,87
730,3483,10433,1000,10433,6993.0,10,70,4,4,1.0,1000,5,1,true,87
730,3484,10437,1000,10437,6993.0,10,70,4,4,1.0,1000,5,1,true,87
730,3485,10440,1000,10440,6993.0,10,70,4,4,1.0,1000,5,1,true,87
730,3486,10443,1000,10443,6993.0,10,70,4,4,1.0,1000,5,1,true,87
730,3487,10446,1000,10446,6993.0,10,70,4,4,1.0,1000,5,1,true,87
730,3488,10449,1000,10449,6993.0,10,70,4,4,1.0,1000,5,1,true,87
730,3489,10452,1000,10452,6993.0,10,70,4,4,1.0,1000,5,1,true,87
730,3490,10455,1000,10455,6993.0,10,70,4,4,1.0,1000,5,1,true,87
730,3491,10458,1000,10458,6993.0,10,70,4,4,1.0,1000,5,1,true,87
730,3492,10461,1000,10461,6993.0,10,70,4,4,1.0,1000,5,1,true,87
730,3493,10464,1000,10464,6993.0,10,70,4,4,1.0,1000,5,1,true,87
730,3494,10467,1000,10467,6993.0,10,70,4,4,1.0,1000,5,1,true,87
730,3495,10470,1000,10470,6993.0,10,70,4,4,1.0,1000,5,1,true,87
730,3496,10473,1000,10473,6993.0,10,70,4,4,1.0,1000,5,1,true,87
730,3497,10476,1000,10476,6993.0,10,70,4,4,1.0,1000,5,1,true,87
730,3498,10479,1000,10479,6993.0,10,70,4,4,1.0,1000,5,1,true,87
730,3499,10482,1000,10482,6993.0,10,70,4,4,1.0,1000,5,1,true,87
730,3500,10485,1000,10485,6993.0,10,70,4,4,1.0,1000,5,1,true,87
730,3501,10488,1000,10488,6993.0,10,70,4,4,1.0,1000,5,1,true,87
730,3502,10491,1000,10491,6993.0,10,70,4,4,1.0,1000,5,1,true,87
730,3503,10494,1000,10494,6993.0,10,70,4,4,1.0,1000,5,1,true,87
730,3504,10497,1000,10497,6993.0,10,70,4,4,1.0,1000,5,1,true,87
730,3505,10500,1000,10500,6993.0,10,70,4,4,1.0,1000,5,1,true,87
730,3506,10503,1000,10503,6993.0,10,70,4,4,1.0,1000,5,1,true,87
730,3507,10506,1000,10506,6993.0,10,70,4,4,1.0,1000,5,1,true,87
730,3508,10509,1000,10509,6993.0,10,70,4,4,1.0,1000,5,1,true,87
730,3509,10512,1000,10512,6993.0,10,70,4,4,1.0,1000,5,1,true,87
730,3510,10515,1000,10515,6993.0,10,70,4,4,1.0,1000,5,1,true,87
730,3511,10518,1000,10518,6993.0,10,70,4,4,1.0,1000,5,1,true,87
730,3512,10521,1000,10521,6993.0,10,70,4,4,1.0,1000,5,1,true,87
730,3513,10524,1000,10524,6993.0,10,70,4,4,1.0,1000,5,1,true,87
730,3515,10530,1000,10530,6993.0,10,70,4,4,1.0,1000,5,1,true,87
730,3515,10530,1000,10530,6993.0,10,70,4,4,1.0,1000,5,1,true,87
730,3516,10533,1000,10533,6993.0,10,70,4,4,1.0,1000,5,1,true,87
730,3517,10536,1000,10536,6993.0,10,70,4,4,1.0,1000,5,1,true,87
730,3518,10539,1000,10539,6993.0,10,70,4,4,1.0,1000,5,1,true,87
730,3519,10542,1000,10542,6993.0,10,70,4,4,1.0,1000,5,1,true,87
730,3520,10545,1000,10545,6993.0,10,70,4,4,1.0,1000,5,1,true,87
730,3521,10548,1000,10548,6993.0,10,70,4,4,1.0,1000,5,1,true,87
730,3522,10551,1000,10551,6993.0,10,70,4,4,1.0,1000,5,1,true,87
730,3523,10554,1000,10554,6993.0,10,70,4,4,1.0,1000,5,1,true,87
730,3524,10557,1000,10557,6993.0,10,70,4,4,1.0,1000,5,1,true,87
730,3525,10560,1000,10560,6993.0,10,70,4,4,1.0,1000,5,1,true,87
730,3526,10563,1000,10563,6993.0,10,70,4,4,1.0,1000,5,1,true,87
730,3527,10566,1000,10566,6993.0,10,70,4,4,1.0,1000,5,1,true,87
730,3528,10569,1000,10569,6993.0,10,70,4,4,1.0,1000,5,1,true,87
730,3529,10572,1000,10572,6993.0,10,70,4,4,1.0,1000,5,1,true,87
730,3530,10575,1000,10575,6993.0,10,70,4,4,1.0,1000,5,1,true,87
730,3531,10578,1000,10578,6993.0,10,70,4,4,1.0,1000,5,1,true,87
730,3532,10581,1000,10581,6993.0,10,70,4,4,1.0,1000,5,1,true,87
730,3533,10584,1000,10584,6993.0,10,70,4,4,1.0,1000,5,1,true,87
730,3534,10587,1000,10587,6993.0,10,70,4,4,1.0,1000,5,1,true,87
730,3535,10590,1000,10590,6993.0,10,70,4,4,1.0,1000,5,1,true,87
730,3536,10593,1000,10593,6993.0,10,70,4,4,1.0,1000,5,1,true,87
730,3537,10596,1000,10596,6993.0,10,70,4,4,1.0,1000,5,1,true,87
730,3538,10599,1000,10599,6993.0,10,70,4,4,1.0,1000,5,1,true,87
730,3539,10602,1000,10602,6993.0,10,70,4,4,1.0,1000,5,1,true,87
730,3540,10605,1000,10605,6993.0,10,70,4,4,1.0,1000,5,1,true,87
730,3541,10608,1000,10608,6993.0,10,70,4,4,1.0,1000,5,1,true,87
730,3542,10611,1000,10611,6993.0,10,70,4,4,1.0,1000,5,1,true,87
730,3543,10614,1000,10614,6993.0,10,70,4,4,1.0,1000,5,1,true,87
730,3544,10617,1000,10617,6993.0,10,70,4,4,1.0,1000,5,1,true,87
730,3545,10620,1000,10620,6993.0,10,70,4,4,1.0,1000,5,1,true,87
730,3546,10623,1000,10623,6993.0,10,70,4,4,1.0,1000,5,1,true,87
730,3547,10626,1000,10626,6993.0,10,70,4,4,1.0,1000,5,1,true,87
730,3548,10629,1000,10629,6993.0,10,70,4,4,1.0,1000,5,1,true,87
730,3549,10632,1000,10632,6993.0,10,70,4,4,1.0,1000,5,1,true,87
730,3550,10635,1000,10635,6993.0,10,70,4,4,1.0,1000,5,1,true,87
730,3551,10638,1000,10638,6993.0,10,70,4,4,1.0,1000,5,1,true,87
730,3552,10641,1000,10641,6993.0,10,70,4,4,1.0,1000,5,1,true,87
730,3553,10644,1000,10644,6993.0,10,70,4,4,1.0,1000,5,1,true,87
730,3554,10647,1000,10647,6993.0,10,70,4,4,1.0,1000,5,1,true,87
730,3555,10650,1000,10650,6993.0,10,70,4,4,1.0,1000,5,1,true,87
730,3556,10653,1000,10653,6993.0,10,70,4,4,1.0,1000,5,1,true,87
730,3557,10656,1000,10656,6993.0,10,70,4,4,1.0,1000,5,1,true,87
730,3558,10659,1000,10659,6993.0,10,70,4,4,1.0,1000,5,1,true,87
730,3559,10662,1000,10662,6993.0,10,70,4,4,1.0,1000,5,1,true,87
730,3560,10665,1000,10665,6993.0,10,70,4,4,1.0,1000,5,1,true,87
730,3561,10668,1000,10668,6993.0,10,70,4,4,1.0,1000,5,1,true,87
730,3562,10671,1000,10671,6993.0,10,70,4,4,1.0,1000,5,1,true,87
730,3563,10674,1000,10674,6993.0,10,70,4,4,1.0,1000,5,1,true,87
730,3564,10677,1000,10677,6993.0,10,70,4,4,1.0,1000,5,1,true,87
730,3565,10680,1000,10680,6993.0,10,70,4,4,1.0,1000,5,1,true,87
730,3566,10683,1000,10683,6993.0,10,70,4,4,1.0,1000,5,1,true,87
730,3567,10686,1000,10686,6993.0,10,70,4,4,1.0,1000,5,1,true,87
730,3568,10689,1000,10689,6993.0,10,70,4,4,1.0,1000,5,1,true,87
730,3569,10692,1000,10692,6993.0,10,70,4,4,1.0,1000,5,1,true,87
730,3570,10695,1000,10695,6993.0,10,70,4,4,1.0,1000,5,1,true,87
730,3571,10698,1000,10698,6993.0,10,70,4,4,1.0,1000,5,1,true,87
730,3572,10701,1000,10701,6993.0,10,70,4,4,1.0,1000,5,1,true,87
730,3573,10704,1000,10704,6993.0,10,70,4,4,1.0,1000,5,1,true,87
730,3574,10707,1000,10707,6993.0,10,70,4,4,1.0,1000,5,1,true,87
730,3575,10710,1000,10710,6993.0,10,70,4,4,1.0,1000,5,1,true,87
730,3576,10713,1000,10713,6993.0,10,70,4,4,1.0,1000,5,1,true,87
730,3577,10716,1000,10716,6993.0,10,70,4,4,1.0,1000,5,1,true,87
730,3578,10719,1000,10719,6993.0,10,70,4,4,1.0,1000,5,1,true,87
730,3579,10722,1000,10722,6993.0,10,70,4,4,1.0,1000,5,1,true,87
730,3580,10725,1000,10725,6993.0,10,70,4,4,1.0,1000,5,1,true,87
730,3581,10727,1000,10727,6993.0,10,70,4,4,1.0,1000,5,1,true,87
730,3582,10730,1000,10730,6993.0,10,70,4,4,1.0,1000,5,1,true,87
730,3583,10733,1000,10733,6993.0,10,70,4,4,1.0,1000,5,1,true,87
730,3584,10736,1000,10736,6993.0,10,70,4,4,1.0,1000,5,1,true,87
730,3585,10739,1000,10739,6993.0,10,70,4,4,1.0,1000,5,1,true,87
730,3586,10742,1000,10742,6993.0,10,70,4,4,1.0,1000,5,1,true,87
730,3587,10745,1000,10745,6993.0,10,70,4,4,1.0,1000,5,1,true,87
730,3588,10748,1000,10748,6993.0,10,70,4,4,1.0,1000,5,1,true,87
730,3589,10751,1000,10751,6993.0,10,70,4,4,1.0,1000,5,1,true,87
730,3590,10754,1000,10754,6993.0,10,70,4,4,1.0,1000,5,1,true,87
730,3592,10760,1000,10760,6993.0,10,70,4,4,1.0,1000,5,1,true,87
730,3592,10760,1000,10760,6993.0,10,70,4,4,1.0,1000,5,1,true,87
730,3593,10763,1000,10763,6993.0,10,70,4,4,1.0,1000,5,1,true,87
730,3594,10766,1000,10766,6993.0,10,70,4,4,1.0,1000,5,1,true,87
730,3595,10769,1000,10769,6993.0,10,70,4,4,1.0,1000,5,1,true,87
730,3596,10772,1000,10772,6993.0,10,70,4,4,1.0,1000,5,1,true,87
730,3597,10775,1000,10775,6993.0,10,70,4,4,1.0,1000,5,1,true,87
730,3598,10778,1000,10778,6993.0,10,70,4,4,1.0,1000,5,1,true,87
730,3599,10781,1000,10781,6993.0,10,70,4,4,1.0,1000,5,1,true,87
730,3600,10784,1000,10784,6993.0,10,70,4,4,1.0,1000,5,1,true,87
730,3601,10787,1000,10787,6993.0,10,70,4,4,1.0,1000,5,1,true,87
730,3602,10790,1000,10790,6993.0,10,70,4,4,1.0,1000,5,1,true,87
730,3603,10793,1000,10793,6993.0,10,70,4,4,1.0,1000,5,1,true,87
730,3604,10796,1000,10796,6993.0,10,70,4,4,1.0,1000,5,1,true,87
730,3605,10799,1000,10799,6993.0,10,70,4,4,1.0,1000,5,1,true,87
730,3606,10802,1000,10802,6993.0,10,70,4,4,1.0,1000,5,1,true,87
730,3607,10805,1000,10805,6993.0,10,70,4,4,1.0,1000,5,1,true,87
730,3608,10808,1000,10808,6993.0,10,70,4,4,1.0,1000,5,1,true,87
730,3609,10811,1000,10811,6993.0,10,70,4,4,1.0,1000,5,1,true,87
730,3610,10814,1000,10814,6993.0,10,70,4,4,1.0,1000,5,1,true,87
730,3611,10817,1000,10817,6993.0,10,70,4,4,1.0,1000,5,1,true,87
730,3612,10820,1000,10820,6993.0,10,70,4,4,1.0,1000,5,1,true,87
730,3613,10823,1000,10823,6993.0,10,70,4,4,1.0,1000,5,1,true,87
730,3614,10826,1000,10826,6993.0,10,70,4,4,1.0,1000,5,1,true,87
730,3615,10829,1000,10829,6993.0,10,70,4,4,1.0,1000,5,1,true,87
730,3616,10832,1000,10832,6993.0,10,70,4,4,1.0,1000,5,1,true,87
730,3617,10835,1000,10835,6993.0,10,70,4,4,1.0,1000,5,1,true,87
730,3618,10838,1000,10838,6993.0,10,70,4,4,1.0,1000,5,1,true,87
730,3619,10841,1000,10841,6993.0,10,70,4,4,1.0,1000,5,1,true,87
730,3620,10844,1000,10844,6993.0,10,70,4,4,1.0,1000,5,1,true,87
730,3621,10847,1000,10847,6993.0,10,70,4,4,1.0,1000,5,1,true,87
730,3622,10850,1000,10850,6993.0,10,70,4,4,1.0,1000,5,1,true,87
730,3623,10853,1000,10853,6993.0,10,70,4,4,1.0,1000,5,1,true,87
730,3624,10856,1000,10856,6993.0,10,70,4,4,1.0,1000,5,1,true,87
730,3625,10859,1000,10859,6993.0,10,70,4,4,1.0,1000,5,1,true,87
730,3626,10862,1000,10862,6993.0,10,70,4,4,1.0,1000,5,1,true,87
730,3627,10865,1000,10865,6993.0,10,70,4,4,1.0,1000,5,1,true,87
730,3628,10868,1000,10868,6993.0,10,70,4,4,1.0,1000,5,1,true,87
730,3629,10871,1000,10871,6993.0,10,70,4,4,1.0,1000,5,1,true,87
730,3630,10874,1000,10874,6993.0,10,70,4,4,1.0,1000,5,1,true,87
730,3631,10877,1000,10877,6993.0,10,70,4,4,1.0,1000,5,1,true,87
730,3633,10883,1000,10883,6993.0,10,70,4,4,1.0,1000,5,1,true,87
730,3633,10883,1000,10883,6993.0,10,70,4,4,1.0,1000,5,1,true,87
730,3634,10886,1000,10886,6993.0,10,70,4,4,1.0,1000,5,1,true,87
730,3635,10889,1000,10889,6993.0,10,70,4,4,1.0,1000,5,1,true,87
730,3636,10892,1000,10892,6993.0,10,70,4,4,1.0,1000,5,1,true,87
730,3637,10895,1000,10895,6993.0,10,70,4,4,1.0,1000,5,1,true,87
730,3638,10898,1000,10898,6993.0,10,70,4,4,1.0,1000,5,1,true,87
730,3639,10901,1000,10901,6993.0,10,70,4,4,1.0,1000,5,1,true,87
730,3640,10904,1000,10904,6993.0,10,70,4,4,1.0,1000,5,1,true,87
730,3641,10907,1000,10907,6993.0,10,70,4,4,1.0,1000,5,1,true,87
730,3642,10910,1000,10910,6993.0,10,70,4,4,1.0,1000,5,1,true,87
730,3643,10913,1000,10913,6993.0,10,70,4,4,1.0,1000,5,1,true,87
730,3644,10916,1000,10916,6993.0,10,70,4,4,1.0,1000,5,1,true,87
730,3645,10919,1000,10919,6993.0,10,70,4,4,1.0,1000,5,1,true,87
730,3646,10922,1000,10922,6993.0,10,70,4,4,1.0,1000,5,1,true,87
730,3647,10925,1000,10925,6993.0,10,70,4,4,1.0,1000,5,1,true,87
730,3648,10928,1000,10928,6993.0,10,70,4,4,1.0,1000,5,1,true,87
730,3649,10931,1000,10931,6993.0,10,70,4,4,1.0,1000,5,1,true,87
730,3650,10934,1000,10934,6993.0,10,70,4,4,1.0,1000,5,1,true,87
730,3651,10937,1000,10937,6993.0,10,70,4,4,1.0,1000,5,1,true,87
730,3652,10940,1000,10940,6993.0,10,70,4,4,1.0,1000,5,1,true,87
730,3653,10944,1000,10944,6993.0,10,70,4,4,1.0,1000,5,1,true,87
730,3654,10947,1000,10947,6993.0,10,70,4,4,1.0,1000,5,1,true,87
730,3655,10950,1000,10950,6993.0,10,70,4,4,1.0,1000,5,1,true,87
730,3656,10953,1000,10953,6993.0,10,70,4,4,1.0,1000,5,1,true,87
730,3657,10956,1000,10956,6993.0,10,70,4,4,1.0,1000,5,1,true,87
730,3658,10959,1000,10959,6993.0,10,70,4,4,1.0,1000,5,1,true,87
730,3659,10962,1000,10962,6993.0,10,70,4,4,1.0,1000,5,1,true,87
730,3660,10965,1000,10965,6993.0,10,70,4,4,1.0,1000,5,1,true,87
730,3661,10968,1000,10968,6993.0,10,70,4,4,1.0,1000,5,1,true,87
730,3662,10971,1000,10971,6993.0,10,70,4,4,1.0,1000,5,1,true,87
730,3663,10974,1000,10974,6993.0,10,70,4,4,1.0,1000,5,1,true,87
730,3664,10977,1000,10977,6993.0,10,70,4,4,1.0,1000,5,1,true,87
730,3665,10980,1000,10980,6993.0,10,70,4,4,1.0,1000,5,1,true,87
730,3666,10983,1000,10983,6993.0,10,70,4,4,1.0,1000,5,1,true,87
730,3667,10986,1000,10986,6993.0,10,70,4,4,1.0,1000,5,1,true,87
730,3668,10989,1000,10989,6993.0,10,70,4,4,1.0,1000,5,1,true,87
730,3669,10992,1000,10992,6993.0,10,70,4,4,1.0,1000,5,1,true,87
730,3670,10995,1000,10995,6993.0,10,70,4,4,1.0,1000,5,1,true,87
730,3671,10998,1000,10998,6993.0,10,70,4,4,1.0,1000,5,1,true,87
730,3672,11001,1000,11001,6993.0,10,70,4,4,1.0,1000,5,1,true,87
730,3673,11004,1000,11004,6993.0,10,70,4,4,1.0,1000,5,1,true,87
730,3674,11007,1000,11007,6993.0,10,70,4,4,1.0,1000,5,1,true,87
730,3675,11010,1000,11010,6993.0,10,70,4,4,1.0,1000,5,1,true,87
730,3676,11013,1000,11013,6993.0,10,70,4,4,1.0,1000,5,1,true,87
730,3677,11016,1000,11016,6993.0,10,70,4,4,1.0,1000,5,1,true,87
730,3678,11019,1000,11019,6993.0,10,70,4,4,1.0,1000,5,1,true,87
730,3679,11022,1000,11022,6993.0,10,70,4,4,1.0,1000,5,1,true,87
730,3680,11025,1000,11025,6993.0,10,70,4,4,1.0,1000,5,1,true,87
730,3681,11028,1000,11028,6993.0,10,70,4,4,1.0,1000,5,1,true,87
730,3682,11031,1000,11031,6993.0,10,70,4,4,1.0,1000,5,1,true,87
730,3683,11034,1000,11034,6993.0,10,70,4,4,1.0,1000,5,1,true,87
730,3684,11037,1000,11037,6993.0,10,70,4,4,1.0,1000,5,1,true,87
730,3685,11040,1000,11040,6993.0,10,70,4,4,1.0,1000,5,1,true,87
730,3686,11043,1000,11043,6993.0,10,70,4,4,1.0,1000,5,1,true,87
730,3687,11046,1000,11046,6993.0,10,70,4,4,1.0,1000,5,1,true,87
730,3688,11049,1000,11049,6993.0,10,70,4,4,1.0,1000,5,1,true,87
730,3689,11052,1000,11052,6993.0,10,70,4,4,1.0,1000,5,1,true,87
730,3690,11055,1000,11055,6993.0,10,70,4,4,1.0,1000,5,1,true,87
730,3691,11059,1000,11059,6993.0,10,70,4,4,1.0,1000,5,1,true,87
730,3692,11062,1000,11062,6993.0,10,70,4,4,1.0,1000,5,1,true,87
730,3693,11065,1000,11065,6993.0,10,70,4,4,1.0,1000,5,1,true,87
730,3694,11068,1000,11068,6993.0,10,70,4,4,1.0,1000,5,1,true,87
730,3695,11071,1000,11071,6993.0,10,70,4,4,1.0,1000,5,1,true,87
730,3696,11074,1000,11074,6993.0,10,70,4,4,1.0,1000,5,1,true,87
730,3697,11077,1000,11077,6993.0,10,70,4,4,1.0,1000,5,1,true,87
730,3698,11080,1000,11080,6993.0,10,70,4,4,1.0,1000,5,1,true,87
730,3699,11083,1000,11083,6993.0,10,70,4,4,1.0,1000,5,1,true,87
730,3700,11086,1000,11086,6993.0,10,70,4,4,1.0,1000,5,1,true,87
730,3701,11089,1000,11089,6993.0,10,70,4,4,1.0,1000,5,1,true,87
730,3702,11092,1000,11092,6993.0,10,70,4,4,1.0,1000,5,1,true,87
730,3703,11095,1000,11095,6993.0,10,70,4,4,1.0,1000,5,1,true,87
730,3704,11098,1000,11098,6993.0,10,70,4,4,1.0,1000,5,1,true,87
730,3705,11101,1000,11101,6993.0,10,70,4,4,1.0,1000,5,1,true,87
730,3706,11104,1000,11104,6993.0,10,70,4,4,1.0,1000,5,1,true,87
730,3707,11107,1000,11107,6993.0,10,70,4,4,1.0,1000,5,1,true,87
730,3708,11110,1000,11110,6993.0,10,70,4,4,1.0,1000,5,1,true,87
730,3709,11113,1000,11113,6993.0,10,70,4,4,1.0,1000,5,1,true,87
730,3710,11116,1000,11116,6993.0,10,70,4,4,1.0,1000,5,1,true,87
730,3711,11119,1000,11119,6993.0,10,70,4,4,1.0,1000,5,1,true,87
730,3712,11122,1000,11122,6993.0,10,70,4,4,1.0,1000,5,1,true,87
730,3713,11125,1000,11125,6993.0,10,70,4,4,1.0,1000,5,1,true,87
730,3714,11128,1000,11128,6993.0,10,70,4,4,1.0,1000,5,1,true,87
730,3715,11131,1000,11131,6993.0,10,70,4,4,1.0,1000,5,1,true,87
730,3716,11134,1000,11134,6993.0,10,70,4,4,1.0,1000,5,1,true,87
730,3717,11137,1000,11137,6993.0,10,70,4,4,1.0,1000,5,1,true,87
730,3718,11140,1000,11140,6993.0,10,70,4,4,1.0,1000,5,1,true,87
730,3719,11143,1000,11143,6993.0,10,70,4,4,1.0,1000,5,1,true,87
730,3720,11146,1000,11146,6993.0,10,70,4,4,1.0,1000,5,1,true,87
730,3721,11149,1000,11149,6993.0,10,70,4,4,1.0,1000,5,1,true,87
730,3722,11152,1000,11152,6993.0,10,70,4,4,1.0,1000,5,1,true,87
730,3723,11155,1000,11155,6993.0,10,70,4,4,1.0,1000,5,1,true,87
730,3724,11158,1000,11158,6993.0,10,70,4,4,1.0,1000,5,1,true,87
730,3725,11161,1000,11161,6993.0,10,70,4,4,1.0,1000,5,1,true,87
730,3726,11163,1000,11163,6993.0,10,70,4,4,1.0,1000,5,1,true,87
730,3727,11166,1000,11166,6993.0,10,70,4,4,1.0,1000,5,1,true,87
730,3728,11169,1000,11169,6993.0,10,70,4,4,1.0,1000,5,1,true,87
730,3729,11172,1000,11172,6993.0,10,70,4,4,1.0,1000,5,1,true,87
730,3730,11175,1000,11175,6993.0,10,70,4,4,1.0,1000,5,1,true,87
730,3731,11178,1000,11178,6993.0,10,70,4,4,1.0,1000,5,1,true,87
730,3732,11181,1000,11181,6993.0,10,70,4,4,1.0,1000,5,1,true,87
730,3733,11184,1000,11184,6993.0,10,70,4,4,1.0,1000,5,1,true,87
730,3734,11187,1000,11187,6993.0,10,70,4,4,1.0,1000,5,1,true,87
730,3735,11190,1000,11190,6993.0,10,70,4,4,1.0,1000,5,1,true,87
730,3736,11193,1000,11193,6993.0,10,70,4,4,1.0,1000,5,1,true,87
730,3737,11196,1000,11196,6993.0,10,70,4,4,1.0,1000,5,1,true,87
730,3738,11199,1000,11199,6993.0,10,70,4,4,1.0,1000,5,1,true,87
730,3739,11202,1000,11202,6993.0,10,70,4,4,1.0,1000,5,1,true,87
730,3740,11205,1000,11205,6993.0,10,70,4,4,1.0,1000,5,1,true,87
730,3741,11208,1000,11208,6993.0,10,70,4,4,1.0,1000,5,1,true,87
730,3742,11211,1000,11211,6993.0,10,70,4,4,1.0,1000,5,1,true,87
730,3743,11214,1000,11214,6993.0,10,70,4,4,1.0,1000,5,1,true,87
730,3744,11217,1000,11217,6993.0,10,70,4,4,1.0,1000,5,1,true,87
730,3745,11220,1000,11220,6993.0,10,70,4,4,1.0,1000,5,1,true,87
730,3746,11223,1000,11223,6993.0,10,70,4,4,1.0,1000,5,1,true,87
730,3747,11226,1000,11226,6993.0,10,70,4,4,1.0,1000,5,1,true,87
730,3748,11229,1000,11229,6993.0,10,70,4,4,1.0,1000,5,1,true,87
730,3749,11232,1000,11232,6993.0,10,70,4,4,1.0,1000,5,1,true,87
730,3750,11235,1000,11235,6993.0,10,70,4,4,1.0,1000,5,1,true,87
730,3751,11238,1000,11238,6993.0,10,70,4,4,1.0,1000,5,1,true,87
730,3752,11241,1000,11241,6993.0,10,70,4,4,1.0,1000,5,1,true,87
730,3753,11244,1000,11244,6993.0,10,70,4,4,1.0,1000,5,1,true,87
730,3754,11247,1000,11247,6993.0,10,70,4,4,1.0,1000,5,1,true,87
730,3755,11250,1000,11250,6993.0,10,70,4,4,1.0,1000,5,1,true,87
730,3756,11253,1000,11253,6993.0,10,70,4,4,1.0,1000,5,1,true,87
730,3757,11256,1000,11256,6993.0,10,70,4,4,1.0,1000,5,1,true,87
730,3758,11259,1000,11259,6993.0,10,70,4,4,1.0,1000,5,1,true,87
730,3759,11262,1000,11262,6993.0,10,70,4,4,1.0,1000,5,1,true,87
730,3760,11265,1000,11265,6993.0,10,70,4,4,1.0,1000,5,1,true,87
730,3761,11268,1000,11268,6993.0,10,70,4,4,1.0,1000,5,1,true,87
730,3762,11271,1000,11271,6993.0,10,70,4,4,1.0,1000,5,1,true,87
730,3763,11274,1000,11274,6993.0,10,70,4,4,1.0,1000,5,1,true,87
730,3764,11277,1000,11277,6993.0,10,70,4,4,1.0,1000,5,1,true,87
730,3765,11280,1000,11280,6993.0,10,70,4,4,1.0,1000,5,1,true,87
730,3766,11283,1000,11283,6993.0,10,70,4,4,1.0,1000,5,1,true,87
730,3767,11286,1000,11286,6993.0,10,70,4,4,1.0,1000,5,1,true,87
730,3768,11289,1000,11289,6993.0,10,70,4,4,1.0,1000,5,1,true,87
730,3769,11292,1000,11292,6993.0,10,70,4,4,1.0,1000,5,1,true,87
730,3770,11295,1000,11295,6993.0,10,70,4,4,1.0,1000,5,1,true,87
730,3771,11298,1000,11298,6993.0,10,70,4,4,1.0,1000,5,1,true,87
730,3772,11301,1000,11301,6993.0,10,70,4,4,1.0,1000,5,1,true,87
730,3773,11304,1000,11304,6993.0,10,70,4,4,1.0,1000,5,1,true,87
730,3774,11307,1000,11307,6993.0,10,70,4,4,1.0,1000,5,1,true,87
730,3775,11310,1000,11310,6993.0,10,70,4,4,1.0,1000,5,1,true,87
730,3776,11313,1000,11313,6993.0,10,70,4,4,1.0,1000,5,1,true,87
730,3777,11316,1000,11316,6993.0,10,70,4,4,1.0,1000,5,1,true,87
730,3778,11319,1000,11319,6993.0,10,70,4,4,1.0,1000,5,1,true,87
730,3779,11322,1000,11322,6993.0,10,70,4,4,1.0,1000,5,1,true,87
730,3780,11325,1000,11325,6993.0,10,70,4,4,1.0,1000,5,1,true,87
730,3781,11328,1000,11328,6993.0,10,70,4,4,1.0,1000,5,1,true,87
730,3782,11331,1000,11331,6993.0,10,70,4,4,1.0,1000,5,1,true,87
730,3783,11334,1000,11334,6993.0,10,70,4,4,1.0,1000,5,1,true,87
730,3784,11337,1000,11337,6993.0,10,70,4,4,1.0,1000,5,1,true,87
730,3785,11340,1000,11340,6993.0,10,70,4,4,1.0,1000,5,1,true,87
730,3786,11343,1000,11343,6993.0,10,70,4,4,1.0,1000,5,1,true,87
730,3787,11346,1000,11346,6993.0,10,70,4,4,1.0,1000,5,1,true,87
730,3788,11349,1000,11349,6993.0,10,70,4,4,1.0,1000,5,1,true,87
730,3789,11352,1000,11352,6993.0,10,70,4,4,1.0,1000,5,1,true,87
730,3790,11355,1000,11355,6993.0,10,70,4,4,1.0,1000,5,1,true,87
730,3791,11358,1000,11358,6993.0,10,70,4,4,1.0,1000,5,1,true,87
730,3792,11361,1000,11361,6993.0,10,70,4,4,1.0,1000,5,1,true,87
730,3793,11364,1000,11364,6993.0,10,70,4,4,1.0,1000,5,1,true,87
730,3794,11367,1000,11367,6993.0,10,70,4,4,1.0,1000,5,1,true,87
730,3795,11370,1000,11370,6993.0,10,70,4,4,1.0,1000,5,1,true,87
730,3796,11373,1000,11373,6993.0,10,70,4,4,1.0,1000,5,1,true,87
730,3797,11376,1000,11376,6993.0,10,70,4,4,1.0,1000,5,1,true,87
730,3798,11379,1000,11379,6993.0,10,70,4,4,1.0,1000,5,1,true,87
730,3799,11382,1000,11382,6993.0,10,70,4,4,1.0,1000,5,1,true,87
730,3800,11385,1000,11385,6993.0,10,70,4,4,1.0,1000,5,1,true,87
730,3801,11388,1000,11388,6993.0,10,70,4,4,1.0,1000,5,1,true,87
730,3802,11391,1000,11391,6993.0,10,70,4,4,1.0,1000,5,1,true,87
730,3803,11394,1000,11394,6993.0,10,70,4,4,1.0,1000,5,1,true,87
730,3804,11397,1000,11397,6993.0,10,70,4,4,1.0,1000,5,1,true,87
730,3805,11400,1000,11400,6993.0,10,70,4,4,1.0,1000,5,1,true,87
730,3806,11403,1000,11403,6993.0,10,70,4,4,1.0,1000,5,1,true,87
730,3807,11406,1000,11406,6993.0,10,70,4,4,1.0,1000,5,1,true,87
730,3808,11409,1000,11409,6993.0,10,70,4,4,1.0,1000,5,1,true,87
730,3809,11412,1000,11412,6993.0,10,70,4,4,1.0,1000,5,1,true,87
730,3810,11415,1000,11415,6993.0,10,70,4,4,1.0,1000,5,1,true,87
730,3811,11418,1000,11418,6993.0,10,70,4,4,1.0,1000,5,1,true,87
730,3812,11421,1000,11421,6993.0,10,70,4,4,1.0,1000,5,1,true,87
730,3813,11424,1000,11424,6993.0,10,70,4,4,1.0,1000,5,1,true,87
730,3814,11427,1000,11427,6993.0,10,70,4,4,1.0,1000,5,1,true,87
730,3815,11430,1000,11430,6993.0,10,70,4,4,1.0,1000,5,1,true,87
730,3816,11433,1000,11433,6993.0,10,70,4,4,1.0,1000,5,1,true,87
730,3817,11435,1000,11435,6993.0,10,70,4,4,1.0,1000,5,1,true,87
730,3818,11438,1000,11438,6993.0,10,70,4,4,1.0,1000,5,1,true,87
730,3819,11441,1000,11441,6993.0,10,70,4,4,1.0,1000,5,1,true,87
730,3820,11444,1000,11444,6993.0,10,70,4,4,1.0,1000,5,1,true,87
730,3821,11447,1000,11447,6993.0,10,70,4,4,1.0,1000,5,1,true,87
730,3822,11450,1000,11450,6993.0,10,70,4,4,1.0,1000,5,1,true,87
730,3823,11453,1000,11453,6993.0,10,70,4,4,1.0,1000,5,1,true,87
730,3824,11456,1000,11456,6993.0,10,70,4,4,1.0,1000,5,1,true,87
730,3825,11459,1000,11459,6993.0,10,70,4,4,1.0,1000,5,1,true,87
730,3826,11462,1000,11462,6993.0,10,70,4,4,1.0,1000,5,1,true,87
730,3827,11465,1000,11465,6993.0,10,70,4,4,1.0,1000,5,1,true,87
730,3828,11468,1000,11468,6993.0,10,70,4,4,1.0,1000,5,1,true,87
730,3829,11471,1000,11471,6993.0,10,70,4,4,1.0,1000,5,1,true,87
730,3830,11474,1000,11474,6993.0,10,70,4,4,1.0,1000,5,1,true,87
730,3831,11477,1000,11477,6993.0,10,70,4,4,1.0,1000,5,1,true,87
730,3832,11480,1000,11480,6993.0,10,70,4,4,1.0,1000,5,1,true,87
730,3833,11483,1000,11483,6993.0,10,70,4,4,1.0,1000,5,1,true,87
730,3834,11486,1000,11486,6993.0,10,70,4,4,1.0,1000,5,1,true,87
730,3835,11489,1000,11489,6993.0,10,70,4,4,1.0,1000,5,1,true,87
730,3836,11492,1000,11492,6993.0,10,70,4,4,1.0,1000,5,1,true,87
730,3837,11495,1000,11495,6993.0,10,70,4,4,1.0,1000,5,1,true,87
730,3838,11498,1000,11498,6993.0,10,70,4,4,1.0,1000,5,1,true,87
730,3839,11501,1000,11501,6993.0,10,70,4,4,1.0,1000,5,1,true,87
730,3840,11504,1000,11504,6993.0,10,70,4,4,1.0,1000,5,1,true,87
730,3841,11507,1000,11507,6993.0,10,70,4,4,1.0,1000,5,1,true,87
730,3842,11510,1000,11510,6993.0,10,70,4,4,1.0,1000,5,1,true,87
730,3843,11513,1000,11513,6993.0,10,70,4,4,1.0,1000,5,1,true,87
